P_X:
0
0
0
0
0
0
0
0
0
0
0
0
0
0
0
0
0
0
0
0
0
0
0
0
0
0
0
0
0
0
0
0
0
0
0
0
0
0
0
0
0
0
0
0
0
10
10
634
634
821
821
821
821
821
821
821
821
821
821
821
821
821
821
821
821
821
821
821
0
0
0
0
0
0
0
113
113
425
425
500
500
530
530
530
530
530
530
530
530
530
530
530
530
530
530
530
530
530
530
530
0
0
0
0
0
0
0
0
0
0
0
0
0
0
0
0
0
0
0
0
0
0
0
0
0
0
0
0
0
0
0
0
0
0
0
0
0
0
0
0
0
0
0
0
0
0
0
0
0
0
0
0
0
0
0
0
0
0
0
0
0
0
0
0
0
0
0
0
0
0
0
0
0
0
0
0
0
0
0
0
0
0
0
0
0
0
0
0
0
0
0
0
0
0
0
0
0
0
0
0
0
0
0
0
0
0
0
0
0
0
0
0
0
0
0
0
0
0
0
0
0
0
0
0
0
0
0
0
0
0
0
0
0
0
0
0
0
0
0
0
0
0
0
0
0
0
0
0
0
0
0
0
0
0
0
0
0
0
0
0
0
0
0
0
0
0
0
0
0
0
0
0
0
0
0
0
0
0
0
0
0
0
0
0
0
0
0
0
0
0
0
0
0
0
0
0
0
0
0
0
0
0
0
0
0
0
0
0
0
0
0
0
0
0
0
0
0
0
0
0
0
0
0
0
0
0
0
0
0
0
0
0
0
0
0
0
0
0
0
0
0
0
0
0
0
0
0
0
0
0
0
0
0
0
0
0
0
0
0
0
0
0
0
0
0
0
0
0
0
0
0
0
0
0
0
0
0
0
0
0
0
0
0
0
0
0
0
0
0
0
0
0
0
0
0
0
0
0
0
0
0
0
0
0
0
0
0
0
0
0
0
0
0
0
0
0
0
0
0
0
0
0
0
0
0
0
0
0
0
0
0
0
0
0
0
0
0
0
0
0
0
7
7
123
123
134
134
134
134
167
167
179
179
179
179
179
179
179
179
179
179
179
179
179
179
179
179
179
179
179
179
179
0
0
0
0
0
0
0
0
0
0
0
0
0
0
0
0
0
0
0
0
0
0
0
0
0
0
0
0
0
0
0
0
0
0
0
0
0
0
0
1
1
1
1
1
1
1
1
1
1
1
1
1
1
1
1
1
1
1
0
0
0
0
0
0
0
0
0
0
0
0
0
0
0
0
0
0
0
0
0
0
0
0
0
0
0
0
0
0
0
0
0
0
0
0
0
0
0
0
0
0
0
0
0
0
0
0
0
0
0
0
0
0
0
0
0
0
0
0
0
0
0
0
0
0
0
0
0
0
0
0
0
0
0
39
39
39
39
39
39
39
39
39
39
39
39
39
39
39
39
39
39
39
0
0
0
0
0
0
0
0
0
0
0
0
0
0
0
0
0
0
0
0
0
0
0
0
0
0
0
0
0
39
39
39
39
39
39
39
39
39
39
39
39
39
39
39
39
39
39
39
0
0
0
0
0
0
0
0
0
0
0
0
0
0
0
0
0
0
0
0
0
0
0
0
0
0
0
0
0
0
0
134
134
648
648
746
746
746
746
746
746
746
746
746
746
746
746
746
746
746
746
746
746
746
0
0
0
0
0
0
0
0
0
0
0
0
0
0
0
0
0
0
0
0
0
0
0
0
0
0
0
0
0
0
0
0
0
0
0
0
0
0
0
0
0
0
0
0
0
0
0
0
0
0
0
0
0
590
590
590
590
590
590
590
590
590
590
590
590
590
590
590
590
590
590
590
191
241
241
281
281
281
281
281
281
281
281
281
281
281
281
281
281
281
281
281
281
281
281
281
281
281
281
309
309
309
309
309
309
309
309
309
309
309
309
337
337
352
352
352
352
352
352
352
352
352
352
352
352
352
352
352
352
352
352
352
0
0
0
0
0
0
0
0
0
0
0
0
0
0
0
0
0
PROXIMITY:
0
0
0
0
0
0
0
0
0
0
0
0
0
0
0
0
0
0
0
0
0
0
0
0
0
0
0
0
0
0
0
0
0
0
0
0
0
0
0
0
0
0
0
25
25
106
106
159
159
173
173
159
159
156
156
150
150
141
141
129
129
112
112
95
95
76
76
58
58
45
45
50
50
84
84
121
121
145
145
150
150
152
152
137
137
96
96
69
69
58
58
49
49
34
34
28
28
9
9
0
0
0
0
0
0
0
0
0
0
0
0
0
0
0
0
0
0
0
0
0
0
0
0
0
0
0
0
0
0
0
0
0
0
0
0
0
0
0
0
0
0
0
0
0
0
4
4
0
0
0
0
0
0
0
0
0
0
0
0
0
0
0
0
0
0
0
0
0
0
0
0
0
0
0
0
0
0
0
0
0
0
0
0
0
0
0
0
0
0
0
0
7
7
9
9
11
11
14
14
46
46
0
0
0
0
0
0
0
0
0
0
0
0
0
0
0
0
0
0
0
0
0
0
0
0
0
0
0
0
0
0
0
0
0
0
3
3
17
17
23
23
25
25
21
21
9
9
4
4
5
5
15
15
71
71
79
79
76
76
81
81
76
76
18
18
9
9
23
23
0
0
0
0
0
0
0
0
0
0
0
0
0
0
0
0
0
0
0
0
0
0
0
0
0
0
0
0
0
0
0
0
0
0
0
0
0
0
0
0
0
0
0
0
0
0
0
0
0
0
0
0
0
0
0
0
0
0
0
0
0
0
0
0
0
0
0
0
0
0
0
0
0
0
0
0
0
0
0
0
0
0
0
0
0
0
0
0
0
0
0
0
0
0
0
0
0
0
0
0
0
0
0
0
0
0
0
0
0
0
0
0
0
0
0
0
0
0
0
0
0
0
0
0
0
0
0
0
0
0
0
0
0
0
0
0
0
0
0
0
0
0
0
0
0
0
0
0
0
0
0
0
0
0
0
0
0
0
0
0
0
0
0
0
0
0
0
0
0
0
66
66
105
105
122
122
123
123
122
122
126
126
127
127
127
127
123
123
88
88
18
18
0
0
0
0
0
0
0
0
0
0
0
0
0
0
2
2
20
20
34
34
58
58
82
82
91
91
90
90
87
87
77
77
57
57
31
31
14
14
0
0
0
0
0
0
0
0
20
20
86
86
102
102
90
90
55
55
6
6
0
0
0
0
0
0
0
0
0
0
0
0
0
0
0
0
0
0
0
0
0
0
0
0
0
0
0
0
0
0
0
0
0
0
0
0
0
0
0
0
0
0
0
0
0
0
0
0
0
0
0
0
0
0
0
0
0
0
0
0
0
0
0
0
29
29
0
0
20
20
33
33
22
22
30
30
33
33
17
17
3
3
2
2
44
44
112
112
87
87
65
65
55
55
43
43
8
8
0
0
0
0
0
0
0
0
0
0
0
0
0
0
0
0
0
0
0
0
0
0
0
0
0
0
0
0
0
0
0
0
0
0
59
59
112
112
0
0
3
3
37
37
33
33
67
67
10
10
36
36
0
0
0
0
0
0
0
0
0
0
0
0
0
0
0
0
0
0
0
0
0
0
76
76
52
52
0
0
0
0
5
5
69
69
123
123
160
160
167
167
135
135
101
101
81
81
97
97
141
141
136
136
0
0
89
89
101
101
0
0
0
0
0
0
0
0
0
0
0
0
0
0
0
0
0
0
0
0
0
0
0
0
0
0
76
76
85
85
100
100
47
47
0
0
29
29
37
37
0
0
0
0
0
0
0
0
0
0
0
0
156
156
142
142
141
141
135
135
125
125
135
135
129
129
127
127
126
126
128
128
132
132
135
135
134
134
135
135
133
133
133
133
135
135
132
132
131
131
131
131
132
132
133
133
135
135
137
137
136
136
136
136
132
132
135
135
133
133
139
139
140
140
127
127
75
75
0
0
0
0
0
0
62
62
102
102
0
0
0
0
0
0
0
0
0
0
0
0
0
0
0
0
0
0
0
0
