P_X:
0
0
0
0
0
0
0
0
0
0
0
0
0
0
0
0
0
0
0
0
0
0
0
0
0
0
0
0
0
0
0
0
0
0
0
0
0
0
0
0
0
0
0
0
0
4000
4000
5989
5989
5989
5989
5989
5989
5989
6913
6913
6913
6913
6913
6913
7000
7000
7000
7000
7000
7000
7000
7000
7000
7000
7000
7000
7000
7000
7000
7000
7000
7000
7000
7000
7000
7000
7000
7000
7000
7000
7000
7000
7000
7000
7000
7000
7000
7000
7000
7000
7000
7000
7000
7000
7000
7000
7000
7000
7000
7000
7000
7000
7000
7000
7000
7000
7000
7000
7000
7000
7000
7000
7000
7000
7000
7000
7000
7000
7000
7000
7000
7000
7000
7000
7000
7000
7000
7000
7000
7000
7000
3000
3000
3000
3000
3000
3000
3000
3000
3184
3184
4760
4760
6660
6660
7000
4987
6763
6763
6763
6763
7000
7000
7000
7000
7000
7000
7000
7000
7000
7000
7000
7000
7000
7000
7000
7000
7000
7000
7000
7000
7000
7000
7000
7000
7000
7000
7000
7000
7000
7000
7000
7000
7000
7000
7000
7000
7000
7000
7000
7000
7000
7000
7000
7000
7000
7000
7000
7000
7000
7000
7000
7000
7000
7000
7000
7000
7000
7000
7000
7000
7000
7000
6136
6136
6136
6136
6136
6136
6136
6136
6136
6136
6136
6136
4760
4760
4760
4760
4760
4760
4760
4760
4760
4760
4760
1760
72
72
72
72
156
156
304
304
376
376
624
624
624
624
668
668
668
668
716
716
716
716
716
716
716
716
716
716
812
812
964
964
964
964
964
964
964
964
964
964
964
964
964
964
964
964
964
964
964
964
964
964
964
964
812
812
864
864
864
864
864
864
864
864
864
864
864
864
580
580
580
580
624
624
624
624
624
624
624
624
624
624
624
624
624
624
376
376
376
376
376
376
416
416
536
536
536
536
536
536
536
536
536
536
536
536
536
536
536
536
536
536
416
416
416
416
416
416
452
452
452
452
452
452
492
492
492
492
492
492
492
492
492
492
492
492
452
452
452
452
452
452
452
452
452
452
452
452
452
452
492
492
492
492
492
492
492
492
492
492
492
492
492
492
492
492
492
492
492
492
492
492
492
492
492
492
492
492
376
376
452
452
452
452
452
452
536
536
536
536
536
536
536
536
536
536
536
536
452
452
452
452
452
452
452
452
452
452
452
452
452
452
452
452
492
492
492
492
580
580
580
580
580
580
580
580
580
580
580
580
416
416
416
416
416
416
416
416
416
416
416
416
416
416
416
416
416
416
452
452
492
492
492
492
492
492
492
492
492
492
492
492
492
492
492
492
492
492
492
492
492
492
492
492
492
492
492
492
376
376
376
376
452
452
452
452
452
452
452
452
452
452
452
452
452
452
452
452
452
452
452
452
452
452
452
452
452
452
452
452
452
452
452
452
452
452
452
452
376
376
376
376
376
376
416
416
452
452
452
452
452
452
452
452
452
452
452
452
452
452
452
452
452
452
452
452
492
492
492
492
492
492
492
492
492
492
492
492
376
376
416
416
416
416
416
416
416
416
492
492
492
492
492
492
492
492
492
492
492
492
452
452
452
452
492
492
492
492
492
492
492
492
492
492
492
492
376
376
376
376
376
376
376
376
452
452
452
452
452
452
452
452
452
452
452
452
452
452
452
452
416
416
452
452
452
452
452
452
452
452
492
492
492
492
492
492
492
492
492
492
492
492
416
416
452
452
452
452
452
452
452
452
452
452
452
452
452
452
452
452
452
452
452
452
452
452
452
452
452
452
452
452
452
452
452
452
452
452
452
452
452
452
492
492
492
492
492
492
492
492
492
492
492
492
416
416
416
416
416
416
416
416
492
492
492
492
492
492
492
492
492
492
492
492
416
416
416
416
416
416
416
416
416
416
416
416
492
492
492
492
492
492
492
492
492
492
492
492
492
416
452
452
452
452
452
452
452
452
452
452
492
492
492
492
492
492
492
492
492
492
492
492
376
376
376
376
452
452
452
452
452
452
452
452
452
452
452
452
452
452
452
452
452
452
536
536
536
536
536
536
536
536
536
536
536
536
536
536
492
492
492
492
492
492
492
492
492
492
492
492
376
376
416
416
416
416
452
452
452
452
452
452
452
452
452
452
452
452
452
452
452
452
ACC_X:
0.27
0.29
0.29
0.24
0.20
0.20
0.24
0.24
0.33
0.34
0.34
0.27
0.27
0.21
0.21
0.24
0.24
0.27
0.29
0.29
0.33
0.33
0.32
0.25
0.25
0.17
0.17
0.18
0.18
0.27
0.27
0.31
0.30
0.30
0.24
0.24
0.23
0.23
0.25
0.26
0.26
0.28
0.28
0.26
0.26
0.24
0.24
0.24
0.13
0.13
-0.64
-0.64
-1.34
-0.56
-0.56
0.43
0.43
0.62
0.62
0.57
0.57
0.38
0.10
0.10
0.08
0.08
0.18
0.13
0.13
0.04
0.04
-0.04
-0.04
0.06
0.06
0.11
-0.04
-0.04
-0.10
-0.10
-0.15
-0.15
-0.20
-0.27
-0.27
-0.33
-0.33
-0.33
-0.33
-0.31
-0.32
-0.32
-0.36
-0.36
-0.38
-0.38
-0.37
-0.35
-0.35
-0.33
-0.33
-0.27
-0.27
-0.15
-0.15
-0.06
0.00
0.00
0.05
0.05
0.07
0.07
0.07
0.07
-0.00
0.02
0.02
0.03
-0.01
-0.01
-0.07
-0.07
-0.12
-0.12
-0.12
-0.09
-0.09
-0.04
-0.04
-0.00
-0.00
-0.19
-0.19
-0.95
-1.05
-1.05
-0.27
-0.27
-0.41
-0.41
-0.60
0.08
0.08
0.31
0.31
-0.00
-0.00
-0.19
-0.19
-0.27
-0.37
-0.37
-0.45
-0.45
-0.41
-0.41
-0.41
-0.41
-0.29
-0.21
-0.21
-0.16
-0.16
-0.16
-0.16
-0.16
-0.11
-0.11
-0.05
-0.05
-0.01
-0.00
-0.00
-0.01
-0.01
-0.06
-0.06
-0.14
-0.14
-0.19
-0.19
-0.19
0.24
0.24
1.40
2.62
2.62
2.85
2.85
1.94
1.94
0.76
0.76
0.01
-0.20
-0.20
-0.14
-0.14
-0.00
-0.00
0.10
0.11
0.11
0.08
0.08
0.05
0.05
0.01
-0.06
-0.06
-0.16
-0.16
-0.57
-0.57
-1.33
-1.55
-1.55
-0.83
-0.83
-0.00
-0.00
0.21
0.21
0.04
-0.23
-0.23
-0.83
-0.83
-1.13
-0.49
-0.49
0.00
0.00
-0.15
-0.15
-0.29
-0.29
-0.18
-0.03
-0.03
-0.17
-0.17
-0.54
-0.54
-0.75
-0.54
-0.54
-0.31
-0.31
-0.36
-0.36
-0.37
-0.28
-0.28
-0.31
-0.31
-0.38
-0.38
-0.45
-0.49
-0.49
-0.42
-0.42
-0.27
-0.27
-0.16
-0.16
-0.16
-0.16
-0.20
-0.29
-0.33
-0.33
-0.28
-0.28
-0.22
-0.22
-0.21
-0.21
-0.26
-0.29
-0.29
-0.27
-0.27
-0.24
-0.24
-0.23
-0.26
-0.26
-0.28
-0.28
-0.27
-0.27
-0.25
-0.25
-0.24
-0.25
-0.25
-0.27
-0.27
-0.26
-0.26
-0.26
-0.26
-0.25
-0.25
-0.25
-0.26
-0.26
-0.26
-0.25
-0.25
-0.25
-0.25
-0.25
-0.25
-0.25
-0.25
-0.25
-0.25
-0.25
-0.25
-0.25
-0.25
-0.25
-0.25
-0.26
-0.26
-0.26
-0.26
-0.23
-0.22
-0.22
-0.23
-0.23
-0.24
-0.24
-0.24
-0.24
-0.25
-0.26
-0.26
-0.26
-0.26
-0.25
-0.24
-0.24
-0.24
-0.24
-0.25
-0.25
-0.25
-0.25
-0.26
-0.25
-0.25
-0.24
-0.24
-0.24
-0.24
-0.24
-0.24
-0.24
-0.24
-0.24
-0.25
-0.25
-0.25
-0.25
-0.25
-0.25
-0.25
-0.25
-0.25
-0.25
-0.25
-0.25
-0.25
-0.25
-0.24
-0.24
-0.24
-0.24
-0.24
-0.25
-0.25
-0.25
-0.25
-0.25
-0.25
-0.25
-0.25
-0.25
-0.25
-0.25
-0.25
-0.25
-0.25
-0.24
-0.24
-0.24
-0.24
-0.24
-0.24
-0.25
-0.25
-0.25
-0.25
-0.25
-0.25
-0.25
-0.25
-0.25
-0.25
-0.25
-0.25
-0.25
-0.25
-0.24
-0.24
-0.24
-0.24
-0.24
-0.25
-0.25
-0.25
-0.25
-0.25
-0.25
-0.25
-0.25
-0.25
-0.25
-0.25
-0.25
-0.25
-0.25
-0.25
-0.25
-0.24
-0.24
-0.25
-0.25
-0.25
-0.25
-0.25
-0.25
-0.25
-0.25
-0.25
-0.25
-0.25
-0.25
-0.24
-0.24
-0.24
-0.24
-0.25
-0.25
-0.25
-0.25
-0.25
-0.25
-0.25
-0.25
-0.25
-0.25
-0.25
-0.25
-0.25
-0.25
-0.25
-0.25
-0.25
-0.25
-0.25
-0.25
-0.25
-0.25
-0.25
-0.25
-0.25
-0.25
-0.25
-0.25
-0.25
-0.25
-0.25
-0.25
-0.25
-0.25
-0.25
-0.25
-0.25
-0.25
-0.25
-0.25
-0.25
-0.25
-0.25
-0.25
-0.25
-0.25
-0.25
-0.25
-0.25
-0.25
-0.25
-0.25
-0.25
-0.25
-0.25
-0.25
-0.25
-0.25
-0.25
-0.25
-0.25
-0.25
-0.25
-0.25
-0.25
-0.25
-0.25
-0.25
-0.25
-0.25
-0.25
-0.25
-0.25
-0.25
-0.25
-0.25
-0.25
-0.25
-0.25
-0.25
-0.25
-0.25
-0.25
-0.25
-0.25
-0.25
-0.25
-0.25
-0.25
-0.25
-0.25
-0.25
-0.25
-0.25
-0.25
-0.25
-0.25
-0.25
-0.25
-0.25
-0.25
-0.25
-0.25
-0.25
-0.25
-0.25
-0.25
-0.25
-0.25
-0.25
-0.25
-0.25
-0.25
-0.25
-0.25
-0.25
-0.25
-0.25
-0.25
-0.25
-0.25
-0.25
-0.25
-0.25
-0.25
-0.25
-0.25
-0.25
-0.25
-0.25
-0.25
-0.25
-0.25
-0.25
-0.25
-0.25
-0.25
-0.25
-0.25
-0.25
-0.25
-0.25
-0.25
-0.25
-0.25
-0.25
-0.25
-0.24
-0.24
-0.24
-0.24
-0.24
-0.24
-0.25
-0.25
-0.25
-0.25
-0.25
-0.25
-0.25
-0.25
-0.25
-0.25
-0.24
-0.24
-0.24
-0.24
-0.25
-0.25
-0.25
-0.25
-0.25
-0.25
-0.25
-0.25
-0.25
-0.25
-0.25
-0.25
-0.25
-0.25
-0.25
-0.25
-0.25
-0.25
-0.25
-0.25
-0.25
-0.25
-0.25
-0.25
-0.25
-0.25
-0.25
-0.25
-0.25
-0.25
-0.25
-0.25
-0.25
-0.25
-0.25
-0.25
-0.25
-0.25
-0.25
-0.25
-0.25
-0.25
-0.25
-0.25
-0.25
-0.25
-0.25
-0.25
-0.25
-0.25
-0.25
-0.25
-0.25
-0.25
-0.25
-0.25
-0.25
-0.25
-0.25
-0.25
-0.25
-0.25
-0.25
-0.25
-0.25
-0.25
-0.25
-0.25
-0.25
-0.25
-0.25
-0.25
-0.25
-0.25
-0.25
-0.25
-0.25
-0.25
-0.25
-0.25
-0.25
-0.25
-0.25
-0.25
-0.25
-0.25
-0.25
-0.25
-0.25
-0.25
-0.25
-0.25
-0.25
-0.25
-0.25
-0.25
-0.25
-0.25
-0.25
-0.25
-0.25
-0.25
-0.25
-0.25
-0.25
-0.25
-0.25
-0.25
-0.25
-0.25
-0.25
-0.25
-0.25
-0.25
-0.25
-0.25
-0.25
-0.25
-0.25
-0.25
-0.25
-0.25
-0.25
-0.25
-0.25
-0.25
-0.25
-0.25
-0.25
-0.25
-0.25
-0.25
-0.25
-0.25
-0.25
-0.25
-0.25
-0.25
-0.25
-0.25
-0.25
-0.25
-0.25
-0.25
-0.25
-0.25
-0.25
-0.25
-0.25
-0.25
-0.25
-0.25
-0.25
-0.25
-0.25
-0.25
-0.25
-0.25
-0.25
-0.25
-0.25
-0.25
-0.25
-0.25
-0.25
-0.25
-0.25
-0.25
-0.25
-0.25
-0.25
-0.25
-0.25
-0.25
-0.25
-0.25
-0.25
-0.25
-0.25
-0.25
-0.25
-0.25
-0.25
-0.25
-0.25
-0.25
-0.25
-0.25
-0.25
-0.25
-0.25
-0.25
-0.25
-0.25
-0.25
-0.25
-0.25
-0.25
-0.25
-0.25
-0.25
-0.25
-0.25
-0.25
-0.25
-0.25
-0.25
-0.25
-0.25
-0.25
-0.25
-0.25
-0.25
-0.25
-0.25
-0.25
-0.25
-0.25
-0.25
-0.25
-0.25
-0.25
-0.25
-0.25
-0.25
-0.25
-0.25
-0.25
-0.25
-0.25
-0.25
-0.25
-0.25
-0.25
-0.25
-0.25
-0.25
-0.25
-0.25
-0.25
-0.25
-0.25
-0.25
-0.25
-0.25
-0.25
-0.25
-0.25
-0.25
-0.25
-0.25
-0.25
ACC_Y:
0.06
0.07
0.07
0.01
0.04
0.04
0.13
0.13
0.15
0.09
0.09
0.02
0.02
0.02
0.02
0.06
0.06
0.08
0.10
0.10
0.11
0.11
0.10
0.05
0.05
0.02
0.02
0.06
0.06
0.12
0.12
0.12
0.08
0.08
0.04
0.04
0.05
0.05
0.09
0.07
0.07
0.04
0.04
0.05
0.05
0.04
-0.08
-0.08
-0.06
-0.06
0.30
0.30
0.35
0.06
0.06
0.11
0.11
0.30
0.30
0.21
0.21
0.10
0.14
0.14
0.22
0.22
0.13
0.14
0.14
0.24
0.24
0.22
0.22
0.23
0.23
0.25
0.27
0.27
0.27
0.27
0.29
0.29
0.32
0.26
0.26
0.22
0.22
0.23
0.23
0.24
0.24
0.24
0.20
0.20
0.15
0.15
0.09
0.09
0.09
0.03
0.03
-0.10
-0.10
-0.15
-0.15
-0.15
-0.15
-0.15
-0.11
-0.11
-0.15
-0.15
-0.15
-0.15
-0.11
-0.07
-0.07
-0.06
-0.08
-0.08
-0.09
-0.09
-0.05
-0.05
-0.04
-0.07
-0.07
-0.10
-0.10
-0.09
-0.09
-0.14
-0.14
-0.74
-1.43
-1.43
-2.19
-2.19
-1.80
-1.80
-0.48
0.29
0.29
0.28
0.28
-0.45
-0.45
-0.43
-0.43
-0.09
0.03
0.03
0.03
0.03
-0.03
-0.03
-0.03
-0.03
0.02
0.06
0.06
0.08
0.08
0.08
0.08
0.05
0.04
0.04
0.05
0.05
0.06
0.07
0.07
0.06
0.06
0.03
0.03
-0.07
-0.07
-0.23
-0.36
-0.36
-0.81
-0.81
-1.89
-3.21
-3.21
-3.51
-3.51
-2.28
-2.28
-0.70
-0.70
0.16
0.24
0.24
0.02
0.02
-0.12
-0.12
-0.12
-0.07
-0.07
-0.07
-0.07
-0.07
-0.07
-0.03
0.05
0.05
0.22
0.22
-0.08
-0.08
-0.80
-0.87
-0.87
-0.28
-0.28
0.17
0.17
0.16
0.16
-0.00
-0.07
-0.07
0.11
0.11
0.29
0.24
0.24
0.14
0.14
0.17
0.17
0.04
0.04
-0.37
-0.46
-0.46
-0.27
-0.27
-0.14
-0.14
-0.18
-0.19
-0.19
-0.05
-0.05
-0.00
-0.00
-0.04
0.01
0.01
0.06
0.06
0.02
0.02
-0.04
-0.15
-0.15
-0.25
-0.25
-0.25
-0.25
-0.21
-0.21
-0.21
-0.21
-0.21
-0.24
-0.23
-0.23
-0.22
-0.22
-0.22
-0.22
-0.22
-0.22
-0.21
-0.22
-0.22
-0.23
-0.23
-0.22
-0.22
-0.22
-0.23
-0.23
-0.23
-0.23
-0.22
-0.22
-0.21
-0.21
-0.22
-0.22
-0.22
-0.23
-0.23
-0.22
-0.22
-0.22
-0.22
-0.21
-0.21
-0.21
-0.22
-0.22
-0.22
-0.21
-0.21
-0.21
-0.21
-0.21
-0.21
-0.21
-0.20
-0.20
-0.20
-0.20
-0.20
-0.20
-0.20
-0.20
-0.20
-0.20
-0.20
-0.18
-0.18
-0.16
-0.17
-0.17
-0.17
-0.17
-0.18
-0.18
-0.19
-0.19
-0.20
-0.20
-0.20
-0.20
-0.20
-0.20
-0.20
-0.20
-0.20
-0.20
-0.21
-0.21
-0.20
-0.20
-0.20
-0.19
-0.19
-0.18
-0.18
-0.18
-0.18
-0.18
-0.18
-0.18
-0.19
-0.19
-0.19
-0.19
-0.20
-0.20
-0.20
-0.21
-0.21
-0.20
-0.20
-0.20
-0.19
-0.19
-0.18
-0.18
-0.18
-0.18
-0.18
-0.18
-0.18
-0.19
-0.19
-0.19
-0.19
-0.20
-0.20
-0.20
-0.20
-0.20
-0.20
-0.20
-0.20
-0.20
-0.19
-0.19
-0.19
-0.19
-0.19
-0.19
-0.19
-0.19
-0.19
-0.19
-0.20
-0.20
-0.20
-0.20
-0.19
-0.19
-0.19
-0.19
-0.19
-0.19
-0.19
-0.19
-0.19
-0.19
-0.19
-0.19
-0.19
-0.19
-0.19
-0.19
-0.20
-0.20
-0.20
-0.20
-0.20
-0.19
-0.19
-0.19
-0.19
-0.19
-0.19
-0.19
-0.19
-0.19
-0.19
-0.19
-0.19
-0.19
-0.19
-0.20
-0.20
-0.20
-0.20
-0.20
-0.19
-0.19
-0.19
-0.19
-0.19
-0.19
-0.19
-0.19
-0.19
-0.19
-0.19
-0.19
-0.19
-0.19
-0.19
-0.19
-0.19
-0.19
-0.19
-0.19
-0.19
-0.19
-0.19
-0.19
-0.19
-0.19
-0.19
-0.19
-0.19
-0.19
-0.19
-0.19
-0.19
-0.19
-0.19
-0.19
-0.19
-0.19
-0.19
-0.19
-0.19
-0.19
-0.19
-0.19
-0.19
-0.19
-0.19
-0.19
-0.19
-0.19
-0.19
-0.19
-0.19
-0.19
-0.19
-0.19
-0.19
-0.19
-0.19
-0.19
-0.19
-0.19
-0.19
-0.19
-0.19
-0.19
-0.19
-0.19
-0.19
-0.19
-0.19
-0.19
-0.19
-0.19
-0.19
-0.19
-0.19
-0.19
-0.19
-0.19
-0.19
-0.19
-0.19
-0.19
-0.19
-0.19
-0.19
-0.19
-0.19
-0.19
-0.19
-0.19
-0.19
-0.19
-0.19
-0.19
-0.19
-0.19
-0.19
-0.19
-0.19
-0.19
-0.19
-0.19
-0.19
-0.19
-0.19
-0.19
-0.19
-0.19
-0.19
-0.19
-0.19
-0.19
-0.19
-0.19
-0.19
-0.19
-0.19
-0.19
-0.19
-0.19
-0.19
-0.19
-0.19
-0.19
-0.19
-0.19
-0.19
-0.19
-0.19
-0.19
-0.19
-0.19
-0.19
-0.19
-0.19
-0.19
-0.19
-0.19
-0.19
-0.19
-0.19
-0.19
-0.19
-0.19
-0.19
-0.19
-0.19
-0.19
-0.19
-0.19
-0.19
-0.19
-0.19
-0.19
-0.19
-0.19
-0.19
-0.19
-0.19
-0.19
-0.19
-0.19
-0.19
-0.19
-0.19
-0.19
-0.19
-0.19
-0.19
-0.19
-0.19
-0.19
-0.19
-0.19
-0.19
-0.19
-0.19
-0.19
-0.19
-0.19
-0.19
-0.19
-0.19
-0.19
-0.19
-0.19
-0.19
-0.19
-0.19
-0.19
-0.19
-0.19
-0.19
-0.19
-0.19
-0.19
-0.19
-0.19
-0.19
-0.19
-0.19
-0.19
-0.19
-0.19
-0.19
-0.19
-0.19
-0.19
-0.19
-0.19
-0.19
-0.19
-0.19
-0.19
-0.19
-0.19
-0.19
-0.19
-0.19
-0.19
-0.19
-0.19
-0.19
-0.19
-0.19
-0.19
-0.19
-0.19
-0.19
-0.19
-0.19
-0.19
-0.19
-0.19
-0.19
-0.19
-0.19
-0.19
-0.19
-0.19
-0.19
-0.19
-0.19
-0.19
-0.19
-0.19
-0.19
-0.19
-0.19
-0.19
-0.19
-0.19
-0.19
-0.19
-0.19
-0.19
-0.19
-0.19
-0.19
-0.19
-0.19
-0.19
-0.19
-0.19
-0.19
-0.19
-0.19
-0.19
-0.19
-0.19
-0.19
-0.19
-0.19
-0.19
-0.19
-0.19
-0.19
-0.19
-0.19
-0.19
-0.19
-0.19
-0.19
-0.19
-0.19
-0.19
-0.19
-0.19
-0.19
-0.19
-0.19
-0.19
-0.19
-0.19
-0.19
-0.19
-0.19
-0.19
-0.19
-0.19
-0.19
-0.19
-0.19
-0.19
-0.19
-0.19
-0.19
-0.19
-0.19
-0.19
-0.19
-0.19
-0.19
-0.19
-0.19
-0.19
-0.19
-0.19
-0.19
-0.19
-0.19
-0.19
-0.19
-0.19
-0.19
-0.19
-0.19
-0.19
-0.19
-0.19
-0.19
-0.19
-0.19
-0.19
-0.19
-0.19
-0.19
-0.19
-0.19
-0.19
-0.19
-0.19
-0.19
-0.19
-0.19
-0.19
-0.19
-0.19
-0.19
-0.19
-0.19
-0.19
-0.19
-0.19
-0.19
-0.19
-0.19
-0.19
-0.19
-0.19
-0.19
-0.19
-0.19
-0.19
-0.19
-0.19
-0.19
-0.19
-0.19
-0.19
-0.19
-0.19
-0.19
-0.19
-0.19
-0.19
-0.19
-0.19
-0.19
-0.19
-0.19
-0.19
-0.19
-0.19
-0.19
-0.19
-0.19
-0.19
-0.19
-0.19
-0.19
-0.19
-0.19
-0.19
-0.19
-0.19
-0.19
-0.19
-0.19
-0.19
-0.19
-0.19
-0.19
-0.19
-0.19
-0.19
-0.19
-0.19
-0.19
-0.19
-0.19
-0.19
-0.19
-0.19
-0.19
-0.19
-0.19
-0.19
-0.19
-0.19
-0.19
-0.19
-0.19
ACC_Z:
0.97
0.95
0.95
0.90
0.92
0.92
0.97
0.97
1.00
1.00
1.00
0.97
0.97
0.96
0.96
0.99
0.99
1.00
0.97
0.97
0.94
0.94
0.91
0.92
0.92
0.98
0.98
1.02
1.02
1.00
1.00
0.98
0.96
0.96
0.96
0.96
0.97
0.97
1.00
1.03
1.03
1.04
1.04
1.01
1.01
0.97
1.02
1.02
0.55
0.55
0.37
0.37
0.29
-0.05
-0.05
-0.18
-0.18
-0.37
-0.37
-0.22
-0.22
-0.09
0.06
0.06
0.11
0.11
0.09
0.08
0.08
0.07
0.07
0.06
0.06
0.02
0.02
0.01
-0.02
-0.02
-0.01
-0.01
-0.04
-0.04
-0.08
-0.09
-0.09
-0.11
-0.11
-0.11
-0.11
-0.16
-0.18
-0.18
-0.16
-0.16
-0.12
-0.12
-0.12
-0.17
-0.17
-0.12
-0.12
-0.08
-0.08
-0.10
-0.10
-0.06
-0.01
-0.01
-0.01
-0.01
0.02
0.02
0.02
0.02
-0.10
-0.07
-0.07
-0.05
-0.06
-0.06
-0.08
-0.08
-0.13
-0.13
-0.13
-0.10
-0.10
-0.06
-0.06
-0.02
-0.02
-0.21
-0.21
-1.40
-3.11
-3.11
-3.46
-3.46
-1.85
-1.85
0.02
0.27
0.27
0.42
0.42
0.37
0.37
-0.27
-0.27
-0.52
-0.59
-0.59
-0.42
-0.42
-0.28
-0.28
-0.28
-0.28
-0.16
-0.15
-0.15
-0.14
-0.14
-0.14
-0.14
-0.14
-0.12
-0.12
-0.10
-0.10
-0.08
-0.08
-0.08
-0.07
-0.07
-0.10
-0.10
-0.14
-0.14
-0.17
-0.37
-0.37
-0.72
-0.72
-1.37
-2.12
-2.12
-1.74
-1.74
-0.67
-0.67
-0.04
-0.04
0.06
-0.09
-0.09
-0.20
-0.20
-0.23
-0.23
-0.13
-0.01
-0.01
0.06
0.06
0.01
0.01
-0.09
-0.27
-0.27
-0.83
-0.83
-1.76
-1.76
-2.60
-2.67
-2.67
-1.19
-1.19
0.17
0.17
0.30
0.30
0.18
-0.16
-0.16
-1.01
-1.01
-1.46
-0.83
-0.83
-0.36
-0.36
-0.82
-0.82
-1.82
-1.82
-2.00
-1.16
-1.16
-0.34
-0.34
-0.45
-0.45
-1.03
-1.06
-1.06
-0.87
-0.87
-0.92
-0.92
-1.00
-0.94
-0.94
-1.00
-1.00
-1.03
-1.03
-0.94
-0.89
-0.89
-0.93
-0.93
-0.97
-0.97
-0.94
-0.94
-0.94
-0.94
-0.93
-0.96
-0.96
-0.96
-0.94
-0.94
-0.93
-0.93
-0.93
-0.93
-0.94
-0.94
-0.94
-0.95
-0.95
-0.93
-0.93
-0.93
-0.94
-0.94
-0.95
-0.95
-0.94
-0.94
-0.93
-0.93
-0.93
-0.94
-0.94
-0.94
-0.94
-0.94
-0.94
-0.94
-0.94
-0.94
-0.94
-0.94
-0.94
-0.94
-0.94
-0.94
-0.94
-0.94
-0.94
-0.94
-0.94
-0.94
-0.94
-0.94
-0.94
-0.94
-0.94
-0.94
-0.94
-0.95
-0.95
-0.96
-0.96
-0.95
-0.95
-0.95
-0.95
-0.95
-0.96
-0.96
-0.95
-0.95
-0.95
-0.95
-0.95
-0.95
-0.95
-0.95
-0.95
-0.95
-0.94
-0.94
-0.94
-0.94
-0.95
-0.95
-0.95
-0.95
-0.95
-0.95
-0.95
-0.95
-0.95
-0.95
-0.95
-0.95
-0.95
-0.95
-0.95
-0.95
-0.95
-0.95
-0.95
-0.95
-0.95
-0.95
-0.95
-0.94
-0.94
-0.95
-0.95
-0.95
-0.95
-0.95
-0.95
-0.95
-0.95
-0.95
-0.95
-0.95
-0.95
-0.95
-0.95
-0.95
-0.95
-0.95
-0.95
-0.95
-0.95
-0.95
-0.95
-0.95
-0.95
-0.95
-0.95
-0.95
-0.95
-0.95
-0.95
-0.95
-0.95
-0.95
-0.95
-0.95
-0.95
-0.95
-0.95
-0.95
-0.95
-0.95
-0.95
-0.95
-0.95
-0.95
-0.95
-0.95
-0.95
-0.95
-0.95
-0.95
-0.95
-0.95
-0.95
-0.95
-0.95
-0.95
-0.95
-0.95
-0.95
-0.95
-0.95
-0.95
-0.95
-0.95
-0.95
-0.95
-0.95
-0.95
-0.95
-0.95
-0.95
-0.95
-0.95
-0.95
-0.95
-0.95
-0.95
-0.95
-0.95
-0.95
-0.95
-0.95
-0.95
-0.95
-0.95
-0.95
-0.95
-0.95
-0.95
-0.95
-0.95
-0.95
-0.95
-0.95
-0.95
-0.95
-0.95
-0.95
-0.95
-0.95
-0.95
-0.95
-0.95
-0.95
-0.95
-0.95
-0.95
-0.95
-0.95
-0.95
-0.95
-0.95
-0.95
-0.95
-0.95
-0.95
-0.95
-0.95
-0.95
-0.95
-0.95
-0.95
-0.95
-0.95
-0.95
-0.95
-0.95
-0.95
-0.95
-0.95
-0.95
-0.95
-0.95
-0.95
-0.95
-0.95
-0.95
-0.95
-0.95
-0.95
-0.95
-0.95
-0.95
-0.95
-0.95
-0.95
-0.95
-0.95
-0.95
-0.95
-0.95
-0.95
-0.95
-0.95
-0.95
-0.95
-0.95
-0.95
-0.95
-0.95
-0.95
-0.95
-0.95
-0.95
-0.95
-0.95
-0.95
-0.95
-0.95
-0.95
-0.95
-0.95
-0.95
-0.95
-0.95
-0.95
-0.95
-0.95
-0.95
-0.95
-0.95
-0.95
-0.95
-0.95
-0.95
-0.95
-0.95
-0.95
-0.95
-0.95
-0.95
-0.95
-0.95
-0.95
-0.95
-0.95
-0.95
-0.95
-0.95
-0.95
-0.95
-0.95
-0.95
-0.95
-0.95
-0.95
-0.95
-0.95
-0.95
-0.95
-0.95
-0.95
-0.95
-0.95
-0.95
-0.95
-0.95
-0.95
-0.95
-0.95
-0.95
-0.95
-0.95
-0.95
-0.95
-0.95
-0.95
-0.95
-0.95
-0.95
-0.95
-0.95
-0.95
-0.95
-0.95
-0.95
-0.95
-0.95
-0.95
-0.95
-0.95
-0.95
-0.95
-0.95
-0.95
-0.95
-0.95
-0.95
-0.95
-0.95
-0.95
-0.95
-0.95
-0.95
-0.95
-0.95
-0.95
-0.95
-0.95
-0.95
-0.95
-0.95
-0.95
-0.95
-0.95
-0.95
-0.95
-0.95
-0.95
-0.95
-0.95
-0.95
-0.95
-0.95
-0.95
-0.95
-0.95
-0.95
-0.95
-0.95
-0.95
-0.95
-0.95
-0.95
-0.95
-0.95
-0.95
-0.95
-0.95
-0.95
-0.95
-0.95
-0.95
-0.95
-0.95
-0.95
-0.95
-0.95
-0.95
-0.95
-0.95
-0.95
-0.95
-0.95
-0.95
-0.95
-0.95
-0.95
-0.95
-0.95
-0.95
-0.95
-0.95
-0.95
-0.95
-0.95
-0.95
-0.95
-0.95
-0.95
-0.95
-0.95
-0.95
-0.95
-0.95
-0.95
-0.95
-0.95
-0.95
-0.95
-0.95
-0.95
-0.95
-0.95
-0.95
-0.95
-0.95
-0.95
-0.95
-0.95
-0.95
-0.95
-0.95
-0.95
-0.95
-0.95
-0.95
-0.95
-0.95
-0.95
-0.95
-0.95
-0.95
-0.95
-0.95
-0.95
-0.95
-0.95
-0.95
-0.95
-0.95
-0.95
-0.95
-0.95
-0.95
-0.95
-0.95
-0.95
-0.95
-0.95
-0.95
-0.95
-0.95
-0.95
-0.95
-0.95
-0.95
-0.95
-0.95
-0.95
-0.95
-0.95
-0.95
-0.95
-0.95
-0.95
-0.95
-0.95
-0.95
-0.95
-0.95
-0.95
-0.95
-0.95
-0.95
-0.95
-0.95
-0.95
-0.95
-0.95
-0.95
-0.95
-0.95
-0.95
-0.95
-0.95
-0.95
-0.95
-0.95
-0.95
-0.95
-0.95
-0.95
-0.95
-0.95
-0.95
-0.95
-0.95
-0.95
-0.95
-0.95
-0.95
-0.95
-0.95
-0.95
-0.95
-0.95
-0.95
-0.95
-0.95
-0.95
-0.95
-0.95
-0.95
-0.95
-0.95
-0.95
-0.95
-0.95
-0.95
-0.95
-0.95
-0.95
-0.95
-0.95
-0.95
-0.95
-0.95
-0.95
-0.95
-0.95
-0.95
-0.95
-0.95
-0.95
-0.95
-0.95
-0.95
-0.95
-0.95
-0.95
-0.95
-0.95
-0.95
-0.95
-0.95
-0.95
-0.95
-0.95
-0.95
-0.95
-0.95
-0.95
-0.95
-0.95
-0.95
-0.95
-0.95
-0.95
-0.95
-0.95
-0.95
-0.95
-0.95
-0.95
-0.95
-0.95
-0.95
-0.95
-0.95
-0.95
-0.95
-0.95
-0.95
-0.95
-0.95
-0.95
-0.95
-0.95
-0.95
-0.95
PIEZO:
0.00
0.00
0.00
0.00
0.00
0.00
0.00
0.00
0.00
0.00
0.00
0.00
0.00
0.00
0.00
0.00
0.00
0.00
0.00
0.00
0.00
0.00
0.00
0.00
0.00
0.00
0.00
0.00
0.00
0.00
0.00
0.00
0.00
0.00
0.00
0.00
0.00
0.00
0.00
0.00
0.00
0.00
0.00
0.00
2.00
0.00
0.00
0.00
0.00
0.00
0.00
0.00
0.00
0.00
0.00
0.00
0.00
0.00
0.00
0.00
0.00
0.00
0.00
0.00
0.00
0.00
0.00
0.00
0.00
0.00
0.00
0.00
0.00
0.00
0.00
0.00
0.00
0.00
0.00
0.00
0.00
0.00
0.00
0.00
0.00
0.00
0.00
0.00
0.00
0.00
0.00
0.00
0.00
0.00
0.00
0.00
0.00
0.00
0.00
0.00
0.00
0.00
0.00
0.00
0.00
0.00
0.00
0.00
0.00
0.00
0.00
0.00
0.00
0.00
0.00
0.00
0.00
0.00
0.00
0.00
0.00
0.00
0.00
0.00
0.00
0.00
0.00
0.00
0.00
0.00
0.00
0.00
0.00
0.00
0.00
0.00
0.00
0.00
0.00
0.00
0.00
0.00
0.00
0.00
0.00
0.00
0.00
0.00
0.00
0.00
0.00
0.00
0.00
0.00
0.00
0.00
0.00
0.00
0.00
0.00
0.00
0.00
0.00
0.00
0.00
0.00
0.00
0.00
0.00
0.00
0.00
0.00
0.00
0.00
0.00
0.00
0.00
0.00
0.00
0.00
0.00
0.00
0.00
0.00
0.00
0.00
0.00
0.00
0.00
0.00
0.00
0.00
0.00
0.00
0.00
0.00
0.00
0.00
0.00
0.00
0.00
0.00
0.00
0.00
0.00
0.00
0.00
0.00
0.00
0.00
0.00
0.00
0.00
0.00
0.00
0.00
0.00
0.00
0.00
0.00
0.00
0.00
0.00
0.00
0.00
0.00
0.00
0.00
0.00
0.00
0.00
0.00
0.00
0.00
0.00
0.00
0.00
0.00
0.00
0.00
0.00
0.00
0.00
0.00
0.00
0.00
0.00
0.00
0.00
0.00
0.00
0.00
0.00
0.00
0.00
0.00
0.00
0.00
0.00
0.00
0.00
0.00
0.00
0.00
0.00
0.00
0.00
0.00
0.00
0.00
0.00
0.00
0.00
0.00
0.00
0.00
0.00
0.00
0.00
0.00
0.00
0.00
0.00
0.00
0.00
0.00
0.00
0.00
0.00
0.00
0.00
0.00
0.00
0.00
0.00
0.00
0.00
0.00
0.00
0.00
0.00
0.00
0.00
0.00
0.00
0.00
0.00
0.00
0.00
0.00
0.00
0.00
0.00
0.00
0.00
0.00
0.00
0.00
0.00
0.00
0.00
0.00
0.00
0.00
0.00
0.00
0.00
0.00
0.00
0.00
0.00
0.00
0.00
0.00
0.00
0.00
0.00
0.00
0.00
0.00
0.00
0.00
0.00
0.00
0.00
0.00
0.00
0.00
0.00
0.00
0.00
0.00
0.00
0.00
0.00
0.00
0.00
0.00
0.00
0.00
0.00
0.00
0.00
0.00
0.00
0.00
0.00
0.00
0.00
0.00
0.00
0.00
0.00
0.00
0.00
0.00
0.00
0.00
0.00
0.00
0.00
0.00
0.00
0.00
0.00
0.00
0.00
0.00
0.00
0.00
0.00
0.00
0.00
0.00
0.00
0.00
0.00
0.00
0.00
0.00
0.00
0.00
0.00
0.00
0.00
0.00
0.00
0.00
0.00
0.00
0.00
0.00
0.00
0.00
0.00
0.00
0.00
0.00
0.00
0.00
0.00
0.00
0.00
0.00
0.00
0.00
0.00
0.00
0.00
0.00
0.00
0.00
0.00
0.00
0.00
0.00
0.00
0.00
0.00
0.00
0.00
0.00
0.00
0.00
0.00
0.00
0.00
0.00
0.00
0.00
0.00
0.00
0.00
0.00
0.00
0.00
0.00
0.00
0.00
0.00
0.00
0.00
0.00
0.00
0.00
0.00
0.00
0.00
0.00
0.00
0.00
0.00
0.00
0.00
0.00
0.00
0.00
0.00
0.00
0.00
0.00
0.00
0.00
0.00
0.00
0.00
0.00
0.00
0.00
0.00
0.00
0.00
0.00
0.00
0.00
0.00
0.00
0.00
0.00
0.00
0.00
0.00
0.00
0.00
0.00
0.00
0.00
0.00
0.00
0.00
0.00
0.00
0.00
0.00
0.00
0.00
0.00
0.00
0.00
0.00
0.00
0.00
0.00
0.00
0.00
0.00
0.00
0.00
0.00
0.00
0.00
0.00
0.00
0.00
0.00
0.00
0.00
0.00
0.00
0.00
0.00
0.00
0.00
0.00
0.00
0.00
0.00
0.00
0.00
0.00
0.00
0.00
0.00
0.00
0.00
0.00
0.00
0.00
0.00
0.00
0.00
0.00
0.00
0.00
0.00
0.00
0.00
0.00
0.00
0.00
0.00
0.00
0.00
0.00
0.00
0.00
0.00
0.00
0.00
0.00
0.00
0.00
0.00
0.00
0.00
0.00
0.00
0.00
0.00
0.00
0.00
0.00
0.00
0.00
0.00
0.00
0.00
0.00
0.00
0.00
0.00
0.00
0.00
0.00
0.00
0.00
0.00
0.00
0.00
0.00
0.00
0.00
0.00
0.00
0.00
0.00
0.00
0.00
0.00
0.00
0.00
0.00
0.00
0.00
0.00
0.00
0.00
0.00
0.00
0.00
0.00
0.00
0.00
0.00
0.00
0.00
0.00
0.00
0.00
0.00
0.00
0.00
0.00
0.00
0.00
0.00
0.00
0.00
0.00
0.00
0.00
0.00
0.00
0.00
0.00
0.00
0.00
0.00
0.00
0.00
0.00
0.00
0.00
0.00
0.00
0.00
0.00
0.00
0.00
0.00
0.00
0.00
0.00
0.00
0.00
0.00
0.00
0.00
0.00
0.00
0.00
0.00
0.00
0.00
0.00
0.00
0.00
0.00
0.00
0.00
0.00
0.00
0.00
0.00
0.00
0.00
0.00
0.00
0.00
0.00
0.00
0.00
0.00
0.00
0.00
0.00
0.00
0.00
0.00
0.00
0.00
0.00
0.00
0.00
0.00
0.00
0.00
0.00
0.00
0.00
0.00
0.00
0.00
0.00
0.00
0.00
0.00
0.00
0.00
0.00
0.00
0.00
0.00
0.00
0.00
0.00
0.00
0.00
0.00
0.00
0.00
0.00
0.00
0.00
0.00
0.00
0.00
0.00
0.00
0.00
0.00
0.00
0.00
0.00
0.00
0.00
0.00
0.00
0.00
0.00
0.00
0.00
0.00
0.00
0.00
0.00
0.00
0.00
0.00
0.00
0.00
0.00
0.00
0.00
0.00
0.00
0.00
0.00
0.00
0.00
0.00
0.00
0.00
0.00
0.00
0.00
0.00
0.00
0.00
0.00
0.00
0.00
0.00
0.00
0.00
0.00
0.00
0.00
0.00
0.00
0.00
0.00
0.00
0.00
0.00
0.00
0.00
0.00
0.00
0.00
0.00
0.00
0.00
0.00
0.00
0.00
0.00
0.00
0.00
0.00
0.00
0.00
0.00
0.00
0.00
0.00
0.00
0.00
0.00
0.00
0.00
0.00
0.00
0.00
0.00
0.00
0.00
0.00
0.00
0.00
0.00
0.00
0.00
0.00
0.00
0.00
0.00
0.00
0.00
0.00
0.00
0.00
0.00
0.00
0.00
0.00
0.00
0.00
0.00
0.00
0.00
0.00
0.00
0.00
0.00
0.00
0.00
0.00
0.00
0.00
0.00
0.00
0.00
0.00
0.00
PROXIMITY:
88
92
92
91
91
88
88
88
88
88
88
87
87
92
92
88
88
89
89
89
89
90
90
90
90
89
89
88
88
90
90
89
89
89
89
91
91
89
89
87
87
88
88
90
90
243
243
241
241
243
243
247
247
248
248
247
247
247
247
249
249
248
248
248
248
249
249
246
246
248
248
246
246
250
250
247
247
248
248
248
248
248
248
247
247
248
248
248
248
249
249
245
245
248
248
248
248
245
245
245
245
248
248
248
248
247
247
249
249
249
249
248
248
249
249
246
246
245
245
245
245
240
240
234
234
223
223
188
188
0
0
0
0
0
0
0
0
0
0
0
0
0
0
58
58
113
113
146
146
182
182
203
203
216
216
222
222
232
232
241
241
241
241
241
241
235
235
235
235
232
232
229
229
221
221
238
238
244
244
246
246
247
247
240
240
231
231
227
227
229
229
229
229
227
227
226
226
225
225
225
225
221
221
226
226
226
226
202
202
142
142
94
94
124
124
154
154
162
162
170
170
165
165
162
162
165
165
164
164
154
154
146
146
136
136
131
131
122
122
106
106
106
106
108
108
107
107
112
112
117
117
119
119
125
125
125
125
126
126
125
125
127
127
127
127
127
127
124
124
126
126
129
129
132
132
131
131
131
131
128
128
129
129
128
128
132
132
131
131
131
131
129
129
129
129
128
128
129
129
130
130
129
129
129
129
125
125
125
125
124
124
124
124
123
123
125
125
125
125
124
124
121
121
119
119
120
120
121
121
119
119
118
118
119
119
120
120
123
123
119
119
119
119
123
123
121
121
120
120
120
120
121
121
119
119
120
120
118
118
120
120
121
121
119
119
121
121
122
122
120
120
119
119
119
119
119
119
119
119
121
121
121
121
119
119
120
120
119
119
119
119
119
119
122
122
120
120
119
119
121
121
119
119
122
122
120
120
119
119
122
122
119
119
119
119
120
120
120
120
121
121
119
119
121
121
121
121
121
121
123
123
121
121
121
121
120
120
119
119
122
122
121
121
121
121
121
121
120
120
121
121
121
121
120
120
120
120
122
122
119
119
124
124
118
118
119
119
119
119
120
120
121
121
120
120
120
120
118
118
120
120
119
119
120
120
120
120
119
119
120
120
121
121
122
122
119
119
122
122
121
121
122
122
119
119
121
121
122
122
122
122
120
120
119
119
120
120
120
120
120
120
119
119
119
119
121
121
119
119
118
118
121
121
119
119
120
120
119
119
120
120
119
119
121
121
119
119
120
120
121
121
119
119
120
120
119
119
120
120
119
119
119
119
119
119
119
119
120
120
121
121
118
118
121
121
120
120
121
121
121
121
120
120
120
120
119
119
120
120
122
122
119
119
119
119
121
121
120
120
120
120
119
119
120
120
120
120
119
119
120
120
122
122
120
120
120
120
119
119
119
119
120
120
121
121
119
119
122
122
119
119
121
121
120
120
119
119
120
120
119
119
119
119
118
118
119
119
121
121
120
120
121
121
120
120
119
119
120
120
120
120
119
119
120
120
121
121
119
119
121
121
121
121
122
122
120
120
120
120
120
120
120
120
120
120
120
120
121
121
119
119
118
118
120
120
120
120
121
121
119
119
120
120
120
120
119
119
121
121
121
121
120
120
120
120
119
119
120
120
120
120
121
121
119
119
122
122
119
119
121
121
120
120
119
119
120
120
120
120
120
120
119
119
119
119
122
122
118
118
119
119
121
121
121
121
119
119
120
120
119
119
119
119
120
120
119
119
120
120
122
122
120
120
119
119
120
120
119
119
120
120
120
120
121
121
121
121
119
119
120
120
120
120
122
122
120
120
120
120
120
120
121
121
120
120
119
119
119
119
121
121
120
120
120
120
119
119
118
118
120
120
121
121
120
120
120
120
123
123
123
123
119
119
121
121
119
119
121
121
120
120
122
122
120
120
119
119
120
120
119
119
119
119
119
119
120
120
119
119
121
121
118
118
118
118
121
121
120
120
120
120
120
120
119
119
