PIEZO:
0.00
2.00
0.00
21.00
0.00
0.00
0.00
0.00
7.00
8.00
0.00
0.00
2.00
7.00
7.00
0.00
0.00
0.00
2.00
7.00
0.00
0.00
6.00
0.00
0.00
1.00
0.00
0.00
0.00
9.00
0.00
21.00
0.00
0.00
49.00
0.00
17.00
43.00
0.00
11.00
0.00
1.00
0.00
0.00
6.00
0.00
3.00
0.00
439.00
1021.00
1023.00
0.00
0.00
0.00
33.00
0.00
0.00
0.00
15.00
33.00
30.00
48.00
14.00
39.00
44.00
0.00
0.00
21.00
64.00
16.00
0.00
0.00
0.00
0.00
0.00
0.00
51.00
55.00
23.00
2.00
11.00
29.00
32.00
22.00
22.00
17.00
16.00
6.00
1.00
0.00
0.00
0.00
0.00
9.00
0.00
2.00
0.00
0.00
0.00
0.00
0.00
9.00
0.00
0.00
0.00
0.00
21.00
0.00
0.00
0.00
0.00
0.00
2.00
0.00
3.00
0.00
4.00
0.00
0.00
0.00
1.00
8.00
6.00
0.00
0.00
2.00
3.00
10.00
0.00
6.00
0.00
0.00
0.00
0.00
0.00
0.00
2.00
0.00
0.00
20.00
0.00
4.00
44.00
5.00
0.00
0.00
0.00
1.00
0.00
2.00
0.00
0.00
2.00
1.00
4.00
1.00
7.00
3.00
5.00
2.00
4.00
17.00
0.00
3.00
0.00
4.00
0.00
0.00
0.00
0.00
0.00
6.00
0.00
0.00
9.00
0.00
3.00
0.00
2.00
0.00
0.00
0.00
0.00
9.00
0.00
43.00
0.00
0.00
2.00
3.00
0.00
2.00
0.00
2.00
0.00
0.00
0.00
22.00
2.00
9.00
2.00
2.00
0.00
0.00
0.00
0.00
0.00
0.00
0.00
6.00
0.00
0.00
6.00
0.00
0.00
0.00
4.00
3.00
1.00
0.00
0.00
0.00
4.00
3.00
0.00
9.00
0.00
4.00
0.00
2.00
0.00
1.00
0.00
3.00
0.00
15.00
15.00
2.00
0.00
0.00
3.00
0.00
0.00
0.00
17.00
0.00
0.00
1.00
0.00
3.00
0.00
6.00
0.00
0.00
2.00
1.00
0.00
3.00
22.00
18.00
2.00
0.00
6.00
10.00
0.00
0.00
0.00
0.00
7.00
0.00
0.00
2.00
0.00
0.00
0.00
0.00
0.00
26.00
7.00
0.00
0.00
10.00
22.00
1.00
0.00
0.00
5.00
32.00
0.00
0.00
0.00
2.00
0.00
5.00
0.00
0.00
0.00
1.00
0.00
6.00
3.00
0.00
0.00
0.00
7.00
5.00
14.00
12.00
10.00
0.00
1.00
0.00
0.00
0.00
6.00
0.00
0.00
0.00
2.00
0.00
0.00
0.00
1.00
1.00
0.00
3.00
0.00
1.00
3.00
2.00
7.00
1.00
2.00
2.00
0.00
0.00
1.00
5.00
0.00
0.00
0.00
9.00
0.00
26.00
2.00
2.00
5.00
4.00
0.00
0.00
0.00
10.00
0.00
21.00
35.00
4.00
0.00
0.00
0.00
9.00
1.00
1.00
2.00
0.00
2.00
0.00
0.00
0.00
4.00
5.00
0.00
0.00
0.00
0.00
4.00
0.00
3.00
4.00
0.00
0.00
2.00
8.00
0.00
0.00
0.00
0.00
0.00
3.00
1.00
0.00
0.00
9.00
0.00
1.00
0.00
1.00
0.00
13.00
5.00
0.00
0.00
0.00
12.00
1.00
4.00
2.00
7.00
8.00
0.00
10.00
0.00
0.00
0.00
11.00
4.00
0.00
5.00
4.00
0.00
0.00
0.00
0.00
0.00
1.00
1.00
2.00
0.00
0.00
1.00
1.00
0.00
0.00
7.00
5.00
6.00
2.00
0.00
0.00
19.00
3.00
25.00
0.00
0.00
8.00
0.00
0.00
0.00
4.00
5.00
0.00
0.00
2.00
1.00
1.00
9.00
0.00
2.00
20.00
8.00
2.00
0.00
0.00
0.00
0.00
0.00
0.00
6.00
0.00
4.00
0.00
0.00
4.00
3.00
0.00
0.00
0.00
0.00
3.00
2.00
0.00
0.00
26.00
0.00
3.00
13.00
0.00
0.00
0.00
1.00
1.00
0.00
4.00
1.00
0.00
0.00
6.00
0.00
3.00
1.00
1.00
