P_X:
0
0
0
0
0
0
0
0
0
0
0
0
0
0
0
0
0
0
0
0
0
0
0
0
0
0
0
0
0
0
0
0
0
0
0
0
0
0
0
0
0
0
0
0
0
0
0
0
0
0
0
0
0
0
0
0
0
0
0
0
0
0
0
0
0
0
0
0
0
0
0
0
0
0
0
0
0
0
0
0
0
0
0
0
0
0
0
0
0
0
0
0
0
0
0
0
0
0
0
0
0
0
0
0
0
0
0
0
0
0
0
0
0
0
0
0
0
0
0
0
0
0
0
0
0
0
0
0
0
0
0
0
0
0
0
0
0
0
0
0
0
0
0
0
0
0
0
0
0
0
0
0
0
0
0
0
0
0
0
0
0
0
0
0
0
0
0
0
0
0
0
0
0
0
0
0
0
0
0
0
0
0
0
0
0
0
0
0
1000
1000
1000
1000
1000
1000
1000
1000
1000
1000
1000
1000
1000
1000
1000
1000
1000
1000
1000
1000
1000
1000
1000
1000
1000
1000
1000
1000
1000
1000
1000
1000
1000
1000
1000
1000
1000
1000
1000
1000
1000
1000
1000
1000
1000
1000
1000
1000
1000
1000
1000
1000
1000
1000
1000
1000
1000
1000
1000
1000
1000
1000
1000
1000
1000
1000
1000
1000
1000
1000
1000
1000
1000
1000
1000
1000
1000
1000
1000
1000
1000
1000
1000
1000
1000
1000
1000
1000
1000
1000
1000
1000
1000
1000
1000
1000
1000
1000
1000
1000
1000
1000
1000
1000
1000
1000
1000
1000
1000
1000
1000
1000
1000
1000
1000
1000
1000
1000
1000
1000
1000
1000
1000
1000
1000
1000
1000
1000
1000
1000
1000
1000
1000
1000
1000
1000
1000
1000
1000
1000
1000
1000
1000
1000
1000
1000
1000
1000
1000
1000
1000
1000
1000
1000
1000
1000
1000
1000
1000
1000
1000
1000
1000
1000
1000
1000
1000
1000
1000
1000
1000
1000
1000
1000
1000
1000
1000
1000
1000
1000
1000
1000
1000
1000
1000
1000
1000
1000
1000
1000
1000
1000
1000
1000
1000
1000
1000
1000
1000
1000
1000
1000
1000
1000
1000
1000
1000
1000
1000
1000
1000
1000
1000
1000
1000
1000
1000
1000
1000
1000
1000
1000
1000
1000
1000
1000
1000
1000
1000
1000
1000
1000
1000
1000
1000
1000
1000
1000
1000
1000
1000
1000
1000
1000
1000
1000
1000
1000
1000
1000
1000
1000
1000
1000
1000
1000
1000
1000
1000
1000
1000
1000
1000
1000
1000
1000
1000
1000
1000
1000
1000
1000
1000
1000
1000
1000
1000
1000
1000
1000
1000
1000
1000
1000
1000
1000
1000
1000
1000
1000
1000
1000
1000
1000
1000
1000
1000
1000
1000
1000
1000
1000
1000
1000
1000
1000
1000
1000
1000
1000
1000
1000
1000
1000
1000
1000
1000
1000
1000
1000
1000
1000
1000
1000
1000
1000
1000
1000
1000
1000
1000
1000
1000
1000
1000
1000
1000
1000
1000
1000
1000
1000
1000
1000
1000
1000
1000
1000
1000
1000
1000
1000
1000
1000
1000
1000
1000
1000
1000
1000
1000
1000
1000
1000
1000
1000
1000
1000
1000
1000
1000
1000
1000
0
0
0
0
0
0
0
0
0
0
0
0
0
0
0
0
0
0
0
0
0
0
0
0
0
0
0
0
0
0
0
0
0
0
0
0
0
0
0
0
0
0
0
0
0
0
0
0
0
0
0
0
0
0
0
0
0
0
0
0
0
0
0
0
0
0
0
0
0
0
0
0
0
0
0
0
0
0
0
0
0
0
0
0
0
0
0
0
0
0
0
0
0
0
0
0
0
0
0
0
0
0
0
0
0
0
0
0
0
0
0
0
0
0
0
0
0
0
0
0
0
0
0
0
0
0
0
0
0
0
0
0
0
0
0
0
0
0
0
0
0
0
0
0
0
0
0
0
0
0
0
0
0
0
0
0
0
0
0
0
0
0
0
0
0
0
0
0
0
0
0
0
0
0
0
0
0
0
0
0
0
0
0
0
0
0
0
0
0
0
0
0
0
0
0
0
0
0
0
0
0
0
0
0
0
0
0
0
0
0
0
0
0
0
0
0
0
0
0
0
0
0
0
0
0
0
0
0
0
0
0
0
0
0
0
0
0
0
0
ACC_X:
0.05
0.06
0.06
0.06
0.06
0.06
0.06
0.06
0.06
0.06
0.06
0.06
0.06
0.06
0.06
0.06
0.05
0.05
0.05
0.05
0.05
0.05
0.05
0.05
0.05
0.05
0.05
0.05
0.05
0.05
0.05
0.05
0.05
0.05
0.05
0.05
0.05
0.05
0.05
0.05
0.05
0.05
0.05
0.05
0.05
0.05
0.05
0.05
0.06
0.06
0.06
0.06
0.06
0.06
0.06
0.06
0.06
0.06
0.06
0.06
0.05
0.05
0.05
0.05
0.05
0.05
0.05
0.05
0.05
0.05
0.05
0.05
0.05
0.05
0.05
0.05
0.05
0.05
0.05
0.05
0.05
0.05
0.05
0.05
0.05
0.05
0.05
0.05
0.05
0.05
0.05
0.05
0.05
0.05
0.05
0.05
0.05
0.05
0.05
0.05
0.05
0.05
0.05
0.05
0.05
0.05
0.05
0.05
0.05
0.05
0.05
0.05
0.05
0.05
0.05
0.05
0.06
0.06
0.06
0.06
0.06
0.06
0.06
0.06
0.06
0.06
0.06
0.06
0.06
0.05
0.05
0.05
0.05
0.05
0.05
0.05
0.05
0.06
0.06
0.06
0.06
0.06
0.06
0.06
0.06
0.05
0.05
0.05
0.05
0.05
0.05
0.05
0.05
0.05
0.05
0.05
0.05
0.06
0.06
0.06
0.06
0.06
0.06
0.06
0.06
0.06
0.06
0.06
0.06
0.06
0.06
0.06
0.06
0.06
0.06
0.06
0.06
0.06
0.06
0.06
0.06
0.22
0.22
0.22
0.22
0.28
0.28
0.28
0.28
-0.38
-0.38
-0.38
-0.38
-0.97
-0.97
-0.97
-0.97
-1.15
-1.15
-1.15
-1.15
-0.99
-0.99
-0.99
-0.99
-0.43
-0.43
-0.43
-0.43
-0.04
-0.04
-0.04
-0.04
0.24
0.24
0.24
0.24
0.32
0.32
0.32
0.32
0.13
0.13
0.13
0.13
-0.09
-0.09
-0.09
-0.09
-0.10
-0.10
-0.10
-0.10
0.04
0.04
0.04
0.04
0.18
0.18
0.18
0.18
0.22
0.22
0.22
0.22
0.16
0.16
0.16
0.16
0.02
0.02
0.02
0.02
-0.13
-0.13
-0.13
-0.13
-0.21
-0.21
-0.21
-0.21
-0.18
-0.18
-0.18
-0.18
-0.07
-0.07
-0.07
-0.07
0.06
0.06
0.06
0.06
0.16
0.16
0.16
0.16
0.22
0.22
0.22
0.22
0.25
0.25
0.25
0.25
0.24
0.24
0.24
0.24
0.21
0.21
0.21
0.21
0.16
0.16
0.16
0.16
0.10
0.10
0.10
0.10
0.03
0.03
0.03
0.03
-0.03
-0.03
-0.03
-0.03
-0.08
-0.08
-0.08
-0.08
-0.09
-0.09
-0.09
-0.09
-0.10
-0.10
-0.10
-0.10
-0.10
-0.10
-0.10
-0.10
-0.10
-0.10
-0.10
-0.10
-0.07
-0.07
-0.07
-0.07
-0.04
-0.04
-0.04
-0.04
-0.06
-0.06
-0.06
-0.06
-0.08
-0.08
-0.08
-0.08
-0.08
-0.08
-0.08
-0.08
-0.08
-0.08
-0.08
-0.08
-0.05
-0.05
-0.05
-0.05
-0.00
-0.00
-0.00
-0.00
-0.00
-0.00
-0.00
-0.00
-0.00
-0.00
-0.00
-0.00
-0.00
-1.01
-1.01
-1.01
-1.44
-1.44
-1.44
-1.44
-1.44
-0.92
-0.92
-0.92
0.23
0.23
0.23
0.23
0.23
0.45
0.45
0.45
0.13
0.13
0.13
0.13
0.13
1.74
1.74
1.74
2.44
2.44
2.44
2.44
2.44
1.50
1.50
1.50
0.48
0.48
0.48
0.48
0.48
0.10
0.10
0.10
0.29
0.29
0.29
0.29
0.29
0.47
0.47
0.47
0.47
0.47
0.47
0.47
0.47
0.47
0.47
0.47
0.47
0.48
0.48
0.48
0.48
0.32
0.32
0.32
0.32
0.28
0.28
0.28
0.28
0.18
0.18
0.18
0.18
0.13
0.13
0.13
0.13
0.24
0.24
0.24
0.24
0.16
0.16
0.16
0.16
-0.04
-0.04
-0.04
-0.04
-0.25
-0.25
-0.25
-0.25
-0.45
-0.45
-0.45
-0.45
-0.53
-0.53
-0.53
-0.53
-0.49
-0.49
-0.49
-0.49
-0.45
-0.45
-0.45
-0.45
-0.49
-0.49
-0.49
-0.49
-0.73
-0.73
-0.73
-0.73
-0.95
-0.95
-0.95
-0.95
-0.73
-0.73
-0.73
-0.73
-0.29
-0.29
-0.29
-0.29
-0.09
-0.09
-0.09
-0.09
-0.20
-0.20
-0.20
-0.20
-0.77
-0.77
-0.77
-0.77
-1.51
-1.51
-1.51
-1.51
-1.37
-1.37
-1.37
-1.37
-0.25
-0.25
-0.25
-0.25
0.75
0.75
0.75
0.75
0.68
0.68
0.68
0.68
0.26
0.26
0.26
0.26
0.26
0.26
0.26
0.26
0.32
0.32
0.32
0.32
0.35
0.35
0.35
0.35
0.33
0.33
0.33
0.33
0.28
0.28
0.28
0.28
0.20
0.20
0.20
0.20
0.20
0.20
0.20
0.20
0.19
0.19
0.19
0.19
-0.11
-0.11
-0.11
-0.11
-0.33
-0.33
-0.33
-0.33
-0.23
-0.23
-0.23
-0.23
-0.21
-0.21
-0.21
-0.21
-0.21
-0.21
-0.21
-0.21
-0.21
-0.21
-0.21
-0.21
-0.21
-0.40
-0.40
-0.40
-0.52
-0.52
-0.52
-0.52
-0.52
-0.54
-0.54
-0.54
-0.50
-0.50
-0.50
-0.50
-0.50
-0.47
-0.47
-0.47
-0.42
-0.42
-0.42
-0.42
-0.42
-0.36
-0.36
-0.36
-0.33
-0.33
-0.33
-0.33
-0.33
-0.32
-0.32
-0.32
-0.32
-0.32
-0.32
-0.32
-0.32
-0.32
-0.32
-0.32
-0.32
-0.31
-0.31
-0.31
-0.31
-0.30
-0.30
-0.30
-0.30
-0.30
-0.30
-0.30
-0.30
-0.30
-0.30
-0.30
-0.30
-0.31
-0.31
-0.31
-0.31
-0.32
-0.32
-0.32
-0.32
-0.35
-0.35
-0.35
-0.35
-0.36
-0.36
-0.36
-0.36
-0.36
-0.36
-0.36
-0.36
-0.35
-0.35
-0.35
-0.35
-0.34
-0.34
-0.34
-0.34
-0.33
-0.33
-0.33
-0.33
-0.32
-0.32
-0.32
-0.32
-0.32
-0.32
-0.32
-0.32
-0.33
-0.33
-0.33
-0.33
-0.34
-0.34
-0.34
-0.34
-0.34
-0.34
-0.34
-0.34
-0.34
-0.34
-0.34
-0.34
-0.33
-0.33
-0.33
-0.33
-0.33
-0.33
-0.33
-0.33
-0.33
-0.33
-0.33
-0.33
-0.34
-0.34
-0.34
-0.34
-0.34
-0.34
-0.34
-0.34
-0.33
-0.33
-0.33
-0.33
-0.33
-0.33
-0.33
-0.33
-0.33
-0.33
-0.33
-0.33
-0.33
-0.33
-0.33
-0.33
-0.33
-0.33
-0.33
-0.33
-0.33
-0.33
-0.33
-0.33
-0.33
-0.33
-0.33
-0.33
-0.33
-0.33
-0.33
-0.33
-0.33
-0.33
-0.33
-0.33
-0.33
-0.33
-0.33
-0.33
-0.33
-0.33
-0.33
-0.33
-0.33
-0.33
-0.33
-0.33
-0.33
-0.33
-0.33
-0.33
-0.33
-0.33
-0.33
-0.33
-0.33
-0.33
-0.33
-0.33
-0.33
-0.33
-0.33
-0.33
-0.33
-0.33
-0.33
-0.33
-0.33
-0.33
ACC_Y:
0.05
0.04
0.04
0.04
0.04
0.04
0.04
0.04
0.04
0.04
0.04
0.04
0.04
0.04
0.04
0.04
0.04
0.04
0.04
0.04
0.04
0.04
0.04
0.04
0.05
0.05
0.05
0.05
0.05
0.05
0.05
0.05
0.04
0.04
0.04
0.04
0.04
0.04
0.04
0.04
0.04
0.04
0.04
0.04
0.04
0.04
0.04
0.04
0.04
0.04
0.04
0.04
0.04
0.04
0.04
0.04
0.04
0.04
0.04
0.04
0.04
0.04
0.04
0.04
0.04
0.04
0.04
0.04
0.04
0.04
0.04
0.04
0.04
0.04
0.04
0.04
0.05
0.05
0.05
0.05
0.05
0.05
0.05
0.05
0.04
0.04
0.04
0.04
0.04
0.04
0.04
0.04
0.04
0.04
0.04
0.04
0.04
0.04
0.04
0.04
0.04
0.04
0.04
0.04
0.04
0.04
0.04
0.04
0.04
0.04
0.04
0.04
0.04
0.04
0.04
0.04
0.04
0.04
0.04
0.04
0.04
0.05
0.05
0.05
0.05
0.05
0.05
0.05
0.05
0.04
0.04
0.04
0.04
0.04
0.04
0.04
0.04
0.04
0.04
0.04
0.04
0.04
0.04
0.04
0.04
0.04
0.04
0.04
0.04
0.04
0.04
0.04
0.04
0.04
0.04
0.04
0.04
0.04
0.04
0.04
0.04
0.04
0.04
0.04
0.04
0.03
0.03
0.03
0.03
0.03
0.03
0.03
0.03
0.03
0.03
0.03
0.03
0.02
0.02
0.02
0.02
-0.20
-0.20
-0.20
-0.20
-0.26
-0.26
-0.26
-0.26
0.02
0.02
0.02
0.02
0.04
0.04
0.04
0.04
0.04
0.04
0.04
0.04
0.18
0.18
0.18
0.18
0.37
0.37
0.37
0.37
0.58
0.58
0.58
0.58
0.47
0.47
0.47
0.47
0.10
0.10
0.10
0.10
-0.09
-0.09
-0.09
-0.09
-0.05
-0.05
-0.05
-0.05
0.13
0.13
0.13
0.13
0.29
0.29
0.29
0.29
0.30
0.30
0.30
0.30
0.21
0.21
0.21
0.21
0.13
0.13
0.13
0.13
0.11
0.11
0.11
0.11
0.13
0.13
0.13
0.13
0.16
0.16
0.16
0.16
0.14
0.14
0.14
0.14
0.08
0.08
0.08
0.08
0.02
0.02
0.02
0.02
-0.03
-0.03
-0.03
-0.03
-0.03
-0.03
-0.03
-0.03
0.02
0.02
0.02
0.02
0.08
0.08
0.08
0.08
0.13
0.13
0.13
0.13
0.16
0.16
0.16
0.16
0.15
0.15
0.15
0.15
0.11
0.11
0.11
0.11
0.05
0.05
0.05
0.05
0.03
0.03
0.03
0.03
0.05
0.05
0.05
0.05
0.08
0.08
0.08
0.08
0.14
0.14
0.14
0.14
0.17
0.17
0.17
0.17
0.16
0.16
0.16
0.16
0.11
0.11
0.11
0.11
0.04
0.04
0.04
0.04
-0.04
-0.04
-0.04
-0.04
-0.06
-0.06
-0.06
-0.06
-0.01
-0.01
-0.01
-0.01
0.07
0.07
0.07
0.07
0.13
0.13
0.13
0.13
0.13
0.13
0.13
0.13
0.13
0.13
0.13
0.13
0.13
1.64
1.64
1.64
2.76
2.76
2.76
2.76
2.76
2.35
2.35
2.35
0.21
0.21
0.21
0.21
0.21
-1.91
-1.91
-1.91
-3.01
-3.01
-3.01
-3.01
-3.01
-3.98
-3.98
-3.98
-3.62
-3.62
-3.62
-3.62
-3.62
-1.91
-1.91
-1.91
-0.35
-0.35
-0.35
-0.35
-0.35
0.20
0.20
0.20
0.15
0.15
0.15
0.15
0.15
-0.08
-0.08
-0.08
-0.08
-0.08
-0.08
-0.08
-0.08
-0.26
-0.26
-0.26
-0.26
-0.06
-0.06
-0.06
-0.06
0.19
0.19
0.19
0.19
0.26
0.26
0.26
0.26
0.17
0.17
0.17
0.17
0.11
0.11
0.11
0.11
0.08
0.08
0.08
0.08
-0.01
-0.01
-0.01
-0.01
-0.12
-0.12
-0.12
-0.12
-0.31
-0.31
-0.31
-0.31
-0.54
-0.54
-0.54
-0.54
-0.76
-0.76
-0.76
-0.76
-0.95
-0.95
-0.95
-0.95
-1.20
-1.20
-1.20
-1.20
-1.65
-1.65
-1.65
-1.65
-2.36
-2.36
-2.36
-2.36
-2.67
-2.67
-2.67
-2.67
-1.90
-1.90
-1.90
-1.90
-0.69
-0.69
-0.69
-0.69
0.08
0.08
0.08
0.08
0.29
0.29
0.29
0.29
0.59
0.59
0.59
0.59
1.08
1.08
1.08
1.08
1.16
1.16
1.16
1.16
0.97
0.97
0.97
0.97
1.18
1.18
1.18
1.18
2.06
2.06
2.06
2.06
2.27
2.27
2.27
2.27
1.38
1.38
1.38
1.38
0.63
0.63
0.63
0.63
0.44
0.44
0.44
0.44
0.50
0.50
0.50
0.50
0.56
0.56
0.56
0.56
0.70
0.70
0.70
0.70
0.81
0.81
0.81
0.81
0.75
0.75
0.75
0.75
0.58
0.58
0.58
0.58
0.31
0.31
0.31
0.31
0.13
0.13
0.13
0.13
0.09
0.09
0.09
0.09
0.09
0.09
0.09
0.09
0.09
0.09
0.09
0.09
0.09
0.24
0.24
0.24
0.30
0.30
0.30
0.30
0.30
0.27
0.27
0.27
0.20
0.20
0.20
0.20
0.20
0.16
0.16
0.16
0.18
0.18
0.18
0.18
0.18
0.24
0.24
0.24
0.28
0.28
0.28
0.28
0.28
0.30
0.30
0.30
0.31
0.31
0.31
0.31
0.31
0.31
0.31
0.31
0.31
0.31
0.31
0.31
0.31
0.32
0.32
0.32
0.32
0.32
0.32
0.32
0.32
0.31
0.31
0.31
0.31
0.28
0.28
0.28
0.28
0.28
0.28
0.28
0.28
0.29
0.29
0.29
0.29
0.31
0.31
0.31
0.31
0.31
0.31
0.31
0.31
0.29
0.29
0.29
0.29
0.28
0.28
0.28
0.28
0.29
0.29
0.29
0.29
0.30
0.30
0.30
0.30
0.30
0.30
0.30
0.30
0.30
0.30
0.30
0.30
0.29
0.29
0.29
0.29
0.29
0.29
0.29
0.29
0.29
0.29
0.29
0.29
0.29
0.29
0.29
0.29
0.29
0.29
0.29
0.29
0.29
0.29
0.29
0.29
0.29
0.29
0.29
0.29
0.29
0.29
0.29
0.29
0.29
0.29
0.29
0.29
0.29
0.29
0.29
0.29
0.29
0.29
0.29
0.29
0.29
0.29
0.29
0.29
0.29
0.29
0.29
0.29
0.29
0.29
0.29
0.29
0.29
0.29
0.29
0.29
0.29
0.29
0.29
0.29
0.29
0.29
0.29
0.29
0.29
0.29
0.29
0.29
0.29
0.29
0.29
0.29
0.29
0.29
0.29
0.29
0.29
0.29
0.29
0.29
0.29
0.29
0.29
0.29
0.29
0.29
0.29
0.29
0.29
0.29
0.29
0.29
0.29
0.29
0.29
0.29
0.29
0.29
ACC_Z:
0.99
1.01
1.01
1.00
1.00
1.00
1.00
1.00
1.00
1.00
1.00
1.00
1.00
1.00
1.00
1.00
1.00
1.00
1.00
1.00
1.00
1.00
1.00
1.00
1.00
1.00
1.00
1.00
1.00
1.00
1.00
1.00
1.00
1.00
1.00
1.00
0.99
0.99
0.99
0.99
0.98
0.98
0.98
0.98
0.98
0.98
0.98
0.98
0.97
0.97
0.97
0.97
0.98
0.98
0.98
0.98
1.00
1.00
1.00
1.00
1.01
1.01
1.01
1.01
1.03
1.03
1.03
1.03
1.03
1.03
1.03
1.03
1.03
1.03
1.03
1.03
1.02
1.02
1.02
1.02
1.01
1.01
1.01
1.01
1.00
1.00
1.00
1.00
1.00
1.00
1.00
1.00
1.00
1.00
1.00
1.00
1.00
1.00
1.00
1.00
1.01
1.01
1.01
1.01
1.01
1.01
1.01
1.01
1.01
1.01
1.01
1.01
1.01
1.01
1.01
1.01
1.00
1.00
1.00
1.00
1.00
1.00
1.00
1.00
1.01
1.01
1.01
1.01
1.01
1.02
1.02
1.02
1.03
1.03
1.03
1.03
1.03
1.03
1.03
1.03
1.03
1.04
1.04
1.04
1.04
1.03
1.03
1.03
1.03
1.02
1.02
1.02
1.02
1.01
1.01
1.01
1.01
1.00
1.00
1.00
1.00
1.00
1.00
1.00
1.00
1.00
1.00
1.00
1.00
1.01
1.01
1.01
1.01
1.01
1.01
1.01
1.01
1.02
1.02
1.02
1.02
0.95
0.95
0.95
0.95
0.53
0.53
0.53
0.53
-0.05
-0.05
-0.05
-0.05
-0.20
-0.20
-0.20
-0.20
0.01
0.01
0.01
0.01
-0.08
-0.08
-0.08
-0.08
-0.24
-0.24
-0.24
-0.24
-0.27
-0.27
-0.27
-0.27
-0.29
-0.29
-0.29
-0.29
-0.20
-0.20
-0.20
-0.20
-0.17
-0.17
-0.17
-0.17
-0.14
-0.14
-0.14
-0.14
-0.14
-0.14
-0.14
-0.14
-0.15
-0.15
-0.15
-0.15
-0.13
-0.13
-0.13
-0.13
-0.13
-0.13
-0.13
-0.13
-0.09
-0.09
-0.09
-0.09
-0.05
-0.05
-0.05
-0.05
-0.03
-0.03
-0.03
-0.03
-0.03
-0.03
-0.03
-0.03
-0.06
-0.06
-0.06
-0.06
-0.08
-0.08
-0.08
-0.08
-0.07
-0.07
-0.07
-0.07
-0.06
-0.06
-0.06
-0.06
-0.03
-0.03
-0.03
-0.03
0.01
0.01
0.01
0.01
0.04
0.04
0.04
0.04
0.06
0.06
0.06
0.06
0.07
0.07
0.07
0.07
0.06
0.06
0.06
0.06
0.04
0.04
0.04
0.04
0.01
0.01
0.01
0.01
-0.01
-0.01
-0.01
-0.01
-0.02
-0.02
-0.02
-0.02
-0.01
-0.01
-0.01
-0.01
-0.02
-0.02
-0.02
-0.02
-0.03
-0.03
-0.03
-0.03
-0.03
-0.03
-0.03
-0.03
-0.01
-0.01
-0.01
-0.01
0.01
0.01
0.01
0.01
0.01
0.01
0.01
0.01
0.00
0.00
0.00
0.00
0.00
0.00
0.00
0.00
-0.01
-0.01
-0.01
-0.01
-0.01
-0.01
-0.01
-0.01
-0.01
-0.01
-0.01
-0.01
-0.01
-0.01
-0.01
-0.01
-0.01
-0.08
-0.08
-0.08
0.15
0.15
0.15
0.15
0.15
-0.40
-0.40
-0.40
-1.39
-1.39
-1.39
-1.39
-1.39
-1.38
-1.38
-1.38
-0.71
-0.71
-0.71
-0.71
-0.71
0.45
0.45
0.45
0.60
0.60
0.60
0.60
0.60
-0.06
-0.06
-0.06
-0.40
-0.40
-0.40
-0.40
-0.40
-0.47
-0.47
-0.47
-0.22
-0.22
-0.22
-0.22
-0.22
-0.01
-0.01
-0.01
-0.01
-0.01
-0.01
-0.01
-0.01
0.03
0.03
0.03
0.03
0.08
0.08
0.08
0.08
0.17
0.17
0.17
0.17
0.19
0.19
0.19
0.19
0.18
0.18
0.18
0.18
0.15
0.15
0.15
0.15
0.03
0.03
0.03
0.03
-0.01
-0.01
-0.01
-0.01
0.05
0.05
0.05
0.05
0.07
0.07
0.07
0.07
0.12
0.12
0.12
0.12
0.08
0.08
0.08
0.08
0.01
0.01
0.01
0.01
-0.06
-0.06
-0.06
-0.06
-0.04
-0.04
-0.04
-0.04
0.21
0.21
0.21
0.21
0.36
0.36
0.36
0.36
0.10
0.10
0.10
0.10
-0.19
-0.19
-0.19
-0.19
-0.32
-0.32
-0.32
-0.32
-0.39
-0.39
-0.39
-0.39
0.16
0.16
0.16
0.16
0.90
0.90
0.90
0.90
1.16
1.16
1.16
1.16
0.75
0.75
0.75
0.75
0.86
0.86
0.86
0.86
1.57
1.57
1.57
1.57
1.32
1.32
1.32
1.32
0.71
0.71
0.71
0.71
0.43
0.43
0.43
0.43
0.42
0.42
0.42
0.42
0.42
0.42
0.42
0.42
0.41
0.41
0.41
0.41
0.49
0.49
0.49
0.49
0.61
0.61
0.61
0.61
1.15
1.15
1.15
1.15
1.72
1.72
1.72
1.72
1.52
1.52
1.52
1.52
0.83
0.83
0.83
0.83
0.61
0.61
0.61
0.61
0.61
0.61
0.61
0.61
0.61
0.61
0.61
0.61
0.61
0.90
0.90
0.90
0.80
0.80
0.80
0.80
0.80
0.75
0.75
0.75
0.82
0.82
0.82
0.82
0.82
0.92
0.92
0.92
0.93
0.93
0.93
0.93
0.93
0.89
0.89
0.89
0.88
0.88
0.88
0.88
0.88
0.90
0.90
0.90
0.92
0.92
0.92
0.92
0.92
0.92
0.92
0.92
0.92
0.92
0.92
0.92
0.92
0.92
0.92
0.92
0.92
0.92
0.92
0.92
0.92
0.92
0.92
0.92
0.92
0.92
0.92
0.92
0.92
0.92
0.92
0.92
0.92
0.91
0.91
0.91
0.91
0.90
0.90
0.90
0.90
0.89
0.89
0.89
0.89
0.90
0.90
0.90
0.90
0.91
0.91
0.91
0.91
0.91
0.91
0.91
0.91
0.91
0.91
0.91
0.91
0.91
0.91
0.91
0.91
0.91
0.91
0.91
0.91
0.91
0.91
0.91
0.91
0.90
0.90
0.90
0.90
0.91
0.91
0.91
0.91
0.91
0.91
0.91
0.91
0.91
0.91
0.91
0.91
0.91
0.91
0.91
0.91
0.91
0.91
0.91
0.91
0.91
0.91
0.91
0.91
0.91
0.91
0.91
0.91
0.91
0.91
0.91
0.91
0.91
0.91
0.91
0.91
0.91
0.91
0.91
0.91
0.91
0.91
0.91
0.91
0.91
0.91
0.91
0.91
0.91
0.91
0.91
0.91
0.91
0.91
0.91
0.91
0.91
0.91
0.91
0.91
0.91
0.91
0.91
0.91
0.91
0.91
0.91
0.91
0.91
0.91
0.91
0.91
0.91
0.91
0.91
0.91
0.91
0.91
0.91
0.91
0.91
0.91
0.91
0.91
0.91
0.91
0.91
0.91
0.91
0.91
0.91
0.91
0.91
0.91
