P_X:
0
0
0
0
0
0
0
0
0
0
0
0
0
0
0
0
0
0
0
0
0
0
0
0
0
0
0
0
0
0
0
0
0
0
0
0
0
0
0
0
0
0
0
0
0
0
0
0
0
0
0
0
0
0
0
0
0
0
0
0
0
0
0
0
0
0
0
0
0
0
0
0
0
0
0
0
0
0
0
0
0
0
0
0
0
0
0
0
0
0
0
0
0
0
0
0
0
0
0
0
0
0
0
0
0
0
0
0
0
0
0
0
0
0
0
0
0
0
0
0
0
0
0
0
0
0
0
0
0
0
0
0
0
0
0
0
0
0
0
0
0
0
0
0
0
0
0
0
0
0
0
0
0
0
0
0
0
0
0
0
0
0
0
0
0
0
0
0
0
0
0
0
0
0
0
0
0
0
0
0
0
0
0
0
0
0
0
0
0
0
0
0
0
0
0
0
0
0
0
0
0
0
0
0
0
0
0
0
0
0
0
0
0
0
0
0
0
0
0
0
0
0
0
0
0
0
0
0
0
0
0
0
0
0
0
0
0
0
0
0
0
0
0
0
0
0
0
0
0
0
0
0
0
0
0
0
0
0
0
0
0
0
0
0
0
0
0
0
0
0
0
0
0
0
0
0
0
0
0
0
0
0
0
0
0
0
0
0
0
0
0
0
0
0
0
0
0
0
0
0
0
0
0
0
0
0
0
0
0
0
0
0
0
0
0
0
0
0
0
0
0
0
0
0
0
0
0
0
0
0
0
0
0
0
0
0
0
0
0
0
0
0
0
0
0
0
0
0
0
0
ACC_X:
0.08
0.09
0.09
0.08
0.06
0.06
0.04
0.04
0.02
0.02
0.00
-0.01
-0.01
-0.03
-0.03
-0.04
-0.04
-0.05
-0.06
-0.06
-0.06
-0.06
-0.06
-0.06
-0.07
-0.07
-0.07
-0.07
-0.07
-0.08
-0.08
-0.08
-0.08
-0.09
-0.08
-0.08
-0.08
-0.08
-0.07
-0.07
-0.06
-0.04
-0.04
-0.03
-0.03
-0.02
-0.02
-0.00
0.01
0.01
0.03
0.03
0.05
0.05
0.07
0.08
0.08
0.10
0.10
0.11
0.11
0.11
0.12
0.12
0.12
0.12
0.12
0.12
0.12
0.11
0.11
0.11
0.11
0.10
0.10
0.09
0.09
0.08
0.08
0.08
0.07
0.07
0.07
0.07
0.06
0.06
0.06
0.06
0.06
0.06
0.06
0.05
0.05
0.05
0.05
0.05
0.05
0.05
0.05
0.05
0.05
0.06
0.06
0.06
0.06
0.07
0.08
0.08
0.09
0.09
0.09
0.09
0.10
0.12
0.12
0.13
0.13
0.15
0.15
0.16
0.17
0.17
0.18
0.18
0.19
0.19
0.20
0.21
0.21
0.21
0.21
0.22
0.22
0.22
0.22
0.22
0.22
0.22
0.22
0.22
0.21
0.21
0.20
0.19
0.19
0.18
0.18
0.18
0.18
0.17
0.17
0.17
0.17
0.17
0.16
0.16
0.16
0.16
0.16
0.15
0.15
0.15
0.15
0.15
0.15
0.15
0.15
0.15
0.16
0.16
0.17
0.17
0.17
0.18
0.18
0.18
0.18
0.18
0.18
0.18
0.18
0.18
0.18
0.18
0.18
0.19
0.19
0.19
0.19
0.20
0.20
0.20
0.20
0.21
0.21
0.21
0.21
0.21
0.21
0.21
0.21
0.21
0.21
0.21
0.21
0.21
0.21
0.21
0.21
0.21
0.21
0.21
0.21
0.21
0.21
0.21
0.21
0.21
0.21
0.21
0.21
0.20
0.20
0.20
0.20
0.20
0.19
0.19
0.19
0.18
0.18
0.18
0.18
0.18
0.18
0.18
0.18
0.18
0.18
0.18
0.18
0.18
0.18
0.18
0.18
0.18
0.18
0.18
0.18
0.18
0.18
0.18
0.18
0.18
0.19
0.19
0.19
0.19
0.20
0.20
0.20
0.20
0.20
0.20
0.20
0.20
0.20
0.20
0.21
0.21
0.20
0.20
0.20
0.20
0.20
0.20
0.20
0.20
0.20
0.19
0.19
0.19
0.19
0.19
0.20
0.20
0.19
0.19
0.19
0.20
0.20
0.20
0.20
0.20
0.20
0.20
0.20
0.20
0.20
0.20
0.20
0.20
0.20
0.19
0.19
0.19
0.19
0.19
0.19
0.19
0.19
0.19
0.20
0.20
0.20
0.20
0.21
0.21
0.21
0.21
0.21
0.22
0.22
0.22
0.22
0.22
0.22
0.22
0.22
0.22
0.22
0.22
0.22
0.21
0.21
0.21
0.21
0.21
0.20
0.20
0.20
0.20
0.20
0.20
0.20
0.20
0.20
0.20
0.20
0.20
0.20
ACC_Y:
-0.03
-0.04
-0.04
-0.04
-0.05
-0.05
-0.05
-0.05
-0.05
-0.05
-0.05
-0.04
-0.04
-0.03
-0.03
-0.03
-0.03
-0.03
-0.03
-0.03
-0.02
-0.02
-0.02
-0.02
-0.01
-0.01
-0.01
-0.01
-0.01
-0.01
-0.01
-0.00
-0.00
-0.00
-0.00
-0.00
-0.00
-0.00
0.00
0.00
0.00
-0.00
-0.00
0.00
0.00
0.00
0.00
0.00
0.00
0.00
-0.00
-0.00
0.00
0.00
0.00
0.00
0.00
0.00
0.00
0.00
0.00
0.00
0.00
0.00
0.01
0.01
0.01
0.01
0.02
0.02
0.02
0.02
0.02
0.03
0.03
0.03
0.03
0.03
0.04
0.04
0.04
0.04
0.05
0.05
0.05
0.04
0.04
0.05
0.05
0.05
0.05
0.05
0.05
0.05
0.05
0.05
0.06
0.06
0.06
0.06
0.06
0.06
0.06
0.06
0.06
0.06
0.06
0.06
0.06
0.06
0.06
0.06
0.06
0.06
0.06
0.06
0.06
0.07
0.07
0.07
0.07
0.07
0.07
0.07
0.07
0.07
0.07
0.07
0.07
0.07
0.07
0.08
0.08
0.08
0.08
0.08
0.08
0.08
0.08
0.08
0.08
0.08
0.08
0.08
0.08
0.08
0.08
0.08
0.08
0.08
0.08
0.08
0.07
0.07
0.07
0.07
0.07
0.07
0.07
0.06
0.06
0.06
0.06
0.06
0.06
0.06
0.05
0.05
0.06
0.06
0.06
0.07
0.07
0.08
0.08
0.08
0.08
0.07
0.07
0.07
0.07
0.07
0.08
0.08
0.09
0.10
0.10
0.10
0.10
0.09
0.09
0.09
0.09
0.10
0.10
0.10
0.11
0.11
0.11
0.11
0.11
0.10
0.10
0.11
0.11
0.11
0.11
0.11
0.11
0.11
0.11
0.11
0.11
0.11
0.10
0.10
0.10
0.10
0.10
0.10
0.10
0.09
0.08
0.08
0.07
0.07
0.07
0.07
0.07
0.07
0.07
0.07
0.07
0.07
0.07
0.07
0.07
0.07
0.06
0.06
0.06
0.06
0.06
0.06
0.06
0.06
0.06
0.06
0.06
0.06
0.06
0.06
0.07
0.07
0.07
0.07
0.07
0.07
0.08
0.08
0.08
0.08
0.08
0.09
0.09
0.09
0.09
0.09
0.08
0.08
0.08
0.08
0.09
0.10
0.10
0.10
0.10
0.10
0.10
0.10
0.10
0.10
0.10
0.10
0.10
0.10
0.10
0.10
0.10
0.10
0.10
0.10
0.10
0.10
0.10
0.10
0.09
0.09
0.08
0.08
0.07
0.07
0.07
0.06
0.06
0.06
0.06
0.05
0.05
0.05
0.04
0.04
0.04
0.04
0.04
0.04
0.04
0.04
0.04
0.04
0.04
0.04
0.04
0.04
0.04
0.04
0.04
0.04
0.04
0.04
0.03
0.03
0.03
0.03
0.03
0.04
0.04
0.04
0.04
0.04
0.04
0.04
0.05
0.05
0.05
0.05
0.05
0.05
0.05
0.05
0.05
ACC_Z:
1.04
1.25
1.25
1.22
1.19
1.19
1.16
1.16
1.12
1.12
1.08
1.05
1.05
1.03
1.03
1.00
1.00
0.98
0.96
0.96
0.96
0.96
0.96
0.96
0.97
0.97
0.97
0.99
0.99
1.01
1.01
1.03
1.03
1.04
1.07
1.07
1.09
1.09
1.11
1.11
1.12
1.14
1.14
1.16
1.16
1.17
1.17
1.18
1.19
1.19
1.19
1.19
1.19
1.19
1.19
1.18
1.18
1.18
1.18
1.17
1.17
1.16
1.15
1.15
1.14
1.14
1.12
1.12
1.10
1.08
1.08
1.05
1.05
1.03
1.03
1.01
1.01
0.99
0.98
0.98
0.98
0.98
0.98
0.98
0.99
1.01
1.01
1.04
1.04
1.07
1.07
1.09
1.11
1.11
1.13
1.13
1.15
1.15
1.16
1.16
1.16
1.16
1.16
1.16
1.16
1.16
1.16
1.16
1.17
1.17
1.17
1.17
1.17
1.17
1.17
1.18
1.18
1.18
1.18
1.17
1.17
1.17
1.17
1.17
1.17
1.17
1.17
1.17
1.17
1.17
1.17
1.16
1.16
1.15
1.14
1.14
1.12
1.12
1.09
1.09
1.07
1.07
1.05
1.04
1.04
1.04
1.04
1.03
1.03
1.03
1.03
1.03
1.03
1.03
1.03
1.03
1.04
1.06
1.06
1.07
1.07
1.09
1.09
1.11
1.12
1.12
1.13
1.13
1.14
1.14
1.13
1.11
1.11
1.09
1.09
1.07
1.07
1.05
1.03
1.03
1.02
1.02
1.02
1.02
1.02
1.02
1.02
1.02
1.02
1.02
1.02
1.02
1.02
1.02
1.03
1.03
1.03
1.03
1.03
1.03
1.03
1.04
1.04
1.04
1.04
1.05
1.05
1.05
1.05
1.05
1.06
1.06
1.06
1.06
1.06
1.06
1.06
1.05
1.05
1.03
1.03
1.02
1.00
1.00
0.99
0.99
0.97
0.97
0.97
0.97
0.97
0.98
0.98
0.98
0.98
0.98
0.98
0.98
0.97
0.97
0.97
0.97
0.96
0.96
0.96
0.95
0.95
0.95
0.95
0.96
0.96
0.96
0.96
0.96
0.97
0.97
0.97
0.97
0.96
0.96
0.96
0.95
0.95
0.94
0.94
0.92
0.91
0.91
0.90
0.90
0.90
0.90
0.89
0.89
0.89
0.88
0.88
0.88
0.88
0.89
0.89
0.89
0.89
0.89
0.90
0.90
0.91
0.92
0.92
0.93
0.93
0.94
0.94
0.96
0.96
0.96
0.96
0.96
0.95
0.95
0.95
0.95
0.94
0.93
0.93
0.93
0.93
0.93
0.93
0.93
0.93
0.93
0.94
0.94
0.95
0.95
0.95
0.96
0.96
0.97
0.97
0.97
0.97
0.97
0.97
0.97
0.96
0.96
0.94
0.94
0.92
0.91
0.91
0.90
0.90
0.89
0.89
0.88
0.87
0.87
0.87
0.87
0.87
0.87
0.89
0.89
0.89
0.90
0.90
0.91
0.91
