MIC:
-191
-191
-191
-191
-191
-191
-191
-191
-191
-191
-191
-191
-191
-191
-191
-191
-191
-191
-191
-191
-191
-191
-191
-191
-191
-191
-191
-191
-191
-191
-191
-191
-191
-192
-192
-192
-192
-192
-192
-192
-192
-192
-192
-192
-192
-192
-192
-192
-192
-192
-192
-192
-192
-192
-192
-192
-192
-192
-192
-192
-192
-192
-192
-192
-192
-192
-192
-192
-192
-192
-192
-193
-193
-193
-193
-193
-193
-193
-193
-193
-193
-193
-193
-193
-193
-193
-193
-193
-193
-193
-193
-193
-193
-193
-193
-193
-193
-193
-193
-193
-193
-193
-193
-193
-193
-193
-193
-193
-193
-194
-194
-194
-194
-194
-194
-194
-194
-194
-194
-194
-194
-194
-194
-194
-194
-194
-194
-194
-194
-194
-194
-194
-194
-194
-194
-194
-194
-194
-194
-194
-194
-194
-194
-194
-194
-194
-195
-195
-195
-195
-195
-195
-195
-195
-195
-195
-195
-195
-195
-195
-195
-195
-195
-195
-195
-195
-195
-195
-195
-195
-195
-195
-195
-195
-195
-195
-195
-195
-195
-195
-195
-195
-195
-195
-196
-196
-196
-196
-196
-196
-196
-196
-196
-196
-196
-196
-196
-196
-196
-196
-196
-196
-196
-196
-196
-196
-196
-196
-196
-196
-196
-196
-196
-196
-196
-196
-196
-196
-196
-196
-196
-196
-197
-197
-197
-197
-197
-197
-197
-197
-197
-197
-197
-197
-197
-197
-197
-197
-197
-197
-197
-197
-197
-197
-197
-197
-197
-197
-197
-197
-197
-197
-197
-197
-197
-197
-197
-197
-197
-198
-198
-198
-198
-198
-198
-198
-198
-198
-198
-198
-198
-198
-198
-198
-198
-198
-198
-198
-198
-198
-198
-198
-198
-198
-198
-198
-198
-198
-198
-198
-198
-198
-198
-198
-198
-198
-198
-199
-199
-199
-199
-199
-199
-199
-199
-199
-199
-199
-199
-199
-199
-199
-199
-199
-199
-199
-199
-199
-199
-199
-199
-199
-199
-199
-199
-199
-199
-199
-199
-199
-199
-199
-199
-199
-200
-200
-200
-200
-200
-200
-200
-200
-200
-200
-200
-200
-200
-200
-200
-200
-200
-200
-200
-200
-200
-200
-200
-200
-200
-200
-200
-200
-200
-200
-200
-200
-200
-200
-200
-200
-200
-200
-201
-201
-201
-201
-201
-201
-201
-201
-201
-201
-201
-201
-201
-201
-201
-201
-201
-201
-201
-201
-201
-201
-201
-201
-201
-201
-201
-201
-201
-201
-201
-201
-201
-201
-201
-201
-201
-201
-202
-202
-202
-202
-202
-202
-202
-202
-202
-202
-202
-202
-202
-202
-202
-202
-202
-202
-202
-202
-202
-202
-202
-202
-202
-202
-202
-202
-202
-202
-202
-202
-202
-202
-202
-202
-202
-202
-203
-203
-203
-203
-203
-203
-203
-203
-203
-203
-203
-203
-203
-203
-203
-203
-203
-203
-203
-203
-203
-203
-203
-203
-203
-203
-203
-203
-203
-203
-203
-203
-203
-203
-203
-203
-203
-203
-204
-204
-204
-204
-204
-204
-204
-204
-204
-204
-204
-204
-204
-204
-204
-204
-204
-204
-204
-204
-204
-204
-204
-204
-204
-204
-204
-204
-204
-204
-204
-204
-204
-204
-204
-204
-204
-204
-204
-204
-205
-205
-205
-205
-205
-205
-205
-205
-205
-205
-205
-205
-205
-205
-205
-205
-205
-205
-205
-205
-205
-205
-205
-205
-205
-205
-205
-205
-205
-205
-205
-205
-205
-205
-205
-205
-205
-205
-205
-205
-205
-205
-206
-206
-206
-206
-206
-206
-206
-206
-206
-206
-206
-206
-206
-206
-206
-206
-206
-206
-206
-206
-206
-206
-206
-206
-206
-206
-206
-206
-206
-206
-206
-206
-206
-206
-206
-206
-206
-206
-206
-206
-206
-206
-206
-206
-206
-206
-207
-207
-207
-207
-207
-207
-207
-207
-207
-207
-207
-207
-207
-207
-207
-207
-207
-207
-207
-207
-207
-207
-207
-207
-207
-207
-207
-207
-207
-207
-207
-207
-207
-207
-207
-207
-207
-207
-207
-207
-207
-207
-207
-207
-207
-207
-207
-207
-207
-208
-208
-208
-208
-208
-208
-208
-208
-208
-208
-208
-208
-208
-208
-208
-208
-208
-208
-208
-208
-208
-208
-208
-208
-208
-208
-208
-208
-208
-208
-208
-208
-208
-208
-208
-208
-208
-208
-208
-208
-208
-208
-208
-208
-208
-208
-208
-208
-208
-208
-208
-209
-209
-209
-209
-209
-209
-209
-209
-209
-209
-209
-209
-209
-209
-209
-209
-209
-209
-209
-209
-209
-209
-209
-209
-209
-209
-209
-209
-209
-209
-209
-209
-209
-209
-209
-209
-209
-209
-209
-209
-209
-209
-209
-209
-209
-209
-209
-209
-209
-209
-209
-209
-209
-210
-210
-210
-210
-210
-210
-210
-210
-210
-210
-210
-210
-210
-210
-210
-210
-210
-210
-210
-210
-210
-210
-210
-210
-210
-210
-210
-210
-210
-210
-210
-210
-210
-210
-210
-210
-210
-210
-210
-210
-210
-210
-210
-210
-210
-210
-210
-210
-210
-210
-210
-210
-210
-210
-210
-211
-211
-211
-211
-211
-211
-211
-211
-211
-211
-211
-211
-211
-211
-211
-211
-211
-211
-211
-211
-211
-211
-211
-211
-211
-211
-211
-211
-211
-211
-211
-211
-211
-211
-211
-211
-211
-211
-211
-211
-211
-211
-211
-211
-211
-211
-211
-211
-211
-211
-211
-211
-211
-211
-211
-211
-211
-211
-212
-212
-212
-212
-212
-212
-212
-212
-212
-212
-212
-212
-212
-212
-212
-212
-212
-212
-212
-212
-212
-212
-212
-212
-212
-212
-212
-212
-212
-212
-212
-212
-212
-212
-212
-212
-212
-212
-212
-212
-212
-212
-212
-212
-212
-212
-212
-212
-212
-212
-212
-212
-212
-212
-212
-212
-212
-212
-212
-212
-212
-213
-213
-213
-213
-213
-213
-213
-213
-213
-213
-213
-213
-213
-213
-213
-213
-213
-213
-213
-213
-213
-213
-213
-213
-213
-213
-213
-213
-213
-213
-213
-213
-213
-213
-213
-213
-213
-213
-213
-213
-213
-213
-213
-213
-213
-213
-213
-213
-213
-213
-213
-213
-213
-213
-213
-213
-213
-213
-213
-213
-213
-213
-213
-213
-213
-213
-214
-214
-214
-214
-214
-214
-214
-214
-214
-214
-214
-214
-214
-214
-214
-214
-214
-214
-214
-214
-214
-214
-214
-214
-214
-214
-214
-214
-214
-214
-214
-214
-214
-214
-214
-214
-214
-214
-214
-214
-214
-214
-214
-214
-214
-214
-214
-214
-214
-214
-214
-214
-214
-214
-214
-214
-214
-214
-214
-214
-214
-214
-214
-214
-214
-214
-214
-214
-214
-214
-215
-215
-215
-215
-215
-215
-215
-215
-215
-215
-215
-215
-215
-215
-215
-215
-215
-215
-215
-215
-215
-215
-215
-215
-215
-215
-215
-215
-215
-215
-215
-215
-215
-215
-215
-215
-215
-215
-215
-215
-215
-215
-215
-215
-215
-215
-215
-215
-215
-215
-215
-215
-215
-215
-215
-215
-215
-215
-215
-215
-215
-215
-215
-215
-215
-215
-215
-215
-216
-216
-216
-216
-216
-216
-216
-216
-216
-216
-216
-216
-216
-216
-216
-216
-216
-216
-216
-216
-216
-216
-216
-216
-216
-216
-216
-216
-216
-216
-216
-216
-216
-216
-216
-216
-216
-216
-216
-216
-216
-216
-216
-216
-216
-216
-216
-216
-216
-216
-216
-216
-216
-216
-216
-216
-216
-216
-216
-216
-216
-216
-216
-216
-217
-217
-217
-217
-217
-217
-217
-217
-217
-217
-217
-217
-217
-217
-217
-217
-217
-217
-217
-217
-217
-217
-217
-217
-217
-217
-217
-217
-217
-217
-217
-217
-217
-217
-217
-217
-217
-217
-217
-217
-217
-217
-217
-217
-217
-217
-217
-217
-217
-217
-217
-217
-217
-217
-217
-217
-217
-217
-217
-217
-217
-218
-218
-218
-218
-218
-218
-218
-218
-218
-218
-218
-218
-218
-218
-218
-218
-218
-218
-218
-218
-218
-218
-218
-218
-218
-218
-218
-218
-218
-218
-218
-218
-218
-218
-218
-218
-218
-218
-218
-218
-218
-218
-218
-218
-218
-218
-218
-218
-218
-218
-218
-218
-218
-218
-218
-218
-218
-218
-219
-219
-219
-219
-219
-219
-219
-219
-219
-219
-219
-219
-219
-219
-219
-219
-219
-219
-219
-219
-219
-219
-219
-219
-219
-219
-219
-219
-219
-219
-219
-219
-219
-219
-219
-219
-219
-219
-219
-219
-219
-219
-219
-219
-219
-219
-219
-219
-219
-219
-219
-219
-219
-219
-219
-219
-219
-219
-219
-219
-220
-220
-220
-220
-220
-220
-220
-220
-220
-220
-220
-220
-220
-220
-220
-220
-220
-220
-220
-220
-220
-220
-220
-220
-220
-220
-220
-220
-220
-220
-220
-220
-220
-220
-220
-220
-220
-220
-220
-220
-220
-220
-220
-220
-220
-220
-220
-220
-220
-220
-220
-220
-220
-220
-220
-220
-220
-220
-220
-220
-220
-221
-221
-221
-221
-221
-221
-221
-221
-221
-221
-221
-221
-221
-221
-221
-221
-221
-221
-221
-221
-221
-221
-221
-221
-221
-221
-221
-221
-221
-221
-221
-221
-221
-221
-221
-221
-221
-221
-221
-221
-221
-221
-221
-221
-221
-221
-221
-221
-221
-221
-221
-221
-221
-221
-221
-221
-221
-221
-221
-221
-221
-221
-221
-221
-221
-222
-222
-222
-222
-222
-222
-222
-222
-222
-222
-222
-222
-222
-222
-222
-222
-222
-222
-222
-222
-222
-222
-222
-222
-222
-222
-222
-222
-222
-222
-222
-222
-222
-222
-222
-222
-222
-222
-222
-222
-222
-222
-222
-222
-222
-222
-222
-222
-222
-222
-222
-222
-222
-222
-222
-222
-222
-222
-222
-222
-222
-222
-222
-222
-222
-222
-222
-222
-222
-223
-223
-223
-223
-223
-223
-223
-223
-223
-223
-223
-223
-223
-223
-223
-223
-223
-223
-223
-223
-223
-223
-223
-223
-223
-223
-223
-223
-223
-223
-223
-223
-223
-223
-223
-223
-223
-223
-223
-223
-223
-223
-223
-223
-223
-223
-223
-223
-223
-223
-223
-223
-223
-223
-223
-223
-223
-223
-223
-223
-223
-223
-223
-223
-223
-223
-223
-223
-223
-223
-223
-223
-223
-223
-223
-223
-224
-224
-224
-224
-224
-224
-224
-224
-224
-224
-224
-224
-224
-224
-224
-224
-224
-224
-224
-224
-224
-224
-224
-224
-224
-224
-224
-224
-224
-224
-224
-224
-224
-224
-224
-224
-224
-224
-224
-224
-224
-224
-224
-224
-224
-224
-224
-224
-224
-224
-224
-224
-224
-224
-224
-224
-224
-224
-224
-224
-224
-224
-224
-224
-224
-224
-224
-224
-224
-224
-224
-224
-224
-224
-224
-224
-224
-224
-224
-224
-224
-224
-224
-225
-225
-225
-225
-225
-225
-225
-225
-225
-225
-225
-225
-225
-225
-225
-225
-225
-225
-225
-225
-225
-225
-225
-225
-225
-225
-225
-225
-225
-225
-225
-225
-225
-225
-225
-225
-225
-225
-225
-225
-225
-225
-225
-225
-225
-225
-225
-225
-225
-225
-225
-225
-225
-225
-225
-225
-225
-225
-225
-225
-225
-225
-225
-225
-225
-225
-225
-225
-225
-225
-225
-225
-225
-225
-225
-225
-225
-225
-225
-225
-225
-225
-225
-225
-225
-225
-225
-225
-226
-226
-226
-226
-226
-226
-226
-226
-226
-226
-226
-226
-226
-226
-226
-226
-226
-226
-226
-226
-226
-226
-226
-226
-226
-226
-226
-226
-226
-226
-226
-226
-226
-226
-226
-226
-226
-226
-226
-226
-226
-226
-226
-226
-226
-226
-226
-226
-226
-226
-226
-226
-226
-226
-226
-226
-226
-226
-226
-226
-226
-226
-226
-226
-226
-226
-226
-226
-226
-226
-226
-226
-226
-226
-226
-226
-226
-226
-226
-226
-226
-226
-226
-226
-226
-227
-227
-227
-227
-227
-227
-227
-227
-227
-227
-227
-227
-227
-227
-227
-227
-227
-227
-227
-227
-227
-227
-227
-227
-227
-227
-227
-227
-227
-227
-227
-227
-227
-227
-227
-227
-227
-227
-227
-227
-227
-227
-227
-227
-227
-227
-227
-227
-227
-227
-227
-227
-227
-227
-227
-227
-227
-227
-227
-227
-227
-227
-227
-227
-227
-227
-227
-227
-227
-227
-227
-227
-227
-227
-227
-227
-227
-227
-227
-227
-227
-227
-228
-228
-228
-228
-228
-228
-228
-228
-228
-228
-228
-228
-228
-228
-228
-228
-228
-228
-228
-228
-228
-228
-228
-228
-228
-228
-228
-228
-228
-228
-228
-228
-228
-228
-228
-228
-228
-228
-228
-228
-228
-228
-228
-228
-228
-228
-228
-228
-228
-228
-228
-228
-228
-228
-228
-228
-228
-228
-228
-228
-228
-228
-228
-228
-228
-228
-228
-228
-228
-228
-228
-228
-228
-228
-228
-228
-228
-228
-229
-229
-229
-229
-229
-229
-229
-229
-229
-229
-229
-229
-229
-229
-229
-229
-229
-229
-229
-229
-229
-229
-229
-229
-229
-229
-229
-229
-229
-229
-229
-229
-229
-229
-229
-229
-229
-229
-229
-229
-229
-229
-229
-229
-229
-229
-229
-229
-229
-229
-229
-229
-229
-229
-229
-229
-229
-229
-229
-229
-229
-229
-229
-229
-229
-229
-229
-229
-229
-229
-229
-229
-229
-229
-229
-229
-229
-229
-229
-230
-230
-230
-230
-230
-230
-230
-230
-230
-230
-230
-230
-230
-230
-230
-230
-230
-230
-230
-230
-230
-230
-230
-230
-230
-230
-230
-230
-230
-230
-230
-230
-230
-230
-230
-230
-230
-230
-230
-230
-230
-230
-230
-230
-230
-230
-230
-230
-230
-230
-230
-230
-230
-230
-230
-230
-230
-230
-230
-230
-230
-230
-230
-230
-230
-230
-230
-230
-230
-230
-230
-230
-230
-230
-230
-230
-230
-230
-230
-230
-230
-230
-231
-231
-231
-231
-231
-231
-231
-231
-231
-231
-231
-231
-231
-231
-231
-231
-231
-231
-231
-231
-231
-231
-231
-231
-231
-231
-231
-231
-231
-231
-231
-231
-231
-231
-231
-231
-231
-231
-231
-231
-231
-231
-231
-231
-231
-231
-231
-231
-231
-231
-231
-231
-231
-231
-231
-231
-231
-231
-231
-231
-231
-231
-231
-231
-231
-231
-231
-231
-231
-231
-231
-231
-231
-231
-231
-231
-231
-231
-231
-231
-231
-231
-231
-231
-231
-231
-231
-232
-232
-232
-232
-232
-232
-232
-232
-232
-232
-232
-232
-232
-232
-232
-232
-232
-232
-232
-232
-232
-232
-232
-232
-232
-232
-232
-232
-232
-232
-232
-232
-232
-232
-232
-232
-232
-232
-232
-232
-232
-232
-232
-232
-232
-232
-232
-232
-232
-232
-232
-232
-232
-232
-232
-232
-232
-232
-232
-232
-232
-232
-232
-232
-232
-232
-232
-232
-232
-232
-232
-232
-232
-232
-232
-232
-232
-232
-232
-232
-232
-232
-232
-232
-232
-232
-232
-232
-232
-232
-232
-232
-232
-232
-232
-232
-232
-232
-232
-232
-232
-232
-232
-232
-232
-232
-232
-232
-232
-232
-232
-232
-232
-232
-232
-232
-232
-232
-232
-232
-232
-232
-232
-232
-232
-232
-233
-233
-233
-233
-233
-233
-233
-233
-233
-233
-233
-233
-233
-233
-233
-233
-233
-233
-233
-233
-233
-233
-233
-233
-233
-233
-233
-233
-233
-233
-233
-233
-233
-233
-233
-233
-233
-233
-233
-233
-233
-233
-233
-233
-233
-233
-233
-233
-233
-233
-233
-233
-233
-233
-233
-233
-233
-233
-233
-233
-233
-233
-233
-233
-233
-233
-233
-233
-233
-233
-233
-233
-233
-233
-233
-233
-233
-233
-233
-233
-233
-233
-233
-233
-233
-233
-233
-233
-233
-233
-233
-233
-233
-233
-233
-233
-233
-233
-233
-233
-233
-233
-233
-233
-233
-233
-233
-233
-233
-233
-233
-233
-233
-233
-233
-233
-233
-233
-233
-233
-233
-233
-233
-233
-233
-233
-233
-233
-233
-233
-233
-233
-233
-233
-233
-233
-233
-233
-233
-233
-233
-233
-233
-233
-233
-233
-233
-233
-233
-233
-233
-233
-233
-233
-233
-233
-233
-233
-234
-234
-234
-234
-234
-234
-234
-234
-234
-234
-234
-234
-234
-234
-234
-234
-234
-234
-234
-234
-234
-234
-234
-234
-234
-234
-234
-234
-234
-234
-234
-234
-234
-234
-234
-234
-234
-234
-234
-234
-234
-234
-234
-234
-234
-234
-234
-234
-234
-234
-234
-234
-234
-234
-234
-234
-234
-234
-234
-234
-234
-234
-234
-234
-234
-234
-234
-234
-234
-234
-234
-234
-234
-234
-234
-234
-234
-234
-234
-234
-234
-234
-234
-234
-234
-234
-234
-234
-234
-234
-234
-234
-234
-234
-234
-234
-234
-234
-234
-234
-234
-234
-234
-234
-234
-234
-234
-234
-234
-234
-234
-234
-234
-234
-234
-234
-234
-234
-234
-234
-234
-234
-234
-234
-234
-234
-234
-234
-234
-234
-234
-234
-234
-234
-234
-234
-234
-234
-234
-234
-234
-234
-235
-235
-235
-235
-235
-235
-235
-235
-235
-235
-235
-235
-235
-235
-235
-235
-235
-235
-235
-235
-235
-235
-235
-235
-235
-235
-235
-235
-235
-235
-235
-235
-235
-235
-235
-235
-235
-235
-235
-235
-235
-235
-235
-235
-235
-235
-235
-235
-235
-235
-235
-235
-235
-235
-235
-235
-235
-235
-235
-235
-235
-235
-235
-235
-235
-235
-235
-235
-235
-235
-235
-235
-235
-235
-235
-235
-235
-235
-235
-235
-235
-235
-235
-235
-235
-235
-235
-235
-235
-235
-235
-235
-235
-235
-235
-235
-235
-235
-235
-235
-235
-235
-235
-235
-235
-235
-235
-235
-235
-235
-235
-235
-235
-235
-235
-235
-235
-235
-235
-235
-235
-235
-235
-235
-235
-235
-235
-235
-235
-235
-235
-235
-235
-235
-235
-235
-235
-235
-235
-235
-235
-235
-235
-235
-235
-235
-235
-235
-235
-235
-235
-235
-235
-235
-235
-235
-235
-235
-235
-235
-235
-235
-236
-236
-236
-236
-236
-236
-236
-236
-236
-236
-236
-236
-236
-236
-236
-236
-236
-236
-236
-236
-236
-236
-236
-236
-236
-236
-236
-236
-236
-236
-236
-236
-236
-236
-236
-236
-236
-236
-236
-236
-236
-236
-236
-236
-236
-236
-236
-236
-236
-236
-236
-236
-236
-236
-236
-236
-236
-236
-236
-236
-236
-236
-236
-236
-236
-236
-236
-236
-236
-236
-236
-236
-236
-236
-236
-236
-236
-236
-236
-236
-236
-236
-236
-236
-236
-236
-236
-236
-236
-236
-236
-236
-236
-236
-236
-236
-236
-236
-236
-236
-236
-236
-236
-236
-236
-236
-236
-237
-237
-237
-237
-237
-237
-237
-237
-237
-237
-237
-237
-237
-237
-237
-237
-237
-237
-237
-237
-237
-237
-237
-237
-237
-237
-237
-237
-237
-237
-237
-237
-237
-237
-237
-237
-237
-237
-237
-237
-237
-237
-237
-237
-237
-237
-237
-237
-237
-237
-237
-237
-237
-237
-237
-237
-237
-237
-237
-237
-237
-237
-237
-237
-237
-237
-237
-237
-237
-237
-237
-237
-237
-237
-237
-237
-237
-237
-237
-237
-237
-237
-237
-237
-237
-237
-237
-237
-237
-237
-237
-237
-237
-237
-237
-237
-238
-238
-238
-238
-238
-238
-238
-238
-238
-238
-238
-238
-238
-238
-238
-238
-238
-238
-238
-238
-238
-238
-238
-238
-238
-238
-238
-238
-238
-238
-238
-238
-238
-238
-238
-238
-238
-238
-238
-238
-238
-238
-238
-238
-238
-238
-238
-238
-238
-238
-238
-238
-238
-238
-238
-238
-238
-238
-238
-238
-238
-238
-238
-238
-238
-238
-238
-238
-238
-238
-238
-238
-238
-238
-238
-238
-238
-238
-238
-238
-238
-238
-238
-238
-238
-238
-238
-238
-238
-238
-238
-238
-238
-238
-238
-238
-238
-238
-238
-238
-238
-238
-238
-238
-238
-238
-238
-239
-239
-239
-239
-239
-239
-239
-239
-239
-239
-239
-239
-239
-239
-239
-239
-239
-239
-239
-239
-239
-239
-239
-239
-239
-239
-239
-239
-239
-239
-239
-239
-239
-239
-239
-239
-239
-239
-239
-239
-239
-239
-239
-239
-239
-239
-239
-239
-239
-239
-239
-239
-239
-239
-239
-239
-239
-239
-239
-239
-239
-239
-239
-239
-239
-239
-239
-239
-239
-239
-239
-239
-239
-239
-239
-239
-239
-239
-239
-239
-239
-239
-239
-239
-239
-239
-239
-239
-239
-239
-239
-239
-239
-239
-239
-239
-239
-239
-239
-239
-239
-239
-239
-239
-239
-239
-239
-239
-239
-239
-239
-239
-239
-239
-239
-239
-239
-239
-239
-239
-239
-239
-239
-239
-239
-239
-239
-239
-239
-239
-239
-239
-239
-239
-239
-239
-239
-239
-239
-239
-239
-239
-239
-239
-239
-240
-240
-240
-240
-240
-240
-240
-240
-240
-240
-240
-240
-240
-240
-240
-240
-240
-240
-240
-240
-240
-240
-240
-240
-240
-240
-240
-240
-240
-240
-240
-240
-240
-240
-240
-240
-240
-240
-240
-240
-240
-240
-240
-240
-240
-240
-240
-240
-240
-240
-240
-240
-240
-240
-240
-240
-240
-240
-240
-240
-240
-240
-240
-240
-240
-240
-240
-240
-240
-240
-240
-240
-240
-240
-240
-240
-240
-240
-240
-240
-240
-240
-240
-240
-240
-240
-240
-240
-240
-240
-240
-240
-240
-240
-240
-240
-240
-240
-240
-240
-240
-240
-240
-240
-240
-240
-240
-240
-240
-240
-240
-240
-240
-240
-240
-240
-240
-240
-240
-240
-240
-240
-240
-240
-240
-240
-240
-240
-240
-240
-240
-240
-240
-240
-240
-240
-240
-240
-240
-240
-240
-240
-240
-240
-240
-240
-240
-240
-240
-240
-240
-240
-240
-240
-240
-240
-240
-240
-240
-240
-240
-240
-240
-240
-240
-240
-240
-240
-240
-240
-240
-240
-240
-240
-240
-240
-240
-240
-240
-240
-240
-240
-240
-240
-240
-240
-240
-240
-240
-240
-240
-240
-240
-240
-240
-240
-240
-240
-240
-240
-240
-240
-240
-240
-240
-240
-240
-240
-240
-240
-240
-240
-240
-240
-240
-240
-240
-240
-240
-240
-240
-240
-240
-240
-240
-240
-240
-240
-240
-240
-240
-240
-240
-240
-240
-240
-240
-240
-240
-240
-240
-240
-240
-240
-240
-240
-240
-240
-240
-240
-239
-239
-239
-239
-239
-239
-239
-239
-239
-239
-239
-239
-239
-239
-239
-239
-239
-239
-239
-239
-239
-239
-239
-239
-239
-239
-239
-239
-239
-239
-239
-239
-239
-239
-239
-239
-239
-239
-239
-239
-239
-239
-239
-239
-239
-239
-239
-239
-239
-239
-239
-239
-239
-239
-239
-239
-239
-239
-239
-239
-239
-239
-239
-239
-239
-239
-239
-239
-239
-239
-239
-239
-239
-239
-239
-239
-239
-239
-239
-239
-239
-239
-239
-239
-239
-239
-239
-239
-239
-239
-239
-239
-239
-239
-239
-239
-239
-239
-239
-239
-239
-239
-239
-239
-239
-239
-239
-239
-239
-239
-239
-239
-239
-239
-239
-239
-239
-239
-239
-239
-239
-239
-239
-239
-239
-239
-239
-239
-239
-239
-239
-239
-239
-239
-239
-239
-239
-239
-239
-239
-239
-239
-239
-239
-239
-239
-239
-239
-239
-239
-239
-239
-239
-239
-239
-239
-239
-239
-239
-239
-239
-239
-239
-239
-239
-238
-238
-238
-238
-238
-238
-238
-238
-238
-238
-238
-238
-238
-238
-238
-238
-238
-238
-238
-238
-238
-238
-238
-238
-238
-238
-238
-238
-238
-238
-238
-238
-238
-238
-238
-238
-238
-238
-238
-238
-238
-238
-238
-238
-238
-238
-238
-238
-238
-238
-238
-238
-238
-238
-238
-238
-238
-238
-238
-238
-238
-238
-238
-238
-238
-238
-238
-238
-238
-238
-238
-238
-238
-238
-238
-238
-238
-238
-238
-238
-238
-238
-238
-238
-238
-238
-238
-238
-238
-238
-238
-238
-238
-238
-238
-238
-238
-238
-238
-238
-238
-238
-238
-238
-238
-238
-238
-238
-238
-238
-238
-238
-238
-238
-238
-238
-238
-238
-238
-238
-238
-238
-238
-238
-238
-238
-238
-238
-238
-238
-238
-238
-238
-238
-238
-238
-238
-238
-238
-238
-238
-238
-238
-238
-238
-238
-238
-238
-238
-237
-237
-237
-237
-237
-237
-237
-237
-237
-237
-237
-237
-237
-237
-237
-237
-237
-237
-237
-237
-237
-237
-237
-237
-237
-237
-237
-237
-237
-237
-237
-237
-237
-237
-237
-237
-237
-237
-237
-237
-237
-237
-237
-237
-237
-237
-237
-237
-237
-237
-237
-237
-237
-237
-237
-237
-237
-237
-237
-237
-237
-237
-237
-237
-237
-237
-237
-237
-237
-237
-237
-237
-237
-237
-237
-237
-237
-237
-237
-237
-237
-237
-237
-237
-237
-237
-237
-237
-237
-237
-237
-237
-237
-237
-237
-237
-237
-237
-237
-237
-237
-237
-237
-237
-237
-237
-237
-237
-237
-237
-237
-237
-237
-237
-237
-237
-237
-237
-237
-237
-237
-237
-237
-237
-237
-237
-237
-237
-237
-237
-237
-237
-237
-237
-237
-237
-237
-237
-237
-237
-237
-237
-237
-237
-237
-237
-237
-237
-237
-237
-237
-237
-237
-237
-237
-237
-237
-237
-237
-237
-237
-237
-237
-237
-237
-237
-237
-237
-237
-237
-237
-237
-237
-237
-237
-237
-237
-237
-236
-236
-236
-236
-236
-236
-236
-236
-236
-236
-236
-236
-236
-236
-236
-236
-236
-236
-236
-236
-236
-236
-236
-236
-236
-236
-236
-236
-236
-236
-236
-236
-236
-236
-236
-236
-236
-236
-236
-236
-236
-236
-236
-236
-236
-236
-236
-236
-236
-236
-236
-236
-236
-236
-236
-236
-236
-236
-236
-236
-236
-236
-236
-236
-236
-236
-236
-236
-236
-236
-236
-236
-236
-236
-236
-236
-236
-236
-236
-236
-236
-236
-236
-236
-236
-236
-236
-236
-236
-236
-236
-236
-236
-236
-236
-236
-236
-236
-236
-236
-236
-236
-236
-236
-236
-236
-236
-236
-236
-236
-236
-236
-236
-236
-236
-236
-236
-236
-236
-236
-236
-236
-236
-236
-236
-236
-236
-236
-236
-236
-236
-236
-236
-236
-236
-236
-236
-236
-236
-236
-236
-236
-236
-236
-236
-236
-236
-236
-236
-236
-236
-236
-236
-236
-236
-236
-236
-236
-236
-236
-236
-236
-236
-236
-236
-236
-236
-236
-236
-236
-236
-236
-236
-236
-236
-236
-236
-236
-236
-236
-236
-236
-236
-236
-236
-236
-236
-236
-236
-236
-236
-236
-236
-236
-236
-236
-236
-236
-236
-236
-236
-236
-236
-236
-236
-236
-236
-236
-236
-236
-236
-236
-236
-236
-236
-236
-236
-236
-236
-236
-236
-236
-236
-236
-236
-236
-236
-236
-236
-236
-236
-236
-236
-236
-236
-236
-236
-236
-236
-236
-236
-236
-236
-236
-236
-236
-236
-236
-236
-236
-236
-236
-236
-236
-236
-236
-236
-236
-236
-236
-236
-236
-236
-236
-236
-236
-236
-236
-236
-236
-236
-236
-236
-236
-236
-236
-236
-236
-236
-236
-236
-236
-236
-236
-236
-236
-236
-236
-236
-236
-236
-236
-236
-236
-236
-236
-236
-236
-236
-236
-236
-236
-236
-236
-236
-236
-236
-236
-236
-236
-236
-236
-236
-236
-236
-236
-236
-236
-236
-236
-236
-236
-236
-236
-236
-236
-236
-236
-236
-236
-236
-236
-236
-236
-236
-236
-236
-236
-236
-236
-236
-236
-236
-236
-236
-236
-236
-236
-236
-236
-236
-236
-236
-236
-236
-236
-236
-236
-236
-236
-236
-236
-236
-236
-236
-236
-236
-236
-236
-236
-236
-236
-236
-236
-236
-236
-236
-236
-236
-236
-236
-236
-236
-236
-236
-236
-236
-236
-236
-236
-236
-236
-236
-236
-236
-236
-236
-236
-236
-236
-236
-236
-236
-236
-236
-236
-236
-236
-236
-236
-236
-236
-236
-236
-236
-236
-236
-236
-236
-236
-236
-236
-236
-236
-236
-236
-236
-236
-236
-236
-236
-236
-236
-236
-236
-236
-236
-236
-236
-236
-236
-236
-236
-236
-236
-236
-236
-236
-236
-236
-236
-236
-236
-236
-236
-236
-236
-236
-236
-236
-236
-236
-236
-236
-236
-236
-236
-236
-236
-236
-236
-236
-236
-236
-236
-236
-236
-236
-236
-236
-236
-236
-236
-236
-236
-236
-236
-236
-236
-236
-236
-236
-236
-236
-236
-236
-236
-236
-236
-236
-236
-236
-236
-236
-236
-236
-236
-236
-236
-236
-236
-236
-236
-236
-236
-236
-236
-236
-236
-236
-236
-236
-236
-236
-236
-236
-236
-236
-236
-236
-236
-236
-236
-236
-236
-236
-236
-236
-236
-236
-236
-236
-236
-236
-236
-236
-236
-236
-236
-236
-236
-236
-236
-236
-236
-236
-236
-236
-236
-236
-236
-236
-236
-236
-236
-236
-236
-236
-236
-236
-236
-235
-235
-235
-235
-235
-235
-235
-235
-235
-235
-235
-235
-235
-235
-235
-235
-235
-235
-235
-235
-235
-235
-235
-235
-235
-235
-235
-235
-235
-235
-235
-235
-235
-235
-235
-235
-235
-235
-235
-235
-235
-235
-235
-235
-235
-235
-235
-235
-235
-235
-235
-235
-235
-235
-235
-235
-235
-235
-235
-235
-235
-235
-235
-235
-235
-235
-235
-235
-235
-235
-235
-235
-235
-235
-235
-235
-235
-235
-235
-235
-235
-235
-235
-235
-235
-235
-235
-235
-235
-235
-235
-235
-235
-235
-235
-235
-235
-235
-235
-235
-235
-235
-235
-235
-235
-235
-235
-235
-235
-235
-235
-235
-235
-235
-235
-235
-235
-235
-235
-235
-235
-235
-235
-235
-235
-235
-235
-235
-235
-235
-235
-235
-235
-235
-235
-235
-235
-235
-235
-235
-235
-235
-235
-235
-235
-235
-235
-235
-235
-235
-235
-235
-235
-235
-235
-235
-235
-235
-235
-235
-235
-235
-235
-235
-235
-235
-235
-235
-235
-235
-235
-235
-235
-235
-235
-235
-235
-235
-235
-235
-235
-235
-235
-235
-235
-235
-235
-235
-235
-235
-235
-235
-235
-235
-235
-235
-235
-235
-235
-235
-235
-235
-235
-235
-235
-235
-235
-235
-235
-235
-235
-235
-235
-235
-235
-235
-235
-235
-235
-235
-235
-235
-235
-235
-235
-235
-235
-235
-235
-235
-235
-235
-235
-235
-235
-235
-235
-235
-235
-235
-235
-235
-235
-235
-235
-235
-235
-235
-235
-235
-235
-235
-235
-235
-235
-235
-235
-235
-235
-235
-235
-235
-235
-235
-235
-235
-235
-235
-235
-235
-235
-235
-235
-235
-235
-235
-235
-235
-235
-235
-235
-235
-235
-235
-235
-235
-235
-235
-235
-235
-235
-235
-235
-235
-235
-235
-235
-235
-235
-235
-235
-235
-235
-235
-235
-235
-235
-235
-235
-235
-235
-235
-234
-234
-234
-234
-234
-234
-234
-234
-234
-234
-234
-234
-234
-234
-234
-234
-234
-234
-234
-234
-234
-234
-234
-234
-234
-234
-234
-234
-234
-234
-234
-234
-234
-234
-234
-234
-234
-234
-234
-234
-234
-234
-234
-234
-234
-234
-234
-234
-234
-234
-234
-234
-234
-234
-234
-234
-234
-234
-234
-234
-234
-234
-234
-234
-234
-234
-234
-234
-234
-234
-234
-234
-234
-234
-234
-234
-234
-234
-234
-234
-234
-234
-234
-234
-234
-234
-234
-234
-234
-234
-234
-234
-234
-234
-234
-234
-234
-234
-234
-234
-234
-234
-233
-233
-233
-233
-233
-233
-233
-233
-233
-233
-233
-233
-233
-233
-233
-233
-233
-233
-233
-233
-233
-233
-233
-233
-233
-233
-233
-233
-233
-233
-233
-233
-233
-233
-233
-233
-233
-233
-233
-233
-233
-233
-233
-233
-233
-233
-233
-233
-233
-233
-233
-233
-233
-233
-233
-233
-233
-233
-233
-233
-233
-232
-232
-232
-232
-232
-232
-232
-232
-232
-232
-232
-232
-232
-232
-232
-232
-232
-232
-232
-232
-232
-232
-232
-232
-232
-232
-232
-232
-232
-232
-232
-232
-232
-232
-232
-232
-232
-232
-232
-232
-232
-232
-232
-232
-232
-232
-232
-232
-232
-232
-232
-232
-232
-232
-232
-232
-232
-232
-232
-232
-232
-232
-232
-231
-231
-231
-231
-231
-231
-231
-231
-231
-231
-231
-231
-231
-231
-231
-231
-231
-231
-231
-231
-231
-231
-231
-231
-231
-231
-231
-231
-231
-231
-231
-231
-231
-231
-231
-231
-231
-231
-231
-231
-231
-231
-231
-231
-231
-231
-231
-231
-231
-231
-231
-231
-231
-231
-231
-231
-231
-230
-230
-230
-230
-230
-230
-230
-230
-230
-230
-230
-230
-230
-230
-230
-230
-230
-230
-230
-230
-230
-230
-230
-230
-230
-230
-230
-230
-230
-230
-230
-230
-230
-230
-230
-230
-230
-230
-230
-230
-230
-230
-230
-230
-230
-230
-230
-230
-230
-230
-230
-230
-229
-229
-229
-229
-229
-229
-229
-229
-229
-229
-229
-229
-229
-229
-229
-229
-229
-229
-229
-229
-229
-229
-229
-229
-229
-229
-229
-229
-229
-229
-229
-229
-229
-229
-229
-229
-229
-229
-229
-229
-229
-229
-229
-229
-229
-229
-228
-228
-228
-228
-228
-228
-228
-228
-228
-228
-228
-228
-228
-228
-228
-228
-228
-228
-228
-228
-228
-228
-228
-228
-228
-228
-228
-228
-228
-228
-228
-228
-228
-228
-228
-228
-228
-228
-228
-228
-228
-228
-227
-227
-227
-227
-227
-227
-227
-227
-227
-227
-227
-227
-227
-227
-227
-227
-227
-227
-227
-227
-227
-227
-227
-227
-227
-227
-227
-227
-227
-227
-227
-227
-227
-227
-227
-227
-227
-227
-227
-226
-226
-226
-226
-226
-226
-226
-226
-226
-226
-226
-226
-226
-226
-226
-226
-226
-226
-226
-226
-226
-226
-226
-226
-226
-226
-226
-226
-226
-226
-226
-226
-226
-226
-226
-226
-226
-226
-225
-225
-225
-225
-225
-225
-225
-225
-225
-225
-225
-225
-225
-225
-225
-225
-225
-225
-225
-225
-225
-225
-225
-225
-225
-225
-225
-225
-225
-225
-225
-225
-225
-225
-225
-225
-225
-224
-224
-224
-224
-224
-224
-224
-224
-224
-224
-224
-224
-224
-224
-224
-224
-224
-224
-224
-224
-224
-224
-224
-224
-224
-224
-224
-224
-224
-224
-224
-224
-224
-224
-224
-224
-223
-223
-223
-223
-223
-223
-223
-223
-223
-223
-223
-223
-223
-223
-223
-223
-223
-223
-223
-223
-223
-223
-223
-223
-223
-223
-223
-223
-223
-223
-223
-223
-223
-223
-223
-223
-223
-222
-222
-222
-222
-222
-222
-222
-222
-222
-222
-222
-222
-222
-222
-222
-222
-222
-222
-222
-222
-222
-222
-222
-222
-222
-222
-222
-222
-222
-222
-222
-222
-222
-222
-222
-222
-222
-222
-221
-221
-221
-221
-221
-221
-221
-221
-221
-221
-221
-221
-221
-221
-221
-221
-221
-221
-221
-221
-221
-221
-221
-221
-221
-221
-221
-221
-221
-221
-221
-221
-221
-221
-221
-221
-221
-221
-221
-220
-220
-220
-220
-220
-220
-220
-220
-220
-220
-220
-220
-220
-220
-220
-220
-220
-220
-220
-220
-220
-220
-220
-220
-220
-220
-220
-220
-220
-220
-220
-220
-220
-220
-220
-220
-220
-220
-220
-219
-219
-219
-219
-219
-219
-219
-219
-219
-219
-219
-219
-219
-219
-219
-219
-219
-219
-219
-219
-219
-219
-219
-219
-219
-219
-219
-219
-219
-219
-219
-219
-219
-219
-219
-219
-219
-219
-219
-219
-219
-219
-218
-218
-218
-218
-218
-218
-218
-218
-218
-218
-218
-218
-218
-218
-218
-218
-218
-218
-218
-218
-218
-218
-218
-218
-218
-218
-218
-218
-218
-218
-218
-218
-218
-218
-218
-218
-218
-218
-218
-218
-218
-218
-217
-217
-217
-217
-217
-217
-217
-217
-217
-217
-217
-217
-217
-217
-217
-217
-217
-217
-217
-217
-217
-217
-217
-217
-217
-217
-217
-217
-217
-217
-217
-217
-217
-217
-217
-217
-217
-217
-217
-217
-217
-217
-217
-217
-217
-217
-217
-217
-217
-217
-216
-216
-216
-216
-216
-216
-216
-216
-216
-216
-216
-216
-216
-216
-216
-216
-216
-216
-216
-216
-216
-216
-216
-216
-216
-216
-216
-216
-216
-216
-216
-216
-216
-216
-216
-216
-216
-216
-216
-216
-216
-216
-216
-216
-216
-216
-216
-216
-216
-216
-216
-216
-216
-216
-216
-216
-216
-216
-216
-215
-215
-215
-215
-215
-215
-215
-215
-215
-215
-215
-215
-215
-215
-215
-215
-215
-215
-215
-215
-215
-215
-215
-215
-215
-215
-215
-215
-215
-215
-215
-215
-215
-215
-215
-215
-215
-215
-215
-215
-215
-215
-215
-215
-215
-215
-215
-215
-215
-215
-215
-215
-215
-215
-215
-215
-215
-215
-215
-215
-215
-215
-215
-215
-215
-215
-215
-215
-215
-215
-215
-215
-215
-215
-215
-215
-215
-215
-215
-215
-215
-215
-215
-214
-214
-214
-214
-214
-214
-214
-214
-214
-214
-214
-214
-214
-214
-214
-214
-214
-214
-214
-214
-214
-214
-214
-214
-214
-214
-214
-214
-214
-214
-214
-214
-214
-214
-214
-214
-214
-214
-214
-214
-214
-214
-214
-214
-214
-214
-214
-214
-214
-214
-214
-214
-214
-214
-214
-214
-214
-214
-214
-214
-214
-214
-214
-214
-214
-214
-214
-214
-214
-214
-214
-214
-214
-214
-214
-214
-214
-214
-214
-214
-214
-214
-214
-214
-214
-214
-214
-214
-214
-214
-214
-214
-214
-214
-214
-214
-214
-214
-214
-214
-214
-214
-214
-214
-214
-214
-214
-214
-214
-214
-214
-214
-214
-214
-214
-214
-214
-214
-214
-214
-214
-214
-214
-214
-214
-214
-214
-214
-214
-214
-214
-214
-214
-214
-214
-214
-214
-214
-214
-214
-214
-214
-214
-214
-214
-214
-214
-214
-214
-214
-214
-214
-214
-214
-214
-214
-214
-214
-214
-214
-214
-214
-214
-214
-214
-214
-214
-214
-214
-214
-214
-214
-214
-214
-214
-214
-214
-214
-214
-214
-214
-214
-214
-214
-214
-214
-214
-214
-214
-214
-214
-214
-214
-214
-214
-214
-214
-214
-214
-214
-214
-214
-214
-214
-214
-214
-214
-214
-213
-213
-213
-213
-213
-213
-213
-213
-213
-213
-213
-213
-213
-213
-213
-213
-213
-213
-213
-213
-213
-213
-213
-213
-213
-213
-213
-213
-213
-213
-213
-213
-213
-213
-213
-213
-213
-213
-213
-213
-213
-213
-213
-213
-213
-213
-213
-213
-213
-213
-213
-213
-213
-213
-213
-213
-213
-213
-213
-213
-213
-213
-213
-213
-213
-213
-213
-213
-213
-213
-213
-213
-213
-213
-213
-213
-213
-213
-213
-213
-213
-213
-213
-213
-213
-213
-213
-213
-213
-213
-213
-213
-213
-213
-213
-213
-213
-213
-213
-213
-213
-213
-213
-213
-213
-213
-213
-213
-213
-213
-213
-213
-213
-213
-213
-213
-213
-213
-213
-213
-213
-213
-213
-213
-213
-213
-213
-213
-213
-213
-213
-213
-213
-213
-213
-213
-213
-213
-213
-213
-213
-213
-213
-213
-213
-213
-213
-213
-213
-213
-213
-213
-213
-213
-213
-213
-213
-213
-213
-213
-213
-213
-213
-213
-213
-213
-213
-213
-213
-213
-213
-213
-213
-213
-213
-213
-213
-213
-213
-213
-213
-213
-213
-213
-213
-213
-213
-213
-213
-213
-213
-213
-213
-213
-213
-213
-213
-213
-213
-213
-213
-213
-213
-213
-213
-213
-213
-213
-213
-213
-213
-213
-213
-213
-213
-213
-213
-213
-213
-212
-212
-212
-211
-211
-211
-210
-210
-210
-210
-210
-210
-209
-209
-209
-209
-209
-209
-209
-209
-208
-208
-208
-208
-208
-207
-207
-207
-207
-206
-206
-206
-205
-205
-204
-204
-203
-203
-202
-201
-201
-200
-199
-199
-198
-197
-196
-195
-194
-193
-191
-190
-189
-188
-187
-185
-184
-182
-181
-180
-178
-176
-175
-173
-171
-170
-168
-166
-164
-162
-160
-158
-156
-154
-152
-150
-148
-145
-143
-141
-138
-136
-133
-130
-128
-125
-122
-119
-116
-113
-110
-107
-104
-100
-97
-94
-90
-87
-84
-80
-77
-73
-70
-66
-62
-59
-55
-51
-48
-44
-40
-36
-32
-28
-24
-20
-16
-12
-7
-3
0
5
9
14
18
23
27
32
37
41
46
51
56
60
65
70
75
80
84
89
94
99
104
109
114
119
124
129
134
139
144
149
155
160
165
171
176
182
187
193
198
204
210
216
222
227
233
239
245
251
257
263
269
275
281
287
293
299
305
311
317
324
330
336
342
349
355
361
367
374
380
387
393
400
406
413
420
426
433
440
447
454
461
468
475
482
489
496
503
511
518
525
532
540
547
554
562
569
576
584
591
599
606
614
622
629
637
645
652
660
668
676
684
692
700
708
716
724
732
740
749
757
765
773
781
790
798
806
814
823
831
839
847
856
864
873
881
890
898
907
915
924
933
941
950
959
968
977
986
995
1004
1013
1022
1031
1040
1049
1058
1067
1076
1085
1094
1104
1113
1122
1131
1141
1150
1159
1169
1178
1187
1197
1206
1216
1226
1235
1245
1255
1264
1274
1284
1294
1303
1313
1323
1333
1343
1353
1363
1373
1383
1393
1403
1412
1422
1432
1442
1452
1462
1472
1482
1491
1501
1511
1521
1531
1541
1551
1561
1571
1581
1592
1602
1612
1622
1632
1643
1653
1663
1673
1684
1694
1704
1715
1725
1735
1746
1756
1767
1777
1788
1798
1809
1819
1830
1841
1851
1862
1872
1883
1893
1904
1914
1925
1936
1946
1957
1968
1979
1989
2000
2011
2022
2033
2044
2055
2065
2076
2087
2098
2110
2121
2132
2143
2154
2165
2176
2188
2199
2210
2221
2233
2244
2255
2267
2278
2290
2301
2312
2324
2335
2346
2358
2369
2380
2392
2403
2415
2426
2438
2449
2461
2472
2484
2496
2507
2519
2531
2542
2554
2566
2578
2589
2601
2613
2625
2637
2648
2660
2672
2684
2696
2708
2720
2732
2744
2756
2768
2780
2792
2804
2816
2827
2839
2851
2863
2875
2887
2899
2911
2923
2935
2946
2958
2970
2982
2994
3006
3018
3030
3042
3054
3066
3078
3090
3102
3114
3126
3138
3150
3162
3174
3186
3199
3211
3223
3235
3247
3259
3271
3283
3295
3307
3319
3331
3343
3355
3368
3380
3392
3404
3416
3428
3440
3453
3465
3477
3489
3502
3514
3526
3538
3551
3563
3575
3588
3600
3612
3624
3637
3649
3661
3673
3686
3698
3710
3723
3735
3747
3760
3772
3784
3796
3809
3821
3833
3845
3858
3870
3882
3895
3907
3919
3932
3944
3956
3969
3981
3994
4006
4018
4031
4043
4056
4068
4080
4093
4105
4118
4130
4143
4155
4168
4180
4193
4205
4218
4230
4242
4255
4267
4280
4292
4305
4317
4330
4342
4355
4367
4380
4392
4405
4417
4430
4442
4455
4467
4480
4493
4505
4518
4530
4543
4556
4568
4581
4593
4606
4619
4631
4644
4656
4669
4681
4694
4706
4719
4731
4744
4756
4769
4781
4794
4806
4819
4831
4844
4856
4869
4881
4893
4906
4918
4931
4943
4955
4968
4980
4993
5005
5017
5030
5042
5054
5066
5079
5091
5103
5116
5128
5140
5152
5165
5177
5189
5201
5213
5226
5238
5250
5262
5275
5287
5299
5311
5324
5336
5348
5360
5373
5385
5397
5409
5422
5434
5446
5458
5470
5483
5495
5507
5519
5531
5543
5555
5568
5580
5592
5604
5616
5628
5640
5652
5665
5677
5689
5701
5713
5725
5737
5750
5762
5774
5786
5798
5811
5823
5835
5847
5859
5871
5883
5896
5908
5920
5932
5944
5956
5968
5980
5992
6004
6016
6028
6040
6052
6064
6076
6088
6100
6112
6124
6136
6148
6160
6172
6184
6196
6207
6219
6231
6243
6255
6267
6278
6290
6302
6314
6326
6337
6349
6361
6373
6385
6396
6408
6420
6432
6443
6455
6467
6479
6490
6502
6514
6526
6537
6549
6561
6573
6585
6596
6608
6620
6632
6643
6655
6667
6678
6690
6702
6713
6725
6737
6748
6760
6772
6783
6795
6807
6818
6830
6841
6853
6865
6876
6888
6899
6911
6922
6934
6945
6957
6968
6980
6992
7003
7014
7026
7037
7049
7060
7072
7083
7095
7106
7117
7129
7140
7152
7163
7174
7186
7197
7209
7220
7231
7243
7254
7265
7277
7288
7299
7310
7322
7333
7344
7355
7366
7377
7388
7399
7411
7422
7433
7444
7455
7465
7476
7487
7498
7509
7520
7531
7542
7553
7563
7574
7585
7596
7607
7617
7628
7639
7650
7661
7671
7682
7693
7704
7714
7725
7736
7747
7757
7768
7779
7790
7800
7811
7822
7832
7843
7854
7865
7875
7886
7896
7907
7918
7928
7939
7949
7960
7971
7981
7992
8002
8013
8023
8034
8044
8054
8065
8075
8086
8096
8107
8117
8127
8138
8148
8159
8169
8179
8190
8200
8210
8220
8231
8241
8251
8262
8272
8282
8292
8303
8313
8323
8333
8343
8354
8364
8374
8384
8394
8404
8414
8424
8434
8444
8454
8464
8474
8484
8494
8504
8514
8524
8533
8543
8553
8563
8572
8582
8592
8602
8611
8621
8631
8641
8650
8660
8670
8679
8689
8699
8708
8718
8727
8737
8747
8756
8766
8776
8785
8795
8804
8814
8824
8833
8843
8852
8861
8871
8880
8890
8899
8908
8918
8927
8936
8945
8955
8964
8973
8982
8991
9001
9010
9019
9028
9037
9046
9055
9064
9073
9083
9092
9101
9110
9119
9128
9137
9146
9155
9164
9173
9182
9191
9200
9209
9218
9227
9236
9244
9253
9262
9271
9279
9288
9297
9305
9314
9322
9331
9340
9348
9357
9365
9374
9382
9391
9399
9408
9416
9425
9433
9442
9450
9459
9467
9476
9484
9493
9501
9510
9518
9527
9535
9543
9552
9560
9569
9577
9585
9594
9602
9610
9618
9627
9635
9643
9651
9660
9668
9676
9684
9692
9700
9709
9717
9725
9733
9741
9749
9757
9765
9773
9781
9789
9797
9805
9813
9821
9829
9837
9845
9853
9861
9869
9877
9885
9893
9900
9908
9916
9924
9932
9939
9947
9955
9962
9970
9978
9985
9993
10000
10008
10015
10023
10030
10038
10045
10053
10060
10068
10075
10082
10090
10097
10104
10112
10119
10126
10134
10141
10148
10155
10162
10170
10177
10184
10191
10198
10205
10212
10220
10227
10234
10241
10248
10255
10262
10269
10276
10283
10290
10297
10304
10310
10317
10324
10331
10338
10345
10351
10358
10365
10372
10379
10385
10392
10399
10405
10412
10419
10425
10432
10439
10445
10452
10459
10465
10472
10478
10485
10491
10498
10505
10511
10518
10524
10531
10537
10544
10550
10557
10563
10570
10576
10583
10589
10596
10602
10608
10615
10621
10627
10634
10640
10646
10653
10659
10665
10671
10677
10684
10690
10696
10702
10708
10714
10720
10727
10733
10739
10745
10751
10757
10763
10769
10775
10781
10787
10793
10798
10804
10810
10816
10822
10828
10833
10839
10845
10851
10856
10862
10868
10873
10879
10885
10890
10896
10902
10907
10913
10918
10924
10929
10935
10940
10946
10951
10957
10962
10967
10973
10978
10983
10988
10994
10999
11004
11009
11015
11020
11025
11030
11035
11040
11045
11051
11056
11061
11066
11071
11076
11081
11086
11091
11096
11101
11106
11111
11116
11121
11126
11131
11136
11140
11145
11150
11155
11160
11165
11169
11174
11179
11184
11188
11193
11198
11202
11207
11211
11216
11221
11225
11230
11234
11239
11243
11248
11252
11257
11261
11266
11270
11274
11279
11283
11287
11292
11296
11300
11304
11309
11313
11317
11321
11325
11329
11334
11338
11342
11346
11350
11354
11358
11362
11366
11370
11374
11378
11382
11386
11390
11394
11398
11402
11406
11410
11413
11417
11421
11425
11429
11433
11436
11440
11444
11448
11451
11455
11459
11462
11466
11470
11474
11477
11481
11485
11488
11492
11495
11499
11503
11506
11510
11513
11517
11521
11524
11528
11531
11535
11538
11542
11545
11549
11552
11556
11559
11562
11566
11569
11572
11576
11579
11582
11586
11589
11592
11596
11599
11602
11605
11608
11612
11615
11618
11621
11624
11627
11631
11634
11637
11640
11643
11646
11649
11652
11655
11658
11661
11664
11667
11670
11672
11675
11678
11681
11684
11687
11689
11692
11695
11697
11700
11703
11705
11708
11711
11713
11716
11719
11721
11724
11726
11729
11731
11734
11736
11739
11741
11744
11746
11749
11751
11754
11756
11758
11761
11763
11765
11768
11770
11772
11775
11777
11779
11781
11784
11786
11788
11790
11792
11794
11797
11799
11801
11803
11805
11807
11809
11811
11813
11816
11818
11820
11822
11824
11826
11828
11830
11832
11834
11836
11838
11840
11842
11843
11845
11847
11849
11851
11853
11855
11857
11859
11860
11862
11864
11866
11868
11869
11871
11873
11875
11877
11878
11880
11882
11884
11885
11887
11889
11890
11892
11894
11895
11897
11899
11900
11902
11903
11905
11907
11908
11910
11911
11913
11914
11916
11917
11918
11920
11921
11923
11924
11925
11927
11928
11929
11931
11932
11933
11935
11936
11937
11939
11940
11941
11942
11944
11945
11946
11947
11948
11949
11951
11952
11953
11954
11955
11956
11957
11958
11959
11960
11961
11962
11963
11964
11965
11966
11967
11968
11969
11970
11971
11971
11972
11973
11974
11975
11975
11976
11977
11978
11978
11979
11980
11981
11981
11982
11983
11983
11984
11984
11985
11985
11986
11987
11987
11988
11988
11989
11989
11989
11990
11990
11991
11991
11992
11992
11992
11993
11993
11993
11994
11994
11994
11995
11995
11995
11995
11996
11996
11996
11996
11996
11997
11997
11997
11997
11997
11997
11997
11997
11998
11998
11998
11998
11998
11998
11998
11998
11998
11998
11998
11998
11998
11998
11998
11998
11997
11997
11997
11997
11997
11997
11997
11997
11996
11996
11996
11996
11996
11996
11995
11995
11995
11995
11994
11994
11994
11994
11993
11993
11993
11992
11992
11992
11991
11991
11990
11990
11990
11989
11989
11988
11988
11987
11987
11987
11986
11986
11985
11985
11984
11984
11983
11983
11982
11982
11981
11980
11980
11979
11979
11978
11977
11977
11976
11976
11975
11974
11974
11973
11972
11972
11971
11970
11970
11969
11968
11968
11967
11966
11966
11965
11964
11963
11963
11962
11961
11960
11959
11959
11958
11957
11956
11955
11954
11953
11952
11952
11951
11950
11949
11948
11947
11946
11945
11944
11943
11942
11941
11940
11939
11938
11937
11935
11934
11933
11932
11931
11930
11929
11928
11927
11925
11924
11923
11922
11921
11919
11918
11917
11916
11914
11913
11912
11911
11909
11908
11906
11905
11904
11902
11901
11900
11898
11897
11895
11894
11892
11891
11889
11888
11886
11885
11883
11882
11880
11879
11877
11876
11874
11873
11871
11870
11868
11866
11865
11863
11862
11860
11859
11857
11855
11854
11852
11850
11849
11847
11845
11844
11842
11840
11839
11837
11835
11834
11832
11830
11828
11827
11825
11823
11821
11820
11818
11816
11814
11813
11811
11809
11807
11805
11804
11802
11800
11798
11796
11794
11792
11791
11789
11787
11785
11783
11781
11779
11777
11775
11774
11772
11770
11768
11766
11764
11762
11760
11758
11756
11754
11752
11750
11748
11746
11744
11742
11740
11737
11735
11733
11731
11729
11727
11725
11723
11721
11719
11716
11714
11712
11710
11708
11706
11704
11701
11699
11697
11695
11693
11690
11688
11686
11684
11682
11679
11677
11675
11673
11670
11668
11666
11664
11661
11659
11657
11654
11652
11650
11647
11645
11642
11640
11638
11635
11633
11630
11628
11626
11623
11621
11618
11616
11613
11611
11608
11606
11604
11601
11599
11596
11594
11591
11589
11586
11584
11581
11579
11576
11574
11571
11569
11566
11564
11561
11559
11556
11553
11551
11548
11546
11543
11540
11538
11535
11532
11530
11527
11524
11522
11519
11516
11514
11511
11508
11506
11503
11500
11497
11495
11492
11489
11486
11484
11481
11478
11475
11472
11470
11467
11464
11461
11459
11456
11453
11450
11447
11444
11441
11439
11436
11433
11430
11427
11424
11421
11418
11415
11412
11410
11407
11404
11401
11398
11395
11392
11389
11386
11383
11380
11377
11374
11371
11368
11364
11361
11358
11355
11352
11349
11346
11343
11340
11337
11334
11330
11327
11324
11321
11318
11315
11312
11308
11305
11302
11299
11296
11293
11289
11286
11283
11280
11276
11273
11270
11267
11263
11260
11257
11254
11250
11247
11244
11240
11237
11234
11230
11227
11224
11220
11217
11214
11210
11207
11204
11200
11197
11194
11190
11187
11184
11180
11177
11174
11170
11167
11163
11160
11157
11153
11150
11146
11143
11140
11136
11133
11129
11126
11122
11119
11115
11112
11109
11105
11102
11098
11095
11091
11088
11084
11081
11077
11074
11070
11067
11063
11060
11056
11053
11049
11046
11042
11039
11035
11031
11028
11024
11021
11017
11014
11010
11007
11003
11000
10996
10993
10989
10985
10982
10978
10975
10971
10968
10964
10960
10957
10953
10950
10946
10942
10939
10935
10931
10928
10924
10921
10917
10913
10910
10906
10902
10899
10895
10891
10888
10884
10880
10877
10873
10870
10866
10862
10859
10855
10851
10848
10844
10840
10837
10833
10829
10826
10822
10818
10814
10811
10807
10803
10800
10796
10792
10789
10785
10781
10777
10774
10770
10766
10762
10759
10755
10751
10747
10744
10740
10736
10732
10729
10725
10721
10717
10714
10710
10706
10702
10698
10695
10691
10687
10683
10679
10676
10672
10668
10664
10660
10656
10653
10649
10645
10641
10637
10633
10629
10626
10622
10618
10614
10610
10606
10602
10598
10595
10591
10587
10583
10579
10575
10571
10567
10563
10559
10555
10552
10548
10544
10540
10536
10532
10528
10524
10520
10516
10512
10508
10504
10500
10496
10492
10488
10484
10480
10476
10472
10468
10464
10460
10456
10452
10448
10444
10440
10436
10432
10428
10424
10420
10416
10412
10408
10404
10400
10396
10392
10388
10384
10380
10376
10372
10368
10364
10360
10356
10352
10348
10344
10340
10336
10332
10328
10323
10319
10315
10311
10307
10303
10299
10295
10291
10287
10283
10279
10275
10271
10266
10262
10258
10254
10250
10246
10242
10238
10234
10230
10226
10222
10218
10213
10209
10205
10201
10197
10193
10189
10185
10181
10177
10173
10168
10164
10160
10156
10152
10148
10144
10140
10136
10131
10127
10123
10119
10115
10111
10107
10102
10098
10094
10090
10086
10082
10078
10073
10069
10065
10061
10057
10053
10048
10044
10040
10036
10032
10028
10023
10019
10015
10011
10007
10003
9998
9994
9990
9986
9982
9977
9973
9969
9965
9961
9956
9952
9948
9944
9940
9935
9931
9927
9923
9918
9914
9910
9906
9901
9897
9893
9889
9884
9880
9876
9872
9867
9863
9859
9854
9850
9846
9842
9837
9833
9829
9825
9820
9816
9812
9807
9803
9799
9795
9790
9786
9782
9778
9773
9769
9765
9760
9756
9752
9748
9743
9739
9735
9730
9726
9722
9717
9713
9709
9704
9700
9696
9692
9687
9683
9679
9674
9670
9666
9661
9657
9653
9649
9644
9640
9636
9631
9627
9623
9618
9614
9610
9605
9601
9597
9593
9588
9584
9580
9575
9571
9567
9562
9558
9554
9549
9545
9541
9536
9532
9528
9523
9519
9515
9510
9506
9502
9498
9493
9489
9485
9480
9476
9472
9467
9463
9459
9455
9450
9446
9442
9437
9433
9429
9425
9420
9416
9412
9407
9403
9399
9395
9390
9386
9382
9378
9373
9369
9365
9360
9356
9352
9348
9343
9339
9335
9331
9326
9322
9318
9313
9309
9305
9301
9296
9292
9288
9284
9279
9275
9271
9267
9262
9258
9254
9250
9245
9241
9237
9232
9228
9224
9220
9215
9211
9207
9203
9198
9194
9190
9185
9181
9177
9173
9168
9164
9160
9155
9151
9147
9143
9138
9134
9130
9125
9121
9117
9113
9108
9104
9100
9095
9091
9087
9082
9078
9074
9069
9065
9061
9057
9052
9048
9044
9039
9035
9031
9026
9022
9018
9013
9009
9005
9001
8996
8992
8988
8983
8979
8975
8971
8966
8962
8958
8953
8949
8945
8940
8936
8932
8928
8923
8919
8915
8910
8906
8902
8898
8893
8889
8885
8880
8876
8872
8868
8863
8859
8855
8851
8846
8842
8838
8834
8829
8825
8821
8817
8813
8808
8804
8800
8796
8791
8787
8783
8779
8775
8770
8766
8762
8758
8753
8749
8745
8741
8736
8732
8728
8724
8720
8715
8711
8707
8703
8699
8694
8690
8686
8682
8678
8673
8669
8665
8661
8657
8652
8648
8644
8640
8636
8632
8627
8623
8619
8615
8611
8606
8602
8598
8594
8590
8586
8581
8577
8573
8569
8565
8560
8556
8552
8548
8544
8539
8535
8531
8527
8523
8519
8514
8510
8506
8502
8498
8494
8489
8485
8481
8477
8473
8468
8464
8460
8456
8452
8448
8443
8439
8435
8431
8427
8423
8418
8414
8410
8406
8402
8398
8393
8389
8385
8381
8377
8373
8368
8364
8360
8356
8352
8348
8343
8339
8335
8331
8327
8323
8319
8314
8310
8306
8302
8298
8294
8289
8285
8281
8277
8273
8269
8265
8260
8256
8252
8248
8244
8240
8236
8231
8227
8223
8219
8215
8211
8207
8202
8198
8194
8190
8186
8182
8178
8173
8169
8165
8161
8157
8153
8149
8145
8140
8136
8132
8128
8124
8120
8116
8112
8107
8103
8099
8095
8091
8087
8083
8079
8074
8070
8066
8062
8058
8054
8050
8046
8042
8037
8033
8029
8025
8021
8017
8013
8009
8005
8001
7996
7992
7988
7984
7980
7976
7972
7968
7964
7960
7956
7952
7947
7943
7939
7935
7931
7927
7923
7919
7915
7911
7907
7903
7899
7894
7890
7886
7882
7878
7874
7870
7866
7862
7858
7854
7850
7846
7842
7838
7834
7830
7826
7822
7818
7814
7810
7805
7801
7797
7793
7789
7785
7781
7777
7773
7769
7765
7761
7757
7753
7749
7745
7741
7737
7733
7729
7725
7721
7717
7713
7709
7705
7701
7697
7693
7689
7685
7681
7677
7673
7669
7665
7662
7658
7654
7650
7646
7642
7638
7634
7630
7626
7622
7618
7614
7610
7606
7602
7598
7594
7591
7587
7583
7579
7575
7571
7567
7563
7559
7555
7551
7548
7544
7540
7536
7532
7528
7524
7520
7516
7512
7509
7505
7501
7497
7493
7489
7485
7481
7477
7473
7470
7466
7462
7458
7454
7450
7446
7442
7439
7435
7431
7427
7423
7419
7415
7411
7408
7404
7400
7396
7392
7388
7384
7380
7377
7373
7369
7365
7361
7357
7353
7349
7346
7342
7338
7334
7330
7326
7322
7319
7315
7311
7307
7303
7299
7295
7291
7287
7284
7280
7276
7272
7268
7264
7260
7256
7253
7249
7245
7241
7237
7233
7229
7225
7222
7218
7214
7210
7206
7202
7198
7194
7191
7187
7183
7179
7175
7171
7167
7163
7160
7156
7152
7148
7144
7140
7136
7133
7129
7125
7121
7117
7113
7109
7106
7102
7098
7094
7090
7086
7082
7079
7075
7071
7067
7063
7059
7055
7052
7048
7044
7040
7036
7032
7029
7025
7021
7017
7013
7010
7006
7002
6998
6994
6990
6987
6983
6979
6975
6971
6968
6964
6960
6956
6952
6949
6945
6941
6937
6934
6930
6926
6922
6919
6915
6911
6907
6904
6900
6896
6892
6889
6885
6881
6877
6874
6870
6866
6863
6859
6855
6851
6848
6844
6840
6837
6833
6829
6825
6822
6818
6814
6811
6807
6803
6800
6796
6792
6789
6785
6781
6778
6774
6770
6767
6763
6759
6756
6752
6748
6745
6741
6737
6734
6730
6726
6723
6719
6715
6712
6708
6704
6701
6697
6693
6690
6686
6682
6679
6675
6671
6668
6664
6660
6657
6653
6649
6646
6642
6638
6635
6631
6627
6624
6620
6616
6613
6609
6606
6602
6598
6595
6591
6587
6584
6580
6576
6573
6569
6565
6562
6558
6554
6551
6547
6543
6540
6536
6532
6529
6525
6522
6518
6514
6511
6507
6503
6500
6496
6493
6489
6485
6482
6478
6474
6471
6467
6464
6460
6456
6453
6449
6446
6442
6438
6435
6431
6428
6424
6420
6417
6413
6410
6406
6402
6399
6395
6392
6388
6384
6381
6377
6374
6370
6367
6363
6359
6356
6352
6349
6345
6342
6338
6335
6331
6327
6324
6320
6317
6313
6310
6306
6303
6299
6296
6292
6289
6285
6282
6278
6274
6271
6267
6264
6260
6257
6253
6250
6246
6243
6239
6236
6232
6229
6225
6222
6218
6215
6212
6208
6205
6201
6198
6194
6191
6187
6184
6180
6177
6173
6170
6166
6163
6160
6156
6153
6149
6146
6142
6139
6136
6132
6129
6125
6122
6118
6115
6112
6108
6105
6101
6098
6094
6091
6088
6084
6081
6077
6074
6071
6067
6064
6060
6057
6054
6050
6047
6043
6040
6037
6033
6030
6026
6023
6020
6016
6013
6009
6006
6003
5999
5996
5993
5989
5986
5982
5979
5976
5972
5969
5966
5962
5959
5955
5952
5949
5945
5942
5939
5935
5932
5929
5925
5922
5918
5915
5912
5908
5905
5902
5898
5895
5892
5888
5885
5882
5878
5875
5872
5868
5865
5862
5858
5855
5852
5848
5845
5842
5838
5835
5832
5828
5825
5822
5818
5815
5812
5808
5805
5802
5799
5795
5792
5789
5785
5782
5779
5775
5772
5769
5765
5762
5759
5756
5752
5749
5746
5742
5739
5736
5732
5729
5726
5723
5719
5716
5713
5709
5706
5703
5700
5696
5693
5690
5687
5683
5680
5677
5674
5670
5667
5664
5660
5657
5654
5651
5647
5644
5641
5638
5634
5631
5628
5625
5622
5618
5615
5612
5609
5605
5602
5599
5596
5593
5589
5586
5583
5580
5576
5573
5570
5567
5564
5560
5557
5554
5551
5548
5544
5541
5538
5535
5532
5529
5525
5522
5519
5516
5513
5509
5506
5503
5500
5497
5494
5490
5487
5484
5481
5478
5475
5472
5468
5465
5462
5459
5456
5453
5449
5446
5443
5440
5437
5434
5431
5428
5424
5421
5418
5415
5412
5409
5406
5403
5399
5396
5393
5390
5387
5384
5381
5378
5375
5372
5369
5365
5362
5359
5356
5353
5350
5347
5344
5341
5338
5335
5332
5329
5326
5322
5319
5316
5313
5310
5307
5304
5301
5298
5295
5292
5289
5286
5283
5280
5277
5274
5271
5268
5265
5262
5259
5256
5253
5250
5247
5244
5241
5238
5235
5232
5229
5226
5223
5220
5217
5214
5211
5208
5205
5202
5199
5196
5193
5190
5187
5184
5182
5179
5176
5173
5170
5167
5164
5161
5158
5155
5152
5149
5146
5143
5140
5137
5135
5132
5129
5126
5123
5120
5117
5114
5111
5108
5105
5102
5100
5097
5094
5091
5088
5085
5082
5079
5076
5073
5071
5068
5065
5062
5059
5056
5053
5050
5047
5044
5042
5039
5036
5033
5030
5027
5024
5021
5019
5016
5013
5010
5007
5004
5001
4998
4996
4993
4990
4987
4984
4981
4978
4976
4973
4970
4967
4964
4961
4959
4956
4953
4950
4947
4944
4942
4939
4936
4933
4930
4927
4925
4922
4919
4916
4913
4910
4908
4905
4902
4899
4896
4894
4891
4888
4885
4882
4880
4877
4874
4871
4868
4866
4863
4860
4857
4854
4852
4849
4846
4843
4841
4838
4835
4832
4829
4827
4824
4821
4818
4816
4813
4810
4807
4805
4802
4799
4796
4794
4791
4788
4785
4783
4780
4777
4774
4772
4769
4766
4763
4761
4758
4755
4753
4750
4747
4744
4742
4739
4736
4734
4731
4728
4725
4723
4720
4717
4715
4712
4709
4707
4704
4701
4699
4696
4693
4691
4688
4685
4682
4680
4677
4674
4672
4669
4666
4664
4661
4658
4656
4653
4650
4648
4645
4642
4640
4637
4635
4632
4629
4627
4624
4621
4619
4616
4613
4611
4608
4605
4603
4600
4597
4595
4592
4590
4587
4584
4582
4579
4576
4574
4571
4569
4566
4563
4561
4558
4555
4553
4550
4548
4545
4542
4540
4537
4534
4532
4529
4527
4524
4521
4519
4516
4514
4511
4508
4506
4503
4501
4498
4495
4493
4490
4487
4485
4482
4480
4477
4475
4472
4469
4467
4464
4462
4459
4456
4454
4451
4449
4446
4443
4441
4438
4436
4433
4431
4428
4425
4423
4420
4418
4415
4413
4410
4408
4405
4402
4400
4397
4395
4392
4390
4387
4385
4382
4380
4377
4375
4372
4369
4367
4364
4362
4359
4357
4354
4352
4349
4347
4344
4342
4339
4337
4334
4332
4329
4327
4325
4322
4320
4317
4315
4312
4310
4307
4305
4302
4300
4297
4295
4292
4290
4288
4285
4283
4280
4278
4275
4273
4270
4268
4266
4263
4261
4258
4256
4253
4251
4249
4246
4244
4241
4239
4237
4234
4232
4229
4227
4225
4222
4220
4217
4215
4213
4210
4208
4205
4203
4201
4198
4196
4193
4191
4189
4186
4184
4182
4179
4177
4174
4172
4170
4167
4165
4163
4160
4158
4156
4153
4151
4149
4146
4144
4141
4139
4137
4134
4132
4130
4127
4125
4123
4120
4118
4116
4113
4111
4109
4106
4104
4102
4099
4097
4095
4092
4090
4088
4085
4083
4081
4078
4076
4074
4071
4069
4067
4065
4062
4060
4058
4055
4053
4051
4048
4046
4044
4041
4039
4037
4034
4032
4030
4028
4025
4023
4021
4018
4016
4014
4011
4009
4007
4005
4002
4000
3998
3995
3993
3991
3989
3986
3984
3982
3979
3977
3975
3973
3970
3968
3966
3963
3961
3959
3957
3954
3952
3950
3948
3945
3943
3941
3939
3936
3934
3932
3930
3927
3925
3923
3921
3918
3916
3914
3912
3909
3907
3905
3903
3900
3898
3896
3894
3892
3889
3887
3885
3883
3880
3878
3876
3874
3872
3869
3867
3865
3863
3860
3858
3856
3854
3852
3849
3847
3845
3843
3841
3838
3836
3834
3832
3830
3827
3825
3823
3821
3819
3816
3814
3812
3810
3808
3805
3803
3801
3799
3797
3795
3792
3790
3788
3786
3784
3781
3779
3777
3775
3773
3770
3768
3766
3764
3762
3760
3757
3755
3753
3751
3749
3746
3744
3742
3740
3738
3736
3733
3731
3729
3727
3725
3723
3720
3718
3716
3714
3712
3710
3707
3705
3703
3701
3699
3697
3694
3692
3690
3688
3686
3684
3681
3679
3677
3675
3673
3671
3668
3666
3664
3662
3660
3658
3655
3653
3651
3649
3647
3645
3643
3640
3638
3636
3634
3632
3630
3628
3625
3623
3621
3619
3617
3615
3613
3610
3608
3606
3604
3602
3600
3598
3595
3593
3591
3589
3587
3585
3583
3581
3578
3576
3574
3572
3570
3568
3566
3564
3561
3559
3557
3555
3553
3551
3549
3547
3545
3542
3540
3538
3536
3534
3532
3530
3528
3526
3524
3521
3519
3517
3515
3513
3511
3509
3507
3505
3503
3501
3499
3496
3494
3492
3490
3488
3486
3484
3482
3480
3478
3476
3474
3472
3470
3468
3466
3464
3461
3459
3457
3455
3453
3451
3449
3447
3445
3443
3441
3439
3437
3435
3433
3431
3429
3427
3425
3423
3421
3419
3417
3414
3412
3410
3408
3406
3404
3402
3400
3398
3396
3394
3392
3390
3388
3386
3384
3382
3380
3378
3376
3374
3372
3370
3368
3366
3364
3362
3360
3358
3356
3354
3352
3350
3348
3346
3344
3342
3340
3338
3336
3334
3332
3330
3328
3326
3324
3322
3320
3318
3316
3314
3312
3311
3309
3307
3305
3303
3301
3299
3297
3295
3293
3291
3289
3287
3285
3283
3281
3279
3277
3275
3273
3271
3269
3268
3266
3264
3262
3260
3258
3256
3254
3252
3250
3248
3246
3244
3242
3240
3238
3237
3235
3233
3231
3229
3227
3225
3223
3221
3219
3217
3215
3213
3212
3210
3208
3206
3204
3202
3200
3198
3196
3194
3192
3190
3189
3187
3185
3183
3181
3179
3177
3175
3173
3171
3169
3168
3166
3164
3162
3160
3158
3156
3154
3152
3150
3148
3147
3145
3143
3141
3139
3137
3135
3133
3131
3129
3127
3126
3124
3122
3120
3118
3116
3114
3112
3110
3108
3107
3105
3103
3101
3099
3097
3095
3093
3091
3089
3087
3086
3084
3082
3080
3078
3076
3074
3072
3070
3068
3067
3065
3063
3061
3059
3057
3055
3053
3051
3050
3048
3046
3044
3042
3040
3038
3036
3034
3033
3031
3029
3027
3025
3023
3021
3019
3017
3016
3014
3012
3010
3008
3006
3004
3002
3001
2999
2997
2995
2993
2991
2989
2987
2986
2984
2982
2980
2978
2976
2974
2973
2971
2969
2967
2965
2963
2961
2959
2958
2956
2954
2952
2950
2948
2946
2945
2943
2941
2939
2937
2935
2934
2932
2930
2928
2926
2924
2922
2921
2919
2917
2915
2913
2911
2910
2908
2906
2904
2902
2900
2899
2897
2895
2893
2891
2890
2888
2886
2884
2882
2880
2879
2877
2875
2873
2871
2869
2868
2866
2864
2862
2860
2859
2857
2855
2853
2851
2850
2848
2846
2844
2842
2840
2839
2837
2835
2833
2831
2830
2828
2826
2824
2822
2821
2819
2817
2815
2813
2812
2810
2808
2806
2804
2803
2801
2799
2797
2795
2794
2792
2790
2788
2786
2785
2783
2781
2779
2777
2776
2774
2772
2770
2768
2767
2765
2763
2761
2759
2758
2756
2754
2752
2751
2749
2747
2745
2743
2742
2740
2738
2736
2735
2733
2731
2729
2727
2726
2724
2722
2720
2719
2717
2715
2713
2711
2710
2708
2706
2704
2703
2701
2699
2697
2696
2694
2692
2690
2689
2687
2685
2683
2682
2680
2678
2676
2675
2673
2671
2669
2668
2666
2664
2662
2661
2659
2657
2655
2654
2652
2650
2648
2647
2645
2643
2642
2640
2638
2636
2635
2633
2631
2630
2628
2626
2624
2623
2621
2619
2618
2616
2614
2612
2611
2609
2607
2606
2604
2602
2601
2599
2597
2595
2594
2592
2590
2589
2587
2585
2584
2582
2580
2579
2577
2575
2573
2572
2570
2568
2567
2565
2563
2562
2560
2558
2557
2555
2553
2552
2550
2548
2547
2545
2543
2542
2540
2538
2536
2535
2533
2531
2530
2528
2526
2525
2523
2521
2520
2518
2516
2515
2513
2511
2510
2508
2506
2505
2503
2501
2500
2498
2496
2495
2493
2491
2490
2488
2487
2485
2483
2482
2480
2478
2477
2475
2473
2472
2470
2468
2467
2465
2463
2462
2460
2458
2457
2455
2453
2452
2450
2448
2447
2445
2443
2442
2440
2438
2437
2435
2433
2432
2430
2428
2427
2425
2423
2422
2420
2418
2417
2415
2414
2412
2410
2409
2407
2405
2404
2402
2400
2399
2397
2395
2394
2392
2390
2389
2387
2385
2384
2382
2381
2379
2377
2376
2374
2372
2371
2369
2367
2366
2364
2362
2361
2359
2358
2356
2354
2353
2351
2349
2348
2346
2344
2343
2341
2340
2338
2336
2335
2333
2331
2330
2328
2326
2325
2323
2322
2320
2318
2317
2315
2313
2312
2310
2309
2307
2305
2304
2302
2300
2299
2297
2296
2294
2292
2291
2289
2288
2286
2284
2283
2281
2279
2278
2276
2275
2273
2271
2270
2268
2267
2265
2263
2262
2260
2259
2257
2255
2254
2252
2251
2249
2247
2246
2244
2243
2241
2239
2238
2236
2235
2233
2231
2230
2228
2227
2225
2223
2222
2220
2219
2217
2216
2214
2212
2211
2209
2208
2206
2204
2203
2201
2200
2198
2197
2195
2193
2192
2190
2189
2187
2186
2184
2182
2181
2179
2178
2176
2175
2173
2171
2170
2168
2167
2165
2164
2162
2161
2159
2157
2156
2154
2153
2151
2150
2148
2147
2145
2144
2142
2141
2139
2137
2136
2134
2133
2131
2130
2128
2127
2125
2124
2122
2121
2119
2118
2116
2115
2113
2112
2110
2109
2107
2105
2104
2102
2101
2099
2098
2096
2095
2093
2092
2090
2089
2087
2086
2084
2083
2081
2080
2078
2077
2075
2074
2072
2071
2069
2068
2066
2065
2063
2062
2060
2059
2057
2056
2055
2053
2052
2050
2049
2047
2046
2044
2043
2041
2040
2038
2037
2035
2034
2032
2031
2029
2028
2026
2025
2023
2022
2021
2019
2018
2016
2015
2013
2012
2010
2009
2007
2006
2004
2003
2002
2000
1999
1997
1996
1994
1993
1991
1990
1988
1987
1985
1984
1983
1981
1980
1978
1977
1975
1974
1972
1971
1970
1968
1967
1965
1964
1962
1961
1959
1958
1956
1955
1954
1952
1951
1949
1948
1946
1945
1943
1942
1941
1939
1938
1936
1935
1933
1932
1930
1929
1928
1926
1925
1923
1922
1920
1919
1918
1916
1915
1913
1912
1910
1909
1908
1906
1905
1903
1902
1900
1899
1897
1896
1895
1893
1892
1890
1889
1887
1886
1885
1883
1882
1880
1879
1878
1876
1875
1873
1872
1870
1869
1868
1866
1865
1863
1862
1860
1859
1858
1856
1855
1853
1852
1851
1849
1848
1846
1845
1843
1842
1841
1839
1838
1836
1835
1834
1832
1831
1829
1828
1826
1825
1824
1822
1821
1819
1818
1817
1815
1814
1812
1811
1810
1808
1807
1805
1804
1803
1801
1800
1798
1797
1796
1794
1793
1791
1790
1788
1787
1786
1784
1783
1781
1780
1779
1777
1776
1774
1773
1772
1770
1769
1767
1766
1765
1763
1762
1760
1759
1758
1756
1755
1753
1752
1751
1749
1748
1747
1745
1744
1742
1741
1740
1738
1737
1735
1734
1733
1731
1730
1728
1727
1726
1724
1723
1722
1720
1719
1717
1716
1715
1713
1712
1710
1709
1708
1706
1705
1704
1702
1701
1700
1698
1697
1695
1694
1693
1691
1690
1689
1687
1686
1685
1683
1682
1681
1679
1678
1676
1675
1674
1672
1671
1670
1668
1667
1666
1664
1663
1662
1660
1659
1658
1656
1655
1654
1652
1651
1650
1648
1647
1646
1644
1643
1642
1640
1639
1638
1636
1635
1634
1632
1631
1630
1628
1627
1626
1624
1623
1622
1620
1619
1618
1616
1615
1614
1612
1611
1610
1608
1607
1606
1605
1603
1602
1601
1599
1598
1597
1595
1594
1593
1591
1590
1589
1588
1586
1585
1584
1582
1581
1580
1579
1577
1576
1575
1573
1572
1571
1569
1568
1567
1566
1564
1563
1562
1560
1559
1558
1557
1555
1554
1553
1552
1550
1549
1548
1546
1545
1544
1543
1541
1540
1539
1538
1536
1535
1534
1532
1531
1530
1529
1527
1526
1525
1524
1522
1521
1520
1519
1517
1516
1515
1513
1512
1511
1510
1508
1507
1506
1505
1503
1502
1501
1500
1498
1497
1496
1495
1493
1492
1491
1490
1488
1487
1486
1485
1483
1482
1481
1480
1479
1477
1476
1475
1474
1472
1471
1470
1469
1467
1466
1465
1464
1462
1461
1460
1459
1458
1456
1455
1454
1453
1451
1450
1449
1448
1446
1445
1444
1443
1442
1440
1439
1438
1437
1435
1434
1433
1432
1430
1429
1428
1427
1426
1424
1423
1422
1421
1419
1418
1417
1416
1415
1413
1412
1411
1410
1408
1407
1406
1405
1404
1402
1401
1400
1399
1398
1396
1395
1394
1393
1391
1390
1389
1388
1387
1385
1384
1383
1382
1380
1379
1378
1377
1376
1374
1373
1372
1371
1370
1368
1367
1366
1365
1363
1362
1361
1360
1359
1357
1356
1355
1354
1352
1351
1350
1349
1348
1346
1345
1344
1343
1341
1340
1339
1338
1337
1335
1334
1333
1332
1330
1329
1328
1327
1326
1324
1323
1322
1321
1319
1318
1317
1316
1315
1313
1312
1311
1310
1308
1307
1306
1305
1304
1302
1301
1300
1299
1298
1296
1295
1294
1293
1291
1290
1289
1288
1287
1285
1284
1283
1282
1280
1279
1278
1277
1276
1274
1273
1272
1271
1269
1268
1267
1266
1265
1263
1262
1261
1260
1259
1257
1256
1255
1254
1253
1251
1250
1249
1248
1246
1245
1244
1243
1242
1240
1239
1238
1237
1236
1234
1233
1232
1231
1230
1228
1227
1226
1225
1224
1222
1221
1220
1219
1218
1217
1215
1214
1213
1212
1211
1209
1208
1207
1206
1205
1203
1202
1201
1200
1199
1198
1196
1195
1194
1193
1192
1190
1189
1188
1187
1186
1185
1183
1182
1181
1180
1179
1178
1176
1175
1174
1173
1172
1170
1169
1168
1167
1166
1165
1163
1162
1161
1160
1159
1158
1156
1155
1154
1153
1152
1151
1150
1148
1147
1146
1145
1144
1143
1141
1140
1139
1138
1137
1136
1135
1133
1132
1131
1130
1129
1128
1126
1125
1124
1123
1122
1121
1120
1118
1117
1116
1115
1114
1113
1112
1110
1109
1108
1107
1106
1105
1104
1102
1101
1100
1099
1098
1097
1096
1095
1093
1092
1091
1090
1089
1088
1087
1085
1084
1083
1082
1081
1080
1079
1078
1076
1075
1074
1073
1072
1071
1070
1069
1067
1066
1065
1064
1063
1062
1061
1060
1058
1057
1056
1055
1054
1053
1052
1051
1050
1048
1047
1046
1045
1044
1043
1042
1041
1039
1038
1037
1036
1035
1034
1033
1032
1031
1029
1028
1027
1026
1025
1024
1023
1022
1021
1019
1018
1017
1016
1015
1014
1013
1012
1011
1010
1008
1007
1006
1005
1004
1003
1002
1001
1000
998
997
996
995
994
993
992
991
990
988
987
986
985
984
983
982
981
980
979
977
976
975
974
973
972
971
970
969
967
966
965
964
963
962
961
960
959
957
956
955
954
953
952
951
950
949
947
946
945
944
943
942
941
940
939
938
936
935
934
933
932
931
930
929
928
926
925
924
923
922
921
920
919
918
916
915
914
913
912
911
910
909
908
906
905
904
903
902
901
900
899
898
896
895
894
893
892
891
890
889
888
886
885
884
883
882
881
880
879
878
876
875
874
873
872
871
870
869
868
867
865
864
863
862
861
860
859
858
857
855
854
853
852
851
850
849
848
847
846
844
843
842
841
840
839
838
837
836
835
833
832
831
830
829
828
827
826
825
824
822
821
820
819
818
817
816
815
814
813
811
810
809
808
807
806
805
804
803
802
801
799
798
797
796
795
794
793
792
791
790
789
787
786
785
784
783
782
781
780
779
778
777
776
774
773
772
771
770
769
768
767
766
765
764
763
761
760
759
758
757
756
755
754
753
752
751
750
749
747
746
745
744
743
742
741
740
739
738
737
736
735
734
733
731
730
729
728
727
726
725
724
723
722
721
720
719
718
717
716
715
714
713
711
710
709
708
707
706
705
704
703
702
701
700
699
698
697
696
695
694
693
692
691
690
689
688
687
685
684
683
682
681
680
679
678
677
676
675
674
673
672
671
670
669
668
667
666
665
664
663
662
661
660
659
658
657
656
655
654
653
652
651
650
649
648
647
646
645
644
643
642
641
640
639
638
637
636
635
634
633
632
631
630
629
628
627
626
625
624
623
622
621
620
619
618
617
616
615
614
613
612
611
610
609
608
607
606
605
604
603
602
601
600
599
598
597
596
595
594
593
592
591
590
589
588
587
586
585
584
583
582
581
580
579
578
577
576
575
574
573
572
571
570
569
568
567
566
565
564
563
562
561
560
559
558
557
556
555
554
553
552
551
550
549
548
547
546
545
544
543
542
541
540
540
539
538
537
536
535
534
533
532
531
530
529
528
527
526
525
524
523
522
521
520
519
518
517
516
515
514
513
512
511
510
509
508
507
506
505
504
503
502
502
501
500
499
498
497
496
495
494
493
492
491
490
489
488
487
486
485
484
483
482
481
480
479
478
477
476
475
474
474
473
472
471
470
469
468
467
466
465
464
463
462
461
460
459
458
457
456
455
454
453
452
451
451
450
449
448
447
446
445
444
443
442
441
440
439
438
437
436
435
434
433
432
431
431
430
429
428
427
426
425
424
423
422
421
420
419
418
417
416
415
414
414
413
412
411
410
409
408
407
406
405
404
403
402
401
401
400
399
398
397
396
395
394
393
392
391
390
389
388
388
387
386
385
384
383
382
381
380
379
378
377
377
376
375
374
373
372
371
370
369
368
367
367
366
365
364
363
362
361
360
359
358
358
357
356
355
354
353
352
351
350
349
349
348
347
346
345
344
343
342
341
341
340
339
338
337
336
335
334
333
333
332
331
330
329
328
327
326
326
325
324
323
322
321
320
319
319
318
317
316
315
314
313
312
312
311
310
309
308
307
306
305
305
304
303
302
301
300
299
299
298
297
296
295
294
293
292
292
291
290
289
288
287
286
286
285
284
283
282
281
280
280
279
278
277
276
275
274
274
273
272
271
270
269
268
268
267
266
265
264
263
262
262
261
260
259
258
257
257
256
255
254
253
252
251
251
250
249
248
247
246
245
245
244
243
242
241
240
240
239
238
237
236
235
235
234
233
232
231
230
230
229
228
227
226
225
224
224
223
222
221
220
219
219
218
217
216
215
214
214
213
212
211
210
209
209
208
207
206
205
204
204
203
202
201
200
199
199
198
197
196
195
194
194
193
192
191
190
189
189
188
187
186
185
185
184
183
182
181
180
180
179
178
177
176
175
175
174
173
172
171
170
170
169
168
167
166
165
165
164
163
162
161
160
160
159
158
157
156
156
155
154
153
152
151
151
150
149
148
147
146
146
145
144
143
142
141
141
140
139
138
137
137
136
135
134
133
132
132
131
130
129
128
127
127
126
125
124
123
123
122
121
120
119
118
118
117
116
115
114
114
113
112
111
110
109
109
108
107
106
105
105
104
103
102
101
101
100
99
98
97
96
96
95
94
93
92
92
91
90
89
88
88
87
86
85
84
84
83
82
81
80
80
79
78
77
76
76
75
74
73
72
72
71
70
69
68
68
67
66
65
64
64
63
62
61
60
60
59
58
57
57
56
55
54
53
53
52
51
50
49
49
48
47
46
46
45
44
43
42
42
41
40
39
38
38
37
36
35
35
34
33
32
31
31
30
29
28
28
27
26
25
25
24
23
22
21
21
20
19
18
18
17
16
15
14
14
13
12
11
11
10
9
8
8
7
6
5
5
4
3
2
1
1
0
0
-1
-1
-2
-3
-4
-4
-5
-6
-7
-7
-8
-9
-10
-10
-11
-12
-13
-13
-14
-15
-16
-16
-17
-18
-19
-20
-20
-21
-22
-23
-23
-24
-25
-26
-26
-27
-28
-29
-29
-30
-31
-32
-32
-33
-34
-34
-35
-36
-37
-37
-38
-39
-40
-40
-41
-42
-43
-43
-44
-45
-46
-46
-47
-48
-49
-49
-50
-51
-52
-52
-53
-54
-55
-55
-56
-57
-58
-58
-59
-60
-61
-61
-62
-63
-64
-64
-65
-66
-67
-67
-68
-69
-69
-70
-71
-72
-72
-73
-74
-75
-75
-76
-77
-78
-78
-79
-80
-81
-81
-82
-83
-84
-84
-85
-86
-87
-87
-88
-89
-90
-90
-91
-92
-92
-93
-94
-95
-95
-96
-97
-98
-98
-99
-100
-101
-101
-102
-103
-104
-104
-105
-106
-107
-107
-108
-109
-110
-110
-111
-112
-112
-113
-114
-115
-115
-116
-117
-118
-118
-119
-120
-121
-121
-122
-123
-124
-124
-125
-126
-126
-127
-128
-129
-129
-130
-131
-132
-132
-133
-134
-135
-135
-136
-137
-137
-138
-139
-140
-140
-141
-142
-143
-143
-144
-145
-145
-146
-147
-148
-148
-149
-150
-151
-151
-152
-153
-153
-154
-155
-156
-156
-157
-158
-159
-159
-160
-161
-161
-162
-163
-164
-164
-165
-166
-166
-167
-168
-169
-169
-170
-171
-172
-172
-173
-174
-174
-175
-176
-177
-177
-178
-179
-179
-180
-181
-182
-182
-183
-184
-184
-185
-186
-187
-187
-188
-189
-189
-190
-191
-192
-192
-193
-194
-194
-195
-196
-196
-197
-198
-199
-199
-200
-201
-201
-202
-203
-204
-204
-205
-206
-206
-207
-208
-208
-209
-210
-211
-211
-212
-213
-213
-214
-215
-215
-216
-217
-218
-218
-219
-220
-220
-221
-222
-222
-223
-224
-225
-225
-226
-227
-227
-228
-229
-229
-230
-231
-231
-232
-233
-234
-234
-235
-236
-236
-237
-238
-238
-239
-240
-240
-241
-242
-242
-243
-244
-244
-245
-246
-247
-247
-248
-249
-249
-250
-251
-251
-252
-253
-253
-254
-255
-255
-256
-257
-257
-258
-259
-259
-260
-261
-261
-262
-263
-263
-264
-265
-265
-266
-267
-267
-268
-269
-269
-270
-271
-271
-272
-273
-273
-274
-275
-275
-276
-277
-277
-278
-279
-279
-280
-281
-281
-282
-283
-283
-284
-285
-285
-286
-287
-287
-288
-289
-289
-290
-291
-291
-292
-293
-293
-294
-295
-295
-296
-297
-297
-298
-299
-299
-300
-300
-301
-302
-302
-303
-304
-304
-305
-306
-306
-307
-308
-308
-309
-310
-310
-311
-312
-312
-313
-313
-314
-315
-315
-316
-317
-317
-318
-319
-319
-320
-321
-321
-322
-323
-323
-324
-325
-325
-326
-326
-327
-328
-328
-329
-330
-330
-331
-332
-332
-333
-334
-334
-335
-335
-336
-337
-337
-338
-339
-339
-340
-341
-341
-342
-343
-343
-344
-344
-345
-346
-346
-347
-348
-348
-349
-350
-350
-351
-352
-352
-353
-353
-354
-355
-355
-356
-357
-357
-358
-359
-359
-360
-360
-361
-362
-362
-363
-364
-364
-365
-366
-366
-367
-367
-368
-369
-369
-370
-371
-371
-372
-373
-373
-374
-374
-375
-376
-376
-377
-378
-378
-379
-379
-380
-381
-381
-382
-383
-383
-384
-385
-385
-386
-386
-387
-388
-388
-389
-390
-390
-391
-391
-392
-393
-393
-394
-395
-395
-396
-396
-397
-398
-398
-399
-400
-400
-401
-401
-402
-403
-403
-404
-405
-405
-406
-406
-407
-408
-408
-409
-410
-410
-411
-411
-412
-413
-413
-414
-414
-415
-416
-416
-417
-418
-418
-419
-419
-420
-421
-421
-422
-423
-423
-424
-424
-425
-426
-426
-427
-427
-428
-429
-429
-430
-431
-431
-432
-432
-433
-434
-434
-435
-435
-436
-437
-437
-438
-438
-439
-440
-440
-441
-442
-442
-443
-443
-444
-445
-445
-446
-446
-447
-448
-448
-449
-449
-450
-451
-451
-452
-452
-453
-454
-454
-455
-455
-456
-457
-457
-458
-458
-459
-460
-460
-461
-461
-462
-463
-463
-464
-464
-465
-466
-466
-467
-467
-468
-469
-469
-470
-470
-471
-472
-472
-473
-473
-474
-475
-475
-476
-476
-477
-478
-478
-479
-479
-480
-480
-481
-482
-482
-483
-483
-484
-485
-485
-486
-486
-487
-487
-488
-489
-489
-490
-490
-491
-492
-492
-493
-493
-494
-494
-495
-496
-496
-497
-497
-498
-499
-499
-500
-500
-501
-501
-502
-503
-503
-504
-504
-505
-505
-506
-507
-507
-508
-508
-509
-510
-510
-511
-511
-512
-512
-513
-514
-514
-515
-515
-516
-516
-517
-518
-518
-519
-519
-520
-520
-521
-522
-522
-523
-523
-524
-524
-525
-526
-526
-527
-527
-528
-528
-529
-530
-530
-531
-531
-532
-532
-533
-534
-534
-535
-535
-536
-536
-537
-538
-538
-539
-539
-540
-540
-541
-542
-542
-543
-543
-544
-544
-545
-546
-546
-547
-547
-548
-548
-549
-549
-550
-551
-551
-552
-552
-553
-553
-554
-555
-555
-556
-556
-557
-557
-558
-559
-559
-560
-560
-561
-561
-562
-562
-563
-564
-564
-565
-565
-566
-566
-567
-568
-568
-569
-569
-570
-570
-571
-571
-572
-573
-573
-574
-574
-575
-575
-576
-577
-577
-578
-578
-579
-579
-580
-580
-581
-582
-582
-583
-583
-584
-584
-585
-586
-586
-587
-587
-588
-588
-589
-589
-590
-591
-591
-592
-592
-593
-593
-594
-594
-595
-596
-596
-597
-597
-598
-598
-599
-599
-600
-601
-601
-602
-602
-603
-603
-604
-604
-605
-606
-606
-607
-607
-608
-608
-609
-609
-610
-611
-611
-612
-612
-613
-613
-614
-614
-615
-616
-616
-617
-617
-618
-618
-619
-619
-620
-621
-621
-622
-622
-623
-623
-624
-624
-625
-626
-626
-627
-627
-628
-628
-629
-629
-630
-630
-631
-632
-632
-633
-633
-634
-634
-635
-635
-636
-636
-637
-638
-638
-639
-639
-640
-640
-641
-641
-642
-642
-643
-644
-644
-645
-645
-646
-646
-647
-647
-648
-648
-649
-650
-650
-651
-651
-652
-652
-653
-653
-654
-654
-655
-655
-656
-657
-657
-658
-658
-659
-659
-660
-660
-661
-661
-662
-662
-663
-663
-664
-665
-665
-666
-666
-667
-667
-668
-668
-669
-669
-670
-670
-671
-671
-672
-672
-673
-674
-674
-675
-675
-676
-676
-677
-677
-678
-678
-679
-679
-680
-680
-681
-681
-682
-683
-683
-684
-684
-685
-685
-686
-686
-687
-687
-688
-688
-689
-689
-690
-690
-691
-691
-692
-692
-693
-694
-694
-695
-695
-696
-696
-697
-697
-698
-698
-699
-699
-700
-700
-701
-701
-702
-702
-703
-703
-704
-704
-705
-705
-706
-706
-707
-708
-708
-709
-709
-710
-710
-711
-711
-712
-712
-713
-713
-714
-714
-715
-715
-716
-716
-717
-717
-718
-718
-719
-719
-720
-720
-721
-721
-722
-722
-723
-723
-724
-724
-725
-725
-726
-726
-727
-727
-728
-728
-729
-729
-730
-730
-731
-732
-732
-733
-733
-734
-734
-735
-735
-736
-736
-737
-737
-738
-738
-739
-739
-740
-740
-741
-741
-742
-742
-743
-743
-744
-744
-745
-745
-746
-746
-747
-747
-748
-748
-749
-749
-750
-750
-751
-751
-752
-752
-753
-753
-754
-754
-755
-755
-755
-756
-756
-757
-757
-758
-758
-759
-759
-760
-760
-761
-761
-762
-762
-763
-763
-764
-764
-765
-765
-766
-766
-767
-767
-768
-768
-769
-769
-770
-770
-771
-771
-772
-772
-773
-773
-774
-774
-775
-775
-776
-776
-777
-777
-778
-778
-779
-779
-780
-780
-781
-781
-782
-782
-782
-783
-783
-784
-784
-785
-785
-786
-786
-787
-787
-788
-788
-789
-789
-790
-790
-791
-791
-792
-792
-793
-793
-794
-794
-795
-795
-796
-796
-797
-797
-798
-798
-799
-799
-799
-800
-800
-801
-801
-802
-802
-803
-803
-804
-804
-805
-805
-806
-806
-807
-807
-808
-808
-809
-809
-810
-810
-811
-811
-811
-812
-812
-813
-813
-814
-814
-815
-815
-816
-816
-817
-817
-818
-818
-819
-819
-820
-820
-820
-821
-821
-822
-822
-823
-823
-824
-824
-825
-825
-826
-826
-827
-827
-828
-828
-828
-829
-829
-830
-830
-831
-831
-832
-832
-833
-833
-834
-834
-835
-835
-835
-836
-836
-837
-837
-838
-838
-839
-839
-840
-840
-841
-841
-841
-842
-842
-843
-843
-844
-844
-845
-845
-846
-846
-846
-847
-847
-848
-848
-849
-849
-850
-850
-851
-851
-851
-852
-852
-853
-853
-854
-854
-855
-855
-856
-856
-856
-857
-857
-858
-858
-859
-859
-860
-860
-860
-861
-861
-862
-862
-863
-863
-864
-864
-864
-865
-865
-866
-866
-867
-867
-868
-868
-868
-869
-869
-870
-870
-871
-871
-872
-872
-872
-873
-873
-874
-874
-875
-875
-876
-876
-876
-877
-877
-878
-878
-879
-879
-879
-880
-880
-881
-881
-882
-882
-883
-883
-883
-884
-884
-885
-885
-886
-886
-886
-887
-887
-888
-888
-889
-889
-889
-890
-890
-891
-891
-892
-892
-893
-893
-893
-894
-894
-895
-895
-896
-896
-896
-897
-897
-898
-898
-899
-899
-899
-900
-900
-901
-901
-902
-902
-902
-903
-903
-904
-904
-905
-905
-905
-906
-906
-907
-907
-908
-908
-908
-909
-909
-910
-910
-911
-911
-911
-912
-912
-913
-913
-913
-914
-914
-915
-915
-916
-916
-916
-917
-917
-918
-918
-919
-919
-919
-920
-920
-921
-921
-921
-922
-922
-923
-923
-924
-924
-924
-925
-925
-926
-926
-927
-927
-927
-928
-928
-929
-929
-929
-930
-930
-931
-931
-932
-932
-932
-933
-933
-934
-934
-934
-935
-935
-936
-936
-937
-937
-937
-938
-938
-939
-939
-939
-940
-940
-941
-941
-942
-942
-942
-943
-943
-944
-944
-944
-945
-945
-946
-946
-946
-947
-947
-948
-948
-949
-949
-949
-950
-950
-951
-951
-951
-952
-952
-953
-953
-954
-954
-954
-955
-955
-956
-956
-956
-957
-957
-958
-958
-958
-959
-959
-960
-960
-961
-961
-961
-962
-962
-963
-963
-963
-964
-964
-965
-965
-965
-966
-966
-967
-967
-968
-968
-968
-969
-969
-970
-970
-970
-971
-971
-972
-972
-972
-973
-973
-974
-974
-974
-975
-975
-976
-976
-976
-977
-977
-978
-978
-979
-979
-979
-980
-980
-981
-981
-981
-982
-982
-983
-983
-983
-984
-984
-985
-985
-985
-986
-986
-987
-987
-987
-988
-988
-989
-989
-990
-990
-990
-991
-991
-992
-992
-992
-993
-993
-994
-994
-994
-995
-995
-996
-996
-996
-997
-997
-998
-998
-998
-999
-999
-1000
-1000
-1000
-1001
-1001
-1002
-1002
-1002
-1003
-1003
-1004
-1004
-1004
-1005
-1005
-1006
-1006
-1006
-1007
-1007
-1008
-1008
-1008
-1009
-1009
-1010
-1010
-1010
-1011
-1011
-1012
-1012
-1012
-1013
-1013
-1014
-1014
-1014
-1015
-1015
-1016
-1016
-1016
-1017
-1017
-1017
-1018
-1018
-1019
-1019
-1019
-1020
-1020
-1021
-1021
-1021
-1022
-1022
-1023
-1023
-1023
-1024
-1024
-1025
-1025
-1025
-1026
-1026
-1027
-1027
-1027
-1028
-1028
-1029
-1029
-1029
-1030
-1030
-1030
-1031
-1031
-1032
-1032
-1032
-1033
-1033
-1034
-1034
-1034
-1035
-1035
-1036
-1036
-1036
-1037
-1037
-1038
-1038
-1038
-1039
-1039
-1039
-1040
-1040
-1041
-1041
-1041
-1042
-1042
-1043
-1043
-1043
-1044
-1044
-1045
-1045
-1045
-1046
-1046
-1047
-1047
-1047
-1048
-1048
-1048
-1049
-1049
-1050
-1050
-1050
-1051
-1051
-1052
-1052
-1052
-1053
-1053
-1054
-1054
-1054
-1055
-1055
-1055
-1056
-1056
-1057
-1057
-1057
-1058
-1058
-1059
-1059
-1059
-1060
-1060
-1061
-1061
-1061
-1062
-1062
-1062
-1063
-1063
-1064
-1064
-1064
-1065
-1065
-1066
-1066
-1066
-1067
-1067
-1067
-1068
-1068
-1069
-1069
-1069
-1070
-1070
-1071
-1071
-1071
-1072
-1072
-1072
-1073
-1073
-1074
-1074
-1074
-1075
-1075
-1076
-1076
-1076
-1077
-1077
-1077
-1078
-1078
-1079
-1079
-1079
-1080
-1080
-1081
-1081
-1081
-1082
-1082
-1082
-1083
-1083
-1084
-1084
-1084
-1085
-1085
-1086
-1086
-1086
-1087
-1087
-1087
-1088
-1088
-1089
-1089
-1089
-1090
-1090
-1090
-1091
-1091
-1092
-1092
-1092
-1093
-1093
-1094
-1094
-1094
-1095
-1095
-1095
-1096
-1096
-1097
-1097
-1097
-1098
-1098
-1098
-1099
-1099
-1100
-1100
-1100
-1101
-1101
-1101
-1102
-1102
-1103
-1103
-1103
-1104
-1104
-1104
-1105
-1105
-1106
-1106
-1106
-1107
-1107
-1107
-1108
-1108
-1109
-1109
-1109
-1110
-1110
-1110
-1111
-1111
-1112
-1112
-1112
-1113
-1113
-1113
-1114
-1114
-1114
-1115
-1115
-1116
-1116
-1116
-1117
-1117
-1117
-1118
-1118
-1119
-1119
-1119
-1120
-1120
-1120
-1121
-1121
-1121
-1122
-1122
-1123
-1123
-1123
-1124
-1124
-1124
-1125
-1125
-1126
-1126
-1126
-1127
-1127
-1127
-1128
-1128
-1128
-1129
-1129
-1130
-1130
-1130
-1131
-1131
-1131
-1132
-1132
-1132
-1133
-1133
-1133
-1134
-1134
-1135
-1135
-1135
-1136
-1136
-1136
-1137
-1137
-1137
-1138
-1138
-1139
-1139
-1139
-1140
-1140
-1140
-1141
-1141
-1141
-1142
-1142
-1142
-1143
-1143
-1144
-1144
-1144
-1145
-1145
-1145
-1146
-1146
-1146
-1147
-1147
-1147
-1148
-1148
-1148
-1149
-1149
-1149
-1150
-1150
-1151
-1151
-1151
-1152
-1152
-1152
-1153
-1153
-1153
-1154
-1154
-1154
-1155
-1155
-1155
-1156
-1156
-1156
-1157
-1157
-1157
-1158
-1158
-1158
-1159
-1159
-1160
-1160
-1160
-1161
-1161
-1161
-1162
-1162
-1162
-1163
-1163
-1163
-1164
-1164
-1164
-1165
-1165
-1165
-1166
-1166
-1166
-1167
-1167
-1167
-1168
-1168
-1168
-1169
-1169
-1169
-1170
-1170
-1170
-1171
-1171
-1171
-1172
-1172
-1172
-1173
-1173
-1173
-1174
-1174
-1174
-1175
-1175
-1175
-1176
-1176
-1176
-1177
-1177
-1177
-1178
-1178
-1178
-1179
-1179
-1179
-1180
-1180
-1180
-1181
-1181
-1181
-1182
-1182
-1182
-1183
-1183
-1183
-1184
-1184
-1184
-1185
-1185
-1185
-1186
-1186
-1186
-1187
-1187
-1187
-1188
-1188
-1188
-1189
-1189
-1189
-1190
-1190
-1190
-1191
-1191
-1191
-1192
-1192
-1192
-1193
-1193
-1193
-1194
-1194
-1194
-1195
-1195
-1195
-1196
-1196
-1196
-1196
-1197
-1197
-1197
-1198
-1198
-1198
-1199
-1199
-1199
-1200
-1200
-1200
-1201
-1201
-1201
-1202
-1202
-1202
-1203
-1203
-1203
-1204
-1204
-1204
-1205
-1205
-1205
-1206
-1206
-1206
-1206
-1207
-1207
-1207
-1208
-1208
-1208
-1209
-1209
-1209
-1210
-1210
-1210
-1211
-1211
-1211
-1212
-1212
-1212
-1213
-1213
-1213
-1213
-1214
-1214
-1214
-1215
-1215
-1215
-1216
-1216
-1216
-1217
-1217
-1217
-1218
-1218
-1218
-1218
-1219
-1219
-1219
-1220
-1220
-1220
-1221
-1221
-1221
-1222
-1222
-1222
-1223
-1223
-1223
-1223
-1224
-1224
-1224
-1225
-1225
-1225
-1226
-1226
-1226
-1227
-1227
-1227
-1227
-1228
-1228
-1228
-1229
-1229
-1229
-1230
-1230
-1230
-1230
-1231
-1231
-1231
-1232
-1232
-1232
-1233
-1233
-1233
-1233
-1234
-1234
-1234
-1235
-1235
-1235
-1236
-1236
-1236
-1236
-1237
-1237
-1237
-1238
-1238
-1238
-1239
-1239
-1239
-1239
-1240
-1240
-1240
-1241
-1241
-1241
-1242
-1242
-1242
-1242
-1243
-1243
-1243
-1244
-1244
-1244
-1244
-1245
-1245
-1245
-1246
-1246
-1246
-1246
-1247
-1247
-1247
-1248
-1248
-1248
-1248
-1249
-1249
-1249
-1250
-1250
-1250
-1250
-1251
-1251
-1251
-1252
-1252
-1252
-1252
-1253
-1253
-1253
-1254
-1254
-1254
-1254
-1255
-1255
-1255
-1256
-1256
-1256
-1256
-1257
-1257
-1257
-1258
-1258
-1258
-1258
-1259
-1259
-1259
-1260
-1260
-1260
-1260
-1261
-1261
-1261
-1261
-1262
-1262
-1262
-1263
-1263
-1263
-1263
-1264
-1264
-1264
-1265
-1265
-1265
-1265
-1266
-1266
-1266
-1266
-1267
-1267
-1267
-1268
-1268
-1268
-1268
-1269
-1269
-1269
-1269
-1270
-1270
-1270
-1271
-1271
-1271
-1271
-1272
-1272
-1272
-1272
-1273
-1273
-1273
-1273
-1274
-1274
-1274
-1275
-1275
-1275
-1275
-1276
-1276
-1276
-1276
-1277
-1277
-1277
-1278
-1278
-1278
-1278
-1279
-1279
-1279
-1279
-1280
-1280
-1280
-1280
-1281
-1281
-1281
-1282
-1282
-1282
-1282
-1283
-1283
-1283
-1283
-1284
-1284
-1284
-1284
-1285
-1285
-1285
-1285
-1286
-1286
-1286
-1287
-1287
-1287
-1287
-1288
-1288
-1288
-1288
-1289
-1289
-1289
-1289
-1290
-1290
-1290
-1290
-1291
-1291
-1291
-1291
-1292
-1292
-1292
-1293
-1293
-1293
-1293
-1294
-1294
-1294
-1294
-1295
-1295
-1295
-1295
-1296
-1296
-1296
-1296
-1297
-1297
-1297
-1297
-1298
-1298
-1298
-1299
-1299
-1299
-1299
-1300
-1300
-1300
-1300
-1301
-1301
-1301
-1301
-1302
-1302
-1302
-1302
-1303
-1303
-1303
-1303
-1304
-1304
-1304
-1305
-1305
-1305
-1305
-1306
-1306
-1306
-1306
-1307
-1307
-1307
-1307
-1308
-1308
-1308
-1308
-1309
-1309
-1309
-1309
-1310
-1310
-1310
-1310
-1311
-1311
-1311
-1312
-1312
-1312
-1312
-1313
-1313
-1313
-1313
-1314
-1314
-1314
-1314
-1315
-1315
-1315
-1315
-1316
-1316
-1316
-1317
-1317
-1317
-1317
-1318
-1318
-1318
-1318
-1319
-1319
-1319
-1319
-1320
-1320
-1320
-1320
-1321
-1321
-1321
-1321
-1322
-1322
-1322
-1323
-1323
-1323
-1323
-1324
-1324
-1324
-1324
-1325
-1325
-1325
-1325
-1326
-1326
-1326
-1326
-1327
-1327
-1327
-1327
-1328
-1328
-1328
-1329
-1329
-1329
-1329
-1330
-1330
-1330
-1330
-1331
-1331
-1331
-1331
-1332
-1332
-1332
-1332
-1333
-1333
-1333
-1333
-1334
-1334
-1334
-1334
-1335
-1335
-1335
-1336
-1336
-1336
-1336
-1337
-1337
-1337
-1337
-1338
-1338
-1338
-1338
-1339
-1339
-1339
-1339
-1340
-1340
-1340
-1340
-1341
-1341
-1341
-1341
-1342
-1342
-1342
-1342
-1343
-1343
-1343
-1343
-1344
-1344
-1344
-1344
-1345
-1345
-1345
-1345
-1346
-1346
-1346
-1346
-1347
-1347
-1347
-1347
-1348
-1348
-1348
-1348
-1349
-1349
-1349
-1349
-1350
-1350
-1350
-1350
-1351
-1351
-1351
-1352
-1352
-1352
-1352
-1353
-1353
-1353
-1353
-1353
-1354
-1354
-1354
-1354
-1355
-1355
-1355
-1355
-1356
-1356
-1356
-1356
-1357
-1357
-1357
-1357
-1358
-1358
-1358
-1358
-1359
-1359
-1359
-1359
-1360
-1360
-1360
-1360
-1361
-1361
-1361
-1361
-1362
-1362
-1362
-1362
-1363
-1363
-1363
-1363
-1364
-1364
-1364
-1364
-1365
-1365
-1365
-1365
-1366
-1366
-1366
-1366
-1367
-1367
-1367
-1367
-1368
