PIEZO:
0.00
0.00
0.00
1.00
31.00
4.00
0.00
0.00
39.00
15.00
0.00
2.00
0.00
0.00
0.00
4.00
6.00
1.00
0.00
13.00
0.00
14.00
3.00
0.00
0.00
0.00
0.00
2.00
0.00
2.00
2.00
2.00
0.00
2.00
1.00
3.00
0.00
0.00
0.00
2.00
5.00
12.00
1.00
0.00
0.00
33.00
3.00
0.00
2.00
14.00
3.00
0.00
0.00
14.00
3.00
10.00
2.00
2.00
0.00
0.00
0.00
17.00
1.00
2.00
0.00
0.00
11.00
17.00
35.00
0.00
2.00
8.00
2.00
6.00
0.00
0.00
17.00
0.00
0.00
2.00
0.00
0.00
0.00
5.00
3.00
2.00
0.00
0.00
0.00
1.00
11.00
4.00
0.00
0.00
0.00
0.00
0.00
0.00
0.00
0.00
0.00
0.00
0.00
0.00
3.00
3.00
0.00
0.00
0.00
1.00
8.00
0.00
0.00
0.00
5.00
0.00
3.00
0.00
2.00
0.00
0.00
0.00
3.00
0.00
0.00
0.00
2.00
0.00
0.00
0.00
0.00
0.00
0.00
3.00
3.00
0.00
0.00
0.00
4.00
0.00
0.00
0.00
15.00
2.00
0.00
0.00
0.00
0.00
1.00
2.00
0.00
7.00
2.00
3.00
2.00
7.00
0.00
0.00
0.00
0.00
0.00
2.00
1.00
3.00
0.00
0.00
1.00
0.00
4.00
0.00
0.00
0.00
0.00
0.00
0.00
0.00
0.00
0.00
0.00
30.00
0.00
15.00
0.00
0.00
0.00
0.00
2.00
8.00
29.00
0.00
8.00
0.00
6.00
0.00
0.00
0.00
0.00
0.00
0.00
15.00
0.00
0.00
0.00
0.00
0.00
7.00
0.00
0.00
0.00
0.00
0.00
1.00
0.00
0.00
2.00
0.00
0.00
1.00
0.00
0.00
6.00
0.00
0.00
5.00
0.00
15.00
0.00
2.00
0.00
17.00
0.00
4.00
2.00
0.00
0.00
3.00
1.00
0.00
2.00
0.00
1.00
0.00
0.00
0.00
4.00
1.00
0.00
15.00
3.00
8.00
1.00
1.00
7.00
2.00
0.00
36.00
4.00
1.00
0.00
0.00
0.00
2.00
4.00
3.00
0.00
0.00
0.00
0.00
0.00
0.00
11.00
0.00
1.00
0.00
0.00
6.00
0.00
1.00
2.00
0.00
1.00
0.00
2.00
0.00
0.00
0.00
1.00
0.00
2.00
1.00
3.00
0.00
6.00
3.00
0.00
3.00
2.00
0.00
16.00
0.00
1.00
0.00
2.00
0.00
5.00
6.00
4.00
7.00
0.00
0.00
0.00
4.00
0.00
1.00
9.00
0.00
3.00
0.00
0.00
1.00
0.00
36.00
0.00
0.00
19.00
0.00
1.00
3.00
0.00
0.00
4.00
2.00
10.00
0.00
14.00
6.00
0.00
1.00
0.00
13.00
14.00
1.00
18.00
0.00
0.00
0.00
0.00
9.00
0.00
2.00
0.00
0.00
0.00
1.00
0.00
0.00
6.00
0.00
0.00
0.00
0.00
0.00
0.00
0.00
17.00
1.00
2.00
0.00
16.00
4.00
3.00
0.00
0.00
1.00
0.00
1.00
3.00
3.00
0.00
0.00
1.00
0.00
0.00
2.00
0.00
0.00
0.00
3.00
2.00
1.00
0.00
4.00
0.00
1.00
0.00
1.00
0.00
0.00
0.00
0.00
0.00
2.00
0.00
5.00
3.00
5.00
1.00
2.00
3.00
0.00
0.00
6.00
0.00
0.00
0.00
13.00
5.00
15.00
7.00
2.00
38.00
3.00
0.00
0.00
0.00
0.00
4.00
25.00
0.00
12.00
0.00
1.00
0.00
37.00
0.00
0.00
14.00
8.00
3.00
2.00
0.00
3.00
18.00
32.00
0.00
0.00
0.00
0.00
0.00
0.00
0.00
1.00
1.00
0.00
0.00
0.00
3.00
1.00
0.00
0.00
4.00
0.00
0.00
16.00
1.00
0.00
1.00
0.00
3.00
0.00
34.00
0.00
0.00
0.00
36.00
6.00
0.00
4.00
0.00
8.00
0.00
1.00
5.00
0.00
1.00
5.00
0.00
14.00
11.00
9.00
0.00
4.00
0.00
0.00
0.00
21.00
1.00
3.00
0.00
15.00
