PIEZO:
2.00
3.00
0.00
0.00
0.00
0.00
4.00
0.00
3.00
0.00
1.00
0.00
22.00
2.00
0.00
5.00
3.00
2.00
0.00
0.00
1.00
12.00
0.00
0.00
0.00
3.00
0.00
3.00
6.00
0.00
6.00
0.00
4.00
0.00
0.00
0.00
0.00
3.00
0.00
0.00
7.00
0.00
0.00
0.00
3.00
0.00
5.00
0.00
0.00
0.00
0.00
9.00
0.00
0.00
0.00
0.00
1.00
8.00
0.00
0.00
0.00
0.00
10.00
5.00
0.00
0.00
0.00
3.00
33.00
1.00
0.00
1.00
1.00
6.00
0.00
0.00
15.00
1.00
0.00
3.00
4.00
3.00
0.00
2.00
0.00
0.00
5.00
2.00
0.00
1.00
0.00
11.00
4.00
0.00
4.00
0.00
7.00
2.00
0.00
1.00
1.00
0.00
0.00
0.00
0.00
12.00
9.00
0.00
2.00
0.00
13.00
0.00
10.00
0.00
0.00
2.00
0.00
0.00
0.00
0.00
0.00
2.00
2.00
0.00
8.00
2.00
0.00
2.00
4.00
0.00
0.00
1.00
3.00
0.00
0.00
0.00
0.00
5.00
0.00
23.00
0.00
8.00
1.00
0.00
5.00
0.00
0.00
0.00
0.00
0.00
2.00
6.00
0.00
0.00
0.00
3.00
9.00
1.00
0.00
0.00
0.00
2.00
17.00
3.00
0.00
0.00
1.00
4.00
3.00
0.00
2.00
13.00
2.00
0.00
0.00
2.00
9.00
1.00
0.00
0.00
0.00
0.00
4.00
8.00
1.00
0.00
0.00
1.00
0.00
0.00
11.00
1.00
0.00
2.00
0.00
0.00
3.00
0.00
12.00
0.00
5.00
10.00
2.00
0.00
0.00
36.00
0.00
0.00
0.00
0.00
0.00
0.00
1.00
0.00
0.00
22.00
1.00
0.00
0.00
0.00
0.00
9.00
8.00
7.00
4.00
2.00
5.00
0.00
9.00
0.00
0.00
3.00
0.00
0.00
0.00
1023.00
635.00
29.00
0.00
0.00
66.00
0.00
2.00
0.00
0.00
1.00
2.00
2.00
0.00
0.00
2.00
1.00
2.00
2.00
0.00
0.00
4.00
1.00
0.00
2.00
0.00
0.00
0.00
0.00
3.00
1.00
2.00
2.00
0.00
0.00
1.00
2.00
2.00
2.00
1.00
0.00
1.00
1.00
0.00
0.00
0.00
3.00
4.00
1.00
1.00
0.00
1.00
3.00
0.00
0.00
2.00
2.00
2.00
1.00
1.00
0.00
6.00
2.00
16.00
0.00
1.00
2.00
3.00
2.00
0.00
0.00
3.00
0.00
0.00
0.00
4.00
1.00
3.00
0.00
1.00
2.00
1.00
1.00
0.00
18.00
1.00
3.00
5.00
0.00
10.00
2.00
1.00
2.00
4.00
2.00
0.00
6.00
1.00
2.00
0.00
2.00
0.00
4.00
3.00
2.00
1.00
2.00
1.00
1.00
1.00
1.00
1.00
0.00
0.00
1.00
0.00
0.00
2.00
3.00
21.00
0.00
2.00
5.00
1.00
20.00
0.00
3.00
1.00
0.00
1.00
0.00
1.00
0.00
1.00
23.00
2.00
2.00
2.00
3.00
1.00
0.00
3.00
0.00
0.00
2.00
1.00
7.00
0.00
1.00
2.00
0.00
0.00
0.00
0.00
2.00
1.00
1.00
2.00
6.00
0.00
0.00
2.00
3.00
1.00
2.00
0.00
2.00
0.00
15.00
3.00
5.00
4.00
2.00
1.00
6.00
0.00
2.00
0.00
0.00
0.00
0.00
1.00
3.00
2.00
2.00
0.00
1.00
1.00
2.00
1.00
2.00
3.00
3.00
0.00
5.00
2.00
19.00
4.00
0.00
0.00
1.00
7.00
0.00
3.00
1.00
3.00
2.00
0.00
1.00
3.00
4.00
5.00
5.00
0.00
0.00
0.00
1.00
2.00
1.00
0.00
3.00
3.00
1.00
2.00
3.00
0.00
2.00
9.00
1.00
1.00
3.00
1.00
1.00
3.00
0.00
2.00
2.00
2.00
0.00
0.00
2.00
0.00
3.00
2.00
21.00
0.00
1.00
1.00
18.00
0.00
0.00
0.00
2.00
3.00
0.00
3.00
3.00
0.00
1.00
1.00
3.00
1.00
5.00
1.00
15.00
