PIEZO:
0.00
3.00
0.00
3.00
21.00
6.00
1.00
3.00
0.00
0.00
0.00
2.00
0.00
4.00
3.00
0.00
0.00
1.00
6.00
1.00
0.00
1.00
0.00
0.00
1.00
6.00
0.00
4.00
0.00
0.00
10.00
3.00
0.00
0.00
0.00
17.00
0.00
1.00
2.00
0.00
0.00
0.00
9.00
3.00
3.00
7.00
0.00
6.00
11.00
8.00
0.00
16.00
1.00
1.00
0.00
1.00
0.00
0.00
1.00
0.00
0.00
0.00
0.00
4.00
0.00
0.00
0.00
4.00
0.00
4.00
1.00
0.00
0.00
2.00
0.00
0.00
0.00
21.00
0.00
4.00
0.00
0.00
1.00
0.00
0.00
3.00
0.00
0.00
0.00
12.00
0.00
5.00
0.00
0.00
24.00
0.00
0.00
1.00
0.00
3.00
0.00
0.00
2.00
6.00
7.00
0.00
0.00
1.00
0.00
1.00
0.00
16.00
0.00
4.00
10.00
0.00
5.00
0.00
0.00
3.00
0.00
0.00
3.00
5.00
0.00
0.00
0.00
0.00
0.00
0.00
5.00
0.00
0.00
0.00
42.00
0.00
0.00
0.00
4.00
0.00
26.00
11.00
0.00
6.00
1.00
16.00
0.00
0.00
4.00
1.00
0.00
0.00
0.00
1.00
0.00
6.00
0.00
0.00
14.00
2.00
0.00
0.00
0.00
1.00
5.00
3.00
2.00
7.00
1.00
0.00
0.00
0.00
0.00
2.00
3.00
0.00
0.00
2.00
1.00
3.00
0.00
0.00
6.00
0.00
6.00
0.00
0.00
0.00
2.00
6.00
12.00
129.00
0.00
126.00
0.00
0.00
40.00
0.00
31.00
0.00
11.00
0.00
17.00
22.00
0.00
39.00
0.00
0.00
0.00
0.00
1.00
14.00
12.00
0.00
0.00
0.00
6.00
0.00
6.00
15.00
3.00
0.00
6.00
3.00
0.00
0.00
6.00
0.00
0.00
33.00
6.00
0.00
0.00
1.00
7.00
12.00
0.00
0.00
0.00
5.00
4.00
0.00
6.00
0.00
4.00
0.00
0.00
0.00
0.00
8.00
0.00
0.00
4.00
7.00
0.00
1.00
2.00
18.00
0.00
0.00
1.00
0.00
0.00
0.00
43.00
29.00
0.00
0.00
0.00
0.00
0.00
4.00
0.00
7.00
0.00
0.00
3.00
0.00
18.00
0.00
0.00
0.00
1.00
0.00
3.00
0.00
0.00
1.00
10.00
0.00
0.00
0.00
0.00
0.00
9.00
0.00
30.00
0.00
9.00
1.00
0.00
1.00
8.00
9.00
0.00
0.00
0.00
0.00
4.00
0.00
0.00
0.00
0.00
0.00
5.00
0.00
0.00
16.00
4.00
0.00
0.00
0.00
4.00
4.00
18.00
0.00
16.00
0.00
0.00
6.00
0.00
5.00
0.00
1.00
1.00
1.00
3.00
0.00
2.00
0.00
4.00
21.00
0.00
3.00
2.00
1.00
0.00
0.00
0.00
0.00
0.00
19.00
0.00
0.00
2.00
3.00
0.00
0.00
3.00
0.00
8.00
0.00
1.00
0.00
0.00
0.00
0.00
0.00
4.00
0.00
0.00
0.00
2.00
0.00
0.00
0.00
0.00
19.00
0.00
0.00
0.00
0.00
0.00
4.00
9.00
0.00
0.00
4.00
0.00
6.00
0.00
6.00
16.00
8.00
11.00
14.00
0.00
1.00
0.00
1.00
0.00
0.00
0.00
5.00
1.00
0.00
0.00
8.00
0.00
3.00
0.00
4.00
2.00
7.00
0.00
0.00
0.00
1.00
7.00
6.00
0.00
0.00
10.00
1.00
7.00
0.00
2.00
1.00
0.00
1.00
0.00
0.00
0.00
0.00
2.00
0.00
0.00
0.00
0.00
3.00
0.00
0.00
2.00
2.00
0.00
0.00
5.00
0.00
0.00
0.00
1.00
0.00
3.00
1.00
0.00
0.00
3.00
23.00
2.00
0.00
0.00
9.00
1.00
0.00
0.00
6.00
1.00
4.00
4.00
4.00
1.00
0.00
2.00
0.00
0.00
0.00
0.00
0.00
1.00
0.00
2.00
0.00
0.00
0.00
0.00
0.00
0.00
4.00
0.00
0.00
3.00
1.00
1.00
1.00
4.00
10.00
2.00
6.00
2.00
0.00
