PIEZO:
6.00
0.00
0.00
0.00
0.00
1.00
3.00
25.00
0.00
0.00
0.00
18.00
0.00
0.00
0.00
0.00
0.00
1.00
16.00
2.00
0.00
0.00
38.00
0.00
9.00
14.00
0.00
1.00
4.00
0.00
2.00
2.00
0.00
1.00
5.00
4.00
36.00
2.00
0.00
22.00
0.00
33.00
18.00
0.00
0.00
4.00
21.00
0.00
0.00
11.00
0.00
4.00
0.00
0.00
0.00
17.00
2.00
2.00
0.00
0.00
6.00
0.00
24.00
19.00
4.00
0.00
0.00
1.00
0.00
0.00
2.00
19.00
1.00
2.00
5.00
1.00
0.00
7.00
6.00
0.00
1.00
0.00
7.00
0.00
4.00
0.00
0.00
4.00
0.00
1.00
2.00
0.00
17.00
0.00
8.00
0.00
0.00
2.00
0.00
0.00
0.00
0.00
0.00
20.00
21.00
8.00
0.00
0.00
0.00
0.00
5.00
0.00
0.00
0.00
62.00
20.00
0.00
0.00
0.00
0.00
0.00
0.00
0.00
5.00
0.00
2.00
0.00
0.00
1.00
2.00
0.00
0.00
0.00
6.00
3.00
0.00
0.00
0.00
0.00
3.00
1.00
13.00
0.00
6.00
0.00
5.00
0.00
0.00
1.00
0.00
0.00
0.00
6.00
0.00
0.00
0.00
3.00
0.00
5.00
0.00
3.00
0.00
1.00
0.00
4.00
5.00
3.00
1.00
3.00
0.00
0.00
0.00
0.00
0.00
12.00
0.00
5.00
0.00
0.00
9.00
7.00
0.00
3.00
0.00
39.00
0.00
12.00
0.00
0.00
0.00
0.00
1.00
0.00
0.00
0.00
3.00
0.00
1.00
2.00
3.00
2.00
0.00
0.00
0.00
0.00
0.00
5.00
0.00
6.00
0.00
3.00
4.00
0.00
0.00
0.00
0.00
0.00
1.00
2.00
0.00
1.00
0.00
0.00
0.00
0.00
0.00
0.00
0.00
0.00
1.00
0.00
0.00
20.00
0.00
0.00
1.00
35.00
3.00
22.00
9.00
5.00
0.00
8.00
0.00
0.00
0.00
0.00
0.00
0.00
0.00
3.00
5.00
6.00
3.00
0.00
0.00
0.00
0.00
0.00
0.00
0.00
0.00
0.00
0.00
0.00
0.00
0.00
2.00
0.00
0.00
2.00
11.00
15.00
0.00
34.00
9.00
35.00
0.00
0.00
0.00
3.00
3.00
0.00
2.00
0.00
6.00
1.00
3.00
0.00
0.00
0.00
0.00
0.00
2.00
0.00
0.00
7.00
0.00
3.00
4.00
14.00
2.00
0.00
0.00
0.00
4.00
0.00
0.00
0.00
0.00
3.00
0.00
2.00
0.00
0.00
2.00
0.00
0.00
0.00
2.00
0.00
0.00
1.00
0.00
0.00
0.00
1.00
2.00
0.00
0.00
26.00
0.00
1.00
0.00
0.00
16.00
0.00
5.00
0.00
5.00
0.00
0.00
0.00
5.00
0.00
3.00
6.00
0.00
5.00
4.00
0.00
0.00
0.00
12.00
7.00
0.00
0.00
1.00
0.00
0.00
2.00
3.00
0.00
19.00
2.00
0.00
0.00
11.00
0.00
0.00
6.00
0.00
4.00
2.00
7.00
0.00
7.00
0.00
0.00
0.00
0.00
0.00
0.00
0.00
0.00
0.00
21.00
0.00
0.00
3.00
0.00
0.00
23.00
2.00
5.00
0.00
3.00
14.00
0.00
0.00
0.00
0.00
0.00
0.00
21.00
10.00
0.00
2.00
0.00
1.00
0.00
0.00
3.00
0.00
0.00
2.00
0.00
0.00
6.00
7.00
46.00
0.00
4.00
0.00
16.00
0.00
6.00
0.00
1.00
13.00
0.00
0.00
0.00
0.00
1.00
11.00
0.00
0.00
0.00
0.00
6.00
0.00
0.00
11.00
35.00
0.00
3.00
0.00
7.00
0.00
0.00
0.00
17.00
0.00
1.00
6.00
1.00
28.00
2.00
1.00
0.00
0.00
0.00
4.00
2.00
4.00
0.00
0.00
31.00
3.00
0.00
10.00
6.00
0.00
2.00
0.00
12.00
1.00
0.00
2.00
2.00
0.00
2.00
2.00
0.00
10.00
4.00
2.00
0.00
0.00
0.00
0.00
7.00
0.00
0.00
0.00
0.00
0.00
0.00
1.00
