PIEZO:
6.00
0.00
1.00
0.00
3.00
3.00
15.00
1.00
0.00
4.00
0.00
0.00
0.00
11.00
13.00
0.00
3.00
0.00
0.00
0.00
0.00
4.00
0.00
2.00
0.00
5.00
0.00
45.00
37.00
0.00
0.00
0.00
0.00
9.00
3.00
0.00
0.00
3.00
7.00
1.00
0.00
0.00
0.00
1.00
4.00
0.00
0.00
0.00
1.00
9.00
0.00
0.00
0.00
3.00
3.00
0.00
0.00
2.00
8.00
0.00
1.00
9.00
0.00
7.00
1.00
0.00
1.00
5.00
2.00
0.00
0.00
0.00
0.00
23.00
0.00
0.00
0.00
6.00
34.00
0.00
0.00
0.00
2.00
1.00
0.00
0.00
0.00
0.00
1.00
19.00
0.00
4.00
8.00
0.00
0.00
0.00
6.00
2.00
0.00
2.00
2.00
0.00
2.00
0.00
0.00
0.00
8.00
22.00
1.00
1.00
0.00
1.00
0.00
0.00
0.00
0.00
0.00
6.00
0.00
0.00
2.00
1.00
0.00
1.00
1.00
0.00
5.00
1.00
7.00
0.00
0.00
6.00
6.00
3.00
0.00
0.00
0.00
0.00
8.00
0.00
0.00
0.00
40.00
2.00
0.00
0.00
0.00
0.00
14.00
7.00
0.00
0.00
0.00
18.00
3.00
8.00
1.00
10.00
7.00
0.00
0.00
0.00
5.00
5.00
0.00
0.00
0.00
0.00
15.00
1.00
0.00
0.00
0.00
21.00
1.00
0.00
0.00
0.00
8.00
1.00
0.00
0.00
0.00
2.00
6.00
0.00
0.00
1.00
0.00
3.00
0.00
0.00
0.00
0.00
1023.00
0.00
0.00
75.00
0.00
697.00
487.00
0.00
0.00
0.00
0.00
106.00
76.00
9.00
41.00
0.00
0.00
0.00
0.00
54.00
146.00
53.00
0.00
0.00
0.00
0.00
1.00
0.00
0.00
106.00
48.00
33.00
15.00
0.00
13.00
34.00
6.00
6.00
7.00
0.00
0.00
0.00
0.00
0.00
0.00
0.00
0.00
7.00
0.00
0.00
0.00
0.00
0.00
0.00
0.00
0.00
0.00
2.00
0.00
0.00
0.00
0.00
0.00
0.00
3.00
0.00
0.00
2.00
2.00
9.00
0.00
0.00
6.00
6.00
16.00
6.00
0.00
1.00
8.00
0.00
0.00
0.00
1.00
0.00
0.00
0.00
0.00
37.00
6.00
2.00
0.00
0.00
0.00
0.00
11.00
22.00
6.00
2.00
46.00
0.00
0.00
0.00
5.00
0.00
2.00
0.00
0.00
26.00
0.00
18.00
0.00
0.00
0.00
7.00
15.00
0.00
0.00
92.00
51.00
104.00
25.00
0.00
0.00
0.00
0.00
8.00
56.00
17.00
21.00
7.00
0.00
0.00
0.00
0.00
0.00
9.00
13.00
22.00
36.00
28.00
15.00
8.00
13.00
8.00
3.00
10.00
0.00
0.00
4.00
3.00
0.00
0.00
0.00
0.00
0.00
0.00
0.00
2.00
4.00
4.00
11.00
1.00
0.00
9.00
6.00
0.00
7.00
0.00
6.00
7.00
0.00
0.00
0.00
0.00
0.00
15.00
0.00
0.00
0.00
0.00
0.00
0.00
0.00
0.00
2.00
4.00
4.00
4.00
8.00
7.00
5.00
6.00
1.00
7.00
8.00
4.00
7.00
9.00
42.00
0.00
0.00
0.00
0.00
0.00
3.00
0.00
0.00
0.00
12.00
0.00
5.00
5.00
0.00
0.00
46.00
2.00
0.00
0.00
0.00
10.00
0.00
3.00
0.00
9.00
3.00
0.00
0.00
0.00
3.00
0.00
1.00
0.00
0.00
1.00
4.00
3.00
0.00
0.00
0.00
3.00
3.00
0.00
1.00
1.00
4.00
1.00
1.00
3.00
0.00
1.00
0.00
5.00
6.00
0.00
5.00
12.00
12.00
0.00
0.00
3.00
6.00
0.00
2.00
38.00
1.00
1.00
0.00
0.00
7.00
0.00
1.00
0.00
1.00
0.00
1.00
0.00
0.00
0.00
0.00
9.00
0.00
0.00
0.00
35.00
2.00
3.00
0.00
30.00
2.00
4.00
1.00
0.00
0.00
0.00
2.00
0.00
0.00
0.00
1.00
0.00
0.00
4.00
1.00
1.00
2.00
0.00
