PIEZO:
0.00
1.00
0.00
0.00
0.00
0.00
1.00
0.00
0.00
0.00
0.00
0.00
1.00
0.00
2.00
1.00
0.00
0.00
4.00
2.00
0.00
0.00
0.00
1.00
1.00
7.00
0.00
0.00
3.00
0.00
0.00
0.00
5.00
1.00
7.00
0.00
1.00
0.00
0.00
0.00
0.00
0.00
1.00
1.00
3.00
0.00
6.00
1.00
1.00
1.00
2.00
0.00
6.00
0.00
20.00
0.00
0.00
0.00
0.00
0.00
0.00
0.00
0.00
0.00
0.00
3.00
0.00
2.00
0.00
0.00
0.00
0.00
0.00
1.00
0.00
3.00
1.00
0.00
0.00
0.00
0.00
0.00
2.00
2.00
0.00
0.00
0.00
0.00
0.00
0.00
0.00
0.00
0.00
1.00
12.00
0.00
7.00
10.00
1.00
0.00
0.00
0.00
0.00
0.00
1.00
0.00
0.00
0.00
6.00
6.00
0.00
0.00
0.00
0.00
4.00
0.00
1.00
32.00
3.00
0.00
5.00
0.00
1.00
0.00
6.00
8.00
0.00
0.00
5.00
0.00
4.00
0.00
0.00
5.00
0.00
0.00
2.00
0.00
0.00
0.00
16.00
1.00
5.00
38.00
0.00
4.00
2.00
0.00
0.00
0.00
7.00
3.00
0.00
9.00
40.00
0.00
0.00
0.00
0.00
4.00
0.00
0.00
0.00
0.00
0.00
4.00
0.00
2.00
0.00
3.00
8.00
0.00
35.00
0.00
0.00
1.00
0.00
3.00
7.00
4.00
2.00
0.00
0.00
0.00
0.00
0.00
1.00
0.00
11.00
1.00
6.00
0.00
1.00
0.00
0.00
4.00
0.00
2.00
6.00
2.00
8.00
0.00
0.00
0.00
0.00
5.00
1.00
6.00
0.00
3.00
0.00
0.00
2.00
1.00
0.00
32.00
0.00
0.00
6.00
5.00
3.00
1.00
3.00
6.00
17.00
0.00
6.00
7.00
0.00
2.00
0.00
3.00
0.00
5.00
2.00
4.00
0.00
0.00
0.00
0.00
1.00
0.00
30.00
0.00
3.00
8.00
0.00
1.00
0.00
0.00
17.00
16.00
0.00
7.00
0.00
0.00
9.00
1.00
0.00
14.00
0.00
4.00
0.00
2.00
0.00
0.00
0.00
3.00
30.00
0.00
0.00
2.00
0.00
2.00
0.00
1.00
0.00
0.00
0.00
0.00
0.00
2.00
4.00
14.00
8.00
0.00
0.00
111.00
251.00
0.00
169.00
0.00
132.00
0.00
27.00
55.00
0.00
12.00
6.00
0.00
0.00
0.00
0.00
5.00
0.00
0.00
1.00
0.00
2.00
0.00
0.00
0.00
0.00
4.00
3.00
0.00
1.00
3.00
0.00
28.00
0.00
7.00
0.00
0.00
0.00
0.00
0.00
0.00
1.00
0.00
18.00
0.00
0.00
3.00
0.00
8.00
0.00
18.00
0.00
0.00
0.00
3.00
0.00
2.00
0.00
0.00
5.00
0.00
0.00
0.00
0.00
5.00
0.00
0.00
0.00
0.00
1.00
0.00
3.00
5.00
21.00
0.00
0.00
1.00
0.00
6.00
7.00
0.00
0.00
1.00
0.00
0.00
0.00
6.00
0.00
4.00
0.00
21.00
0.00
0.00
1.00
0.00
0.00
0.00
1.00
0.00
0.00
0.00
2.00
8.00
0.00
0.00
0.00
0.00
1.00
0.00
0.00
5.00
0.00
2.00
0.00
0.00
9.00
0.00
0.00
4.00
5.00
2.00
4.00
0.00
8.00
0.00
0.00
4.00
3.00
1.00
39.00
0.00
0.00
0.00
0.00
0.00
0.00
0.00
6.00
0.00
0.00
0.00
0.00
13.00
0.00
3.00
0.00
0.00
0.00
0.00
0.00
3.00
1.00
0.00
0.00
2.00
0.00
0.00
1.00
0.00
0.00
0.00
1.00
1.00
7.00
0.00
0.00
0.00
0.00
10.00
2.00
30.00
0.00
8.00
0.00
5.00
1.00
0.00
0.00
3.00
5.00
0.00
0.00
4.00
0.00
0.00
12.00
2.00
2.00
0.00
0.00
7.00
1.00
0.00
0.00
0.00
0.00
0.00
7.00
4.00
0.00
0.00
0.00
0.00
14.00
0.00
0.00
0.00
2.00
0.00
0.00
0.00
0.00
4.00
