PIEZO:
0.00
3.00
0.00
0.00
1.00
1.00
0.00
0.00
1.00
2.00
29.00
0.00
15.00
6.00
0.00
0.00
12.00
7.00
1.00
0.00
1.00
0.00
0.00
46.00
0.00
0.00
0.00
0.00
10.00
0.00
0.00
0.00
2.00
1.00
0.00
30.00
0.00
0.00
9.00
5.00
0.00
1.00
0.00
3.00
7.00
0.00
0.00
0.00
26.00
0.00
0.00
0.00
0.00
0.00
12.00
0.00
0.00
5.00
2.00
0.00
0.00
0.00
0.00
0.00
0.00
1.00
0.00
20.00
3.00
0.00
1.00
0.00
8.00
2.00
2.00
1.00
13.00
0.00
0.00
5.00
2.00
2.00
0.00
2.00
5.00
2.00
18.00
0.00
5.00
4.00
0.00
2.00
4.00
5.00
0.00
0.00
4.00
0.00
1.00
0.00
0.00
0.00
40.00
0.00
7.00
0.00
0.00
6.00
0.00
23.00
0.00
0.00
1.00
0.00
1.00
12.00
1.00
7.00
0.00
0.00
4.00
0.00
0.00
5.00
1.00
0.00
5.00
9.00
0.00
4.00
0.00
0.00
0.00
0.00
3.00
0.00
0.00
0.00
0.00
0.00
0.00
0.00
0.00
0.00
4.00
0.00
1.00
0.00
1.00
9.00
3.00
0.00
29.00
0.00
5.00
2.00
0.00
2.00
0.00
0.00
2.00
0.00
0.00
1.00
0.00
1.00
0.00
1.00
2.00
0.00
11.00
0.00
0.00
0.00
0.00
0.00
0.00
10.00
6.00
0.00
0.00
0.00
0.00
0.00
4.00
0.00
3.00
0.00
0.00
7.00
0.00
0.00
10.00
2.00
9.00
0.00
2.00
0.00
1.00
0.00
0.00
0.00
17.00
0.00
0.00
7.00
3.00
0.00
0.00
0.00
0.00
0.00
0.00
2.00
5.00
0.00
0.00
0.00
13.00
3.00
0.00
0.00
0.00
3.00
4.00
5.00
0.00
0.00
0.00
3.00
0.00
3.00
9.00
14.00
3.00
1.00
0.00
0.00
0.00
0.00
0.00
13.00
0.00
0.00
2.00
0.00
0.00
2.00
6.00
0.00
1.00
0.00
20.00
0.00
1.00
0.00
0.00
0.00
0.00
0.00
0.00
0.00
1.00
0.00
1.00
0.00
19.00
3.00
0.00
0.00
2.00
1.00
0.00
1.00
4.00
0.00
2.00
1.00
3.00
13.00
0.00
0.00
0.00
0.00
0.00
2.00
4.00
0.00
3.00
6.00
4.00
0.00
1.00
0.00
12.00
0.00
9.00
0.00
1.00
0.00
0.00
7.00
0.00
0.00
2.00
0.00
0.00
0.00
0.00
3.00
0.00
0.00
0.00
0.00
5.00
3.00
0.00
0.00
2.00
3.00
0.00
0.00
0.00
11.00
8.00
0.00
0.00
0.00
0.00
0.00
0.00
0.00
1.00
0.00
8.00
29.00
0.00
1.00
4.00
4.00
0.00
2.00
0.00
0.00
2.00
0.00
7.00
0.00
18.00
0.00
0.00
0.00
0.00
0.00
7.00
0.00
0.00
0.00
6.00
2.00
23.00
0.00
0.00
0.00
5.00
5.00
0.00
0.00
0.00
2.00
4.00
22.00
0.00
3.00
26.00
5.00
0.00
1.00
0.00
6.00
22.00
1.00
5.00
0.00
2.00
4.00
0.00
3.00
0.00
9.00
6.00
0.00
0.00
0.00
1.00
0.00
0.00
1.00
4.00
0.00
3.00
16.00
0.00
0.00
0.00
0.00
0.00
0.00
0.00
0.00
5.00
2.00
36.00
1.00
0.00
3.00
0.00
2.00
0.00
0.00
0.00
0.00
0.00
10.00
0.00
0.00
0.00
0.00
3.00
0.00
0.00
21.00
1.00
0.00
0.00
9.00
7.00
0.00
0.00
0.00
1.00
0.00
11.00
0.00
0.00
5.00
0.00
0.00
2.00
7.00
0.00
0.00
0.00
0.00
0.00
0.00
3.00
0.00
9.00
0.00
5.00
0.00
2.00
0.00
0.00
0.00
19.00
27.00
32.00
0.00
0.00
0.00
0.00
0.00
0.00
0.00
7.00
5.00
5.00
0.00
0.00
0.00
3.00
2.00
0.00
0.00
0.00
0.00
0.00
0.00
0.00
0.00
4.00
19.00
0.00
0.00
0.00
0.00
1.00
0.00
