P_X:
0
0
0
0
0
0
0
0
0
0
0
0
0
0
0
0
0
0
0
0
0
0
0
0
0
0
0
0
0
0
0
0
0
0
0
0
0
0
0
0
0
0
0
0
0
0
0
0
0
0
0
0
0
0
0
0
0
0
0
0
0
0
0
0
0
0
0
0
0
0
0
0
0
0
0
0
0
0
0
0
0
0
0
0
0
0
0
0
0
0
0
0
0
0
0
0
0
0
0
0
0
0
0
0
0
0
0
0
0
0
0
0
0
0
0
0
0
0
0
0
0
0
0
0
0
0
0
0
0
0
0
0
0
0
0
0
0
0
0
0
0
0
0
0
0
0
0
0
0
0
0
0
0
0
0
0
0
0
0
0
0
0
0
0
0
0
0
0
0
0
0
0
0
0
0
0
0
0
0
0
0
0
0
0
0
0
0
0
0
0
0
0
0
0
0
0
0
0
0
0
0
0
0
0
0
0
0
0
0
0
0
0
0
0
0
0
0
0
0
0
0
0
0
0
0
0
0
0
0
0
0
0
0
747
747
747
747
747
747
747
747
747
747
747
747
747
747
747
747
747
747
747
747
747
747
747
747
747
747
747
747
747
747
747
747
747
747
747
747
747
747
747
747
747
747
747
747
747
747
747
0
0
0
0
0
0
0
0
0
0
0
0
0
0
0
0
0
747
747
747
747
747
747
747
747
747
747
747
747
747
747
747
747
747
747
747
747
747
747
747
747
747
747
747
747
747
0
0
0
0
0
0
0
0
0
0
0
0
0
0
0
0
0
0
0
0
0
0
0
0
0
0
0
0
0
0
0
0
0
0
0
0
0
0
0
0
0
0
0
0
0
0
0
0
0
0
0
0
0
0
0
0
0
0
0
0
0
0
0
0
0
0
0
0
0
0
0
0
0
0
0
0
0
0
0
0
0
0
0
0
0
0
0
0
0
0
0
16
16
36
36
36
36
36
36
36
36
36
36
36
36
36
36
36
36
36
36
36
0
0
0
0
0
0
0
0
0
0
0
0
0
0
0
0
0
0
0
0
0
0
0
0
0
0
0
0
0
0
0
0
0
0
0
0
0
0
0
0
0
0
0
0
0
0
0
0
0
0
0
0
0
0
0
0
0
0
0
0
0
0
0
0
0
0
0
0
0
0
0
0
0
0
0
0
0
0
0
0
0
0
0
0
0
0
0
0
0
0
0
0
0
0
0
0
0
0
0
0
0
0
0
0
0
0
0
0
0
0
0
0
0
0
0
0
0
0
0
0
0
0
0
0
0
0
0
0
0
0
0
0
0
0
0
0
0
0
0
0
0
0
0
0
0
0
0
0
0
0
0
747
747
747
747
747
747
747
747
747
747
747
747
747
747
747
747
747
747
747
747
747
747
747
747
747
747
747
747
747
747
747
747
747
747
747
747
747
747
747
747
747
747
747
747
747
747
747
0
0
0
0
0
0
0
0
0
0
0
0
0
0
0
0
0
0
0
0
0
0
0
0
0
747
747
747
747
747
747
747
747
747
747
747
747
747
747
747
747
747
747
747
747
747
747
747
747
747
747
747
0
0
0
0
0
0
0
0
0
0
0
0
0
0
0
0
0
0
0
0
0
0
0
747
747
747
747
747
747
747
747
747
747
747
747
747
747
747
747
747
747
747
747
972
972
1000
1000
1000
1000
1000
1000
1000
1000
1000
1000
1000
1000
1000
1000
1000
1000
1000
1000
1000
1000
1000
1000
1000
0
0
0
747
747
747
747
747
747
747
747
747
747
747
747
747
747
747
747
747
747
747
747
747
747
747
0
0
0
0
0
0
0
747
747
747
747
747
747
747
747
747
747
747
747
747
747
747
747
747
747
747
747
747
747
747
747
747
747
747
747
747
747
747
0
0
0
0
0
0
0
0
0
747
747
747
747
747
747
747
747
747
747
747
747
747
747
747
747
747
747
747
747
747
747
747
747
747
747
747
747
747
747
747
747
747
747
747
747
747
747
747
747
747
747
747
747
747
0
PROXIMITY:
22
0
0
0
0
0
0
0
0
0
0
0
0
0
0
0
0
0
0
0
0
0
0
0
0
0
0
0
0
0
0
0
0
0
0
0
0
0
0
0
0
0
0
0
0
0
0
0
0
0
0
0
0
0
0
0
0
0
0
0
0
0
0
0
0
0
0
0
0
0
0
0
0
0
0
0
0
0
0
0
0
0
0
0
0
0
0
0
0
0
0
0
0
0
0
0
0
0
0
0
0
0
0
0
0
0
0
0
0
0
0
0
0
0
0
0
0
0
0
0
0
0
0
0
0
0
0
0
0
0
0
0
0
0
0
0
0
0
0
0
0
0
0
0
0
0
0
0
0
0
0
0
0
0
0
0
0
0
0
0
0
0
0
0
0
0
0
0
0
0
0
0
0
0
0
0
0
0
0
0
0
0
0
0
0
0
0
0
0
0
0
0
0
0
0
0
0
0
0
0
0
0
0
0
0
0
0
0
0
0
0
0
0
0
0
0
0
0
0
0
0
0
0
0
0
0
0
0
0
0
0
0
0
127
127
127
127
127
127
127
127
127
127
127
127
127
127
127
127
127
127
127
127
127
127
127
127
127
127
127
127
127
127
10
10
0
0
0
0
0
0
0
0
0
0
0
0
0
0
0
0
0
0
0
0
0
0
0
0
0
0
0
0
0
0
0
0
127
127
127
127
127
127
127
127
127
127
127
127
0
0
0
0
0
0
0
0
0
0
0
0
6
6
10
10
16
16
17
17
16
16
13
13
13
13
17
17
22
22
28
28
29
29
30
30
27
27
5
5
0
0
0
0
0
0
11
11
17
17
15
15
0
0
0
0
0
0
0
0
0
0
0
0
0
0
0
0
0
0
0
0
0
0
0
0
0
0
0
0
0
0
0
0
20
20
29
29
31
31
34
34
36
36
36
36
27
27
22
22
0
0
47
47
51
51
75
75
86
86
88
88
83
83
59
59
56
56
55
55
47
47
27
27
10
10
18
18
8
8
0
0
0
0
0
0
0
0
0
0
0
0
0
0
0
0
0
0
0
0
0
0
0
0
0
0
0
0
0
0
0
0
0
0
0
0
0
0
0
0
0
0
0
0
0
0
0
0
0
0
0
0
0
0
0
0
0
0
0
0
0
0
0
0
0
0
14
14
27
27
19
19
24
24
41
41
27
27
11
11
0
0
28
28
27
27
4
4
0
0
0
0
0
0
0
0
0
0
0
0
0
0
2
2
14
14
20
20
7
7
0
0
0
0
0
0
0
0
0
0
0
0
0
0
0
0
0
0
0
0
0
0
0
0
0
0
0
0
0
0
0
0
0
0
0
0
0
0
0
0
127
127
127
127
127
127
127
127
127
127
127
127
127
127
127
127
127
127
127
127
127
127
127
127
127
127
127
127
127
127
0
0
0
0
0
0
0
0
0
0
0
0
0
0
1
1
14
14
24
24
27
27
19
19
0
0
0
0
0
0
0
0
0
0
0
0
0
0
0
0
0
0
127
127
127
127
127
127
127
127
127
127
0
0
0
0
0
0
0
0
0
0
0
0
0
0
0
0
0
0
0
0
0
0
0
0
0
0
0
0
0
0
0
0
0
0
0
0
0
0
0
0
127
127
127
127
0
0
0
0
0
0
6
6
34
34
54
54
97
97
126
126
143
143
151
151
156
156
155
155
144
144
124
124
89
89
52
52
32
32
32
32
28
28
27
27
0
0
0
0
127
127
127
127
127
127
38
38
0
0
0
0
0
0
0
0
0
0
0
0
0
0
0
0
0
0
0
0
0
0
127
127
127
127
127
127
127
127
127
127
127
127
127
127
0
0
0
0
0
0
0
0
0
0
0
0
0
0
0
0
0
0
0
0
0
0
0
0
0
0
127
127
127
127
127
127
127
127
127
127
127
127
127
127
127
127
127
127
127
127
127
127
127
127
127
127
127
127
0
0
0
0
0
0
0
0
0
0
0
0
0
0
0
0
0
0
