P_X:
0
0
0
0
0
0
0
0
0
0
0
0
0
0
0
0
0
0
0
0
0
0
0
0
0
0
0
0
0
0
0
0
0
0
0
0
0
0
0
0
0
0
0
0
0
0
0
0
0
0
0
0
0
0
0
0
0
0
0
0
0
0
0
0
0
0
0
0
0
0
0
0
0
0
0
0
0
0
0
0
0
0
0
0
0
0
0
0
0
0
0
0
0
0
0
0
0
0
0
0
0
0
0
0
0
0
0
0
0
0
0
0
0
0
0
0
0
0
0
0
0
0
0
0
0
0
0
0
0
0
0
0
0
0
0
0
0
0
0
0
0
0
0
0
0
0
0
0
0
0
0
0
552
552
552
552
552
552
552
552
552
552
552
552
552
552
552
552
739
739
739
809
809
809
809
809
809
809
809
809
896
896
896
896
1000
1000
1000
1000
1000
1000
1000
1000
1000
1000
1000
1000
1000
1000
1000
1000
1000
1000
1000
1000
1000
1000
1000
1000
1000
1000
1000
1000
1000
1000
1000
1000
1000
1000
1000
1000
1000
1000
1000
1000
1000
1000
1000
1000
1000
1000
1000
1000
1000
1000
1000
1000
1000
1000
1000
1000
1000
1000
1000
1000
1000
1000
1000
1000
1000
1000
1000
1000
1000
1000
1000
1000
1000
1000
1000
1000
1000
1000
1000
1000
1000
1000
1000
1000
1000
1000
1000
1000
1000
1000
1000
1000
1000
1000
1000
1000
1000
1000
1000
1000
1000
1000
1000
1000
1000
1000
1000
1000
1000
1000
1000
1000
1000
1000
1000
1000
1000
1000
1000
1000
1000
1000
1000
1000
1000
1000
1000
1000
1000
1000
1000
1000
1000
1000
1000
1000
1000
1000
1000
1000
1000
1000
1000
1000
1000
1000
1000
1000
1000
1000
1000
1000
1000
1000
1000
1000
1000
1000
1000
1000
1000
1000
1000
1000
1000
1000
1000
1000
1000
1000
1000
1000
1000
1000
1000
1000
1000
1000
1000
1000
1000
1000
1000
1000
1000
1000
1000
1000
1000
1000
1000
1000
1000
1000
1000
1000
1000
1000
1000
1000
1000
1000
1000
1000
1000
1000
1000
1000
1000
1000
1000
1000
1000
1000
1000
1000
1000
1000
1000
1000
1000
1000
1000
1000
1000
1000
1000
1000
1000
1000
1000
1000
1000
1000
1000
1000
1000
1000
1000
1000
1000
1000
1000
1000
1000
1000
1000
1000
1000
1000
1000
1000
1000
1000
1000
1000
1000
1000
1000
1000
1000
1000
1000
1000
1000
1000
1000
1000
1000
1000
1000
1000
1000
1000
1000
1000
1000
1000
1000
1000
1000
1000
1000
1000
1000
1000
1000
1000
1000
1000
1000
1000
1000
1000
1000
1000
1000
1000
1000
1000
1000
1000
1000
1000
1000
1000
1000
1000
1000
1000
1000
1000
1000
1000
1000
1000
1000
1000
1000
1000
1000
1000
1000
1000
1000
1000
1000
1000
1000
1000
1000
1000
1000
1000
1000
1000
1000
1000
1000
1000
1000
1000
1000
1000
1000
1000
1000
1000
1000
1000
1000
1000
1000
1000
1000
1000
1000
1000
1000
1000
1000
0
0
0
0
0
0
0
0
0
0
0
0
0
0
0
0
0
0
0
0
0
0
0
0
0
0
0
0
0
0
0
0
0
0
0
0
0
0
0
0
0
0
0
0
0
0
0
0
0
0
0
0
0
0
0
0
0
0
0
0
0
0
0
0
0
0
0
0
0
0
0
0
0
0
0
0
0
0
0
0
0
0
0
0
0
0
0
0
0
0
0
0
0
0
0
0
0
0
0
0
0
0
0
0
0
0
0
0
0
0
0
0
0
0
0
0
0
0
0
0
0
0
0
0
0
0
0
0
0
0
0
0
0
0
0
0
0
0
0
0
0
0
0
0
0
0
0
0
0
0
0
0
0
0
0
0
0
0
0
0
0
0
0
0
0
0
0
0
0
0
0
0
0
0
0
0
0
0
0
0
0
0
0
0
0
0
0
0
0
0
0
0
0
0
0
0
0
0
0
0
0
0
0
0
0
0
0
0
0
0
0
0
0
0
0
0
0
0
0
0
0
0
0
0
0
0
0
0
0
0
0
0
0
0
0
0
0
0
0
0
0
0
0
0
0
0
0
0
0
0
0
0
0
0
0
ACC_X:
0.01
0.01
0.01
0.00
0.00
0.00
0.00
0.00
0.00
0.00
0.00
0.00
-0.00
-0.00
-0.00
-0.00
-0.00
-0.00
-0.00
-0.00
0.00
0.00
0.00
0.00
0.01
0.01
0.01
0.01
0.01
0.01
0.01
0.01
0.01
0.01
0.01
0.01
0.00
0.00
0.00
0.00
0.00
0.00
0.00
0.00
-0.00
-0.00
-0.00
-0.00
-0.00
-0.00
-0.00
-0.00
-0.00
-0.00
-0.00
-0.00
-0.00
-0.00
-0.00
-0.00
0.00
0.00
0.00
0.00
0.00
0.00
0.00
0.00
0.00
0.00
0.00
0.00
0.00
0.00
0.00
0.00
0.00
0.00
0.00
0.00
0.00
0.00
0.00
0.00
0.00
0.00
0.00
0.00
0.01
0.01
0.01
0.01
0.01
0.01
0.01
0.01
0.01
0.01
0.01
0.01
0.01
0.01
0.01
0.01
0.00
0.00
0.00
0.00
0.00
0.00
0.00
0.00
0.01
0.01
0.01
0.01
0.01
0.01
0.01
0.01
0.01
0.01
0.01
0.01
0.30
0.30
0.30
0.30
0.66
0.66
0.66
0.66
-0.26
-0.26
-0.26
-0.26
-0.26
-0.26
-0.26
-0.26
-0.26
-0.26
-0.26
-0.26
-0.26
-1.24
-1.24
-1.24
-0.82
-0.82
-0.82
-0.82
-0.82
-0.22
-0.22
-0.22
0.28
0.28
0.28
0.28
0.28
0.50
0.50
0.50
0.45
0.45
0.45
0.45
0.45
0.23
0.23
0.23
0.01
0.01
0.01
0.01
0.01
-0.06
-0.06
-0.06
-0.06
-0.07
-0.07
-0.07
-0.07
-0.04
-0.04
-0.04
-0.04
-0.02
-0.02
-0.02
-0.02
-0.08
-0.08
-0.08
-0.08
-0.14
-0.14
-0.14
-0.14
-0.12
-0.12
-0.12
-0.12
-0.04
-0.04
-0.04
-0.04
0.04
0.04
0.04
0.04
0.10
0.10
0.10
0.10
0.15
0.15
0.15
0.15
0.15
0.15
0.15
0.15
0.14
0.14
0.14
0.14
0.12
0.12
0.12
0.12
0.05
0.05
0.05
0.05
-0.02
-0.02
-0.02
-0.02
-0.05
-0.05
-0.05
-0.05
-0.06
-0.06
-0.06
-0.06
-0.05
-0.05
-0.05
-0.05
-0.08
-0.08
-0.08
-0.08
-0.16
-0.16
-0.16
-0.16
-0.21
-0.21
-0.21
-0.21
-0.18
-0.18
-0.18
-0.18
-0.08
-0.08
-0.08
-0.08
0.02
0.02
0.02
0.02
0.07
0.07
0.07
0.07
0.05
0.05
0.05
0.05
0.01
0.01
0.01
0.01
-0.02
-0.02
-0.02
-0.02
-0.05
-0.05
-0.05
-0.05
-0.08
-0.08
-0.08
-0.08
-0.13
-0.13
-0.13
-0.13
-0.19
-0.19
-0.19
-0.19
-0.21
-0.21
-0.21
-0.21
-0.89
-0.89
-0.89
-0.89
-0.88
-0.88
-0.88
-0.88
-0.18
-0.18
-0.18
-0.18
-0.36
-0.36
-0.36
-0.36
-0.68
-0.68
-0.68
-0.68
-0.68
-0.68
-0.68
-0.68
-0.68
-0.68
-0.68
-0.68
-0.68
-0.03
-0.03
-0.03
0.01
0.01
0.01
0.01
0.01
-0.14
-0.14
-0.14
-0.23
-0.23
-0.23
-0.23
-0.23
-0.11
-0.11
-0.11
0.10
0.10
0.10
0.10
0.10
0.23
0.23
0.23
0.27
0.27
0.27
0.27
0.27
0.24
0.24
0.24
0.22
0.22
0.22
0.22
0.22
0.16
0.16
0.16
0.16
0.09
0.09
0.09
0.09
0.03
0.03
0.03
0.03
-0.03
-0.03
-0.03
-0.03
-0.04
-0.04
-0.04
-0.04
-0.07
-0.07
-0.07
-0.07
-0.20
-0.20
-0.20
-0.20
-0.41
-0.41
-0.41
-0.41
-0.84
-0.84
-0.84
-0.84
-1.78
-1.78
-1.78
-1.78
-2.71
-2.71
-2.71
-2.71
-2.65
-2.65
-2.65
-2.65
-1.66
-1.66
-1.66
-1.66
-0.55
-0.55
-0.55
-0.55
0.02
0.02
0.02
0.02
0.11
0.11
0.11
0.11
0.11
0.11
0.11
0.11
0.09
0.09
0.09
0.09
-0.07
-0.07
-0.07
-0.07
-0.23
-0.23
-0.23
-0.23
-0.31
-0.31
-0.31
-0.31
-0.45
-0.45
-0.45
-0.45
-0.57
-0.57
-0.57
-0.57
-0.56
-0.56
-0.56
-0.56
-0.46
-0.46
-0.46
-0.46
-0.42
-0.42
-0.42
-0.42
-0.56
-0.56
-0.56
-0.56
-0.86
-0.86
-0.86
-0.86
-0.94
-0.94
-0.94
-0.94
-0.31
-0.31
-0.31
-0.31
0.69
0.69
0.69
0.69
1.11
1.11
1.11
1.11
0.74
0.74
0.74
0.74
0.17
0.17
0.17
0.17
-0.08
-0.08
-0.08
-0.08
-0.03
-0.03
-0.03
-0.03
0.12
0.12
0.12
0.12
0.22
0.22
0.22
0.22
0.29
0.29
0.29
0.29
0.29
0.29
0.29
0.29
0.29
0.29
0.29
0.29
0.29
0.25
0.25
0.25
0.17
0.17
0.17
0.17
0.17
0.06
0.06
0.06
-0.09
-0.09
-0.09
-0.09
-0.09
-0.25
-0.25
-0.25
-0.37
-0.37
-0.37
-0.37
-0.37
-0.47
-0.47
-0.47
-0.53
-0.53
-0.53
-0.53
-0.53
-0.50
-0.50
-0.50
-0.50
-0.50
-0.50
-0.50
-0.50
-0.28
-0.28
-0.28
-0.28
-0.24
-0.24
-0.24
-0.24
-0.21
-0.21
-0.21
-0.21
-0.15
-0.15
-0.15
-0.15
-0.09
-0.09
-0.09
-0.09
-0.04
-0.04
-0.04
-0.04
-0.01
-0.01
-0.01
-0.01
-0.02
-0.02
-0.02
-0.02
-0.05
-0.05
-0.05
-0.05
-0.08
-0.08
-0.08
-0.08
-0.12
-0.12
-0.12
-0.12
-0.16
-0.16
-0.16
-0.16
-0.18
-0.18
-0.18
-0.18
-0.20
-0.20
-0.20
-0.20
-0.20
-0.20
-0.20
-0.20
-0.18
-0.18
-0.18
-0.18
-0.15
-0.15
-0.15
-0.15
-0.12
-0.12
-0.12
-0.12
-0.11
-0.11
-0.11
-0.11
-0.11
-0.11
-0.11
-0.11
-0.13
-0.13
-0.13
-0.13
-0.15
-0.15
-0.15
-0.15
-0.16
-0.16
-0.16
-0.16
-0.16
-0.16
-0.16
-0.16
-0.15
-0.15
-0.15
-0.15
-0.14
-0.14
-0.14
-0.14
-0.13
-0.13
-0.13
-0.13
-0.13
-0.13
-0.13
-0.13
-0.14
-0.14
-0.14
-0.14
-0.15
-0.15
-0.15
-0.15
-0.16
-0.16
-0.16
-0.16
-0.15
-0.15
-0.15
-0.15
-0.14
-0.14
-0.14
-0.14
-0.13
-0.13
-0.13
-0.13
-0.14
-0.14
-0.14
-0.14
-0.14
-0.14
-0.14
-0.14
-0.15
-0.15
-0.15
-0.15
-0.15
-0.15
-0.15
-0.15
-0.15
-0.15
-0.15
-0.15
-0.15
-0.14
-0.14
-0.14
-0.14
-0.14
-0.14
-0.14
-0.14
-0.14
-0.14
-0.14
-0.14
-0.14
-0.14
-0.14
-0.14
-0.15
-0.15
-0.15
-0.15
-0.15
-0.15
-0.15
-0.15
-0.15
-0.15
-0.15
-0.14
-0.14
-0.14
-0.14
-0.14
-0.14
-0.14
-0.14
-0.14
-0.14
-0.14
-0.14
-0.14
-0.14
-0.14
-0.14
-0.14
-0.14
-0.14
-0.14
-0.14
-0.15
-0.15
-0.15
-0.15
-0.14
-0.14
-0.14
-0.14
-0.14
ACC_Y:
0.08
0.08
0.08
0.07
0.07
0.07
0.07
0.07
0.07
0.07
0.07
0.07
0.08
0.08
0.08
0.08
0.09
0.09
0.09
0.09
0.08
0.08
0.08
0.08
0.08
0.08
0.08
0.08
0.08
0.08
0.08
0.08
0.08
0.08
0.08
0.08
0.08
0.08
0.08
0.08
0.08
0.08
0.08
0.08
0.08
0.08
0.08
0.08
0.08
0.08
0.08
0.08
0.08
0.08
0.08
0.08
0.08
0.08
0.08
0.08
0.09
0.09
0.09
0.09
0.09
0.09
0.09
0.09
0.09
0.09
0.09
0.09
0.09
0.09
0.09
0.09
0.09
0.09
0.09
0.09
0.08
0.08
0.08
0.08
0.08
0.08
0.08
0.08
0.08
0.08
0.08
0.08
0.08
0.08
0.08
0.08
0.08
0.08
0.08
0.08
0.08
0.08
0.08
0.08
0.08
0.08
0.08
0.08
0.08
0.08
0.08
0.08
0.07
0.07
0.07
0.07
0.06
0.06
0.06
0.06
0.05
0.05
0.05
0.05
-0.23
-0.23
-0.23
-0.23
-0.74
-0.74
-0.74
-0.74
-0.76
-0.76
-0.76
-0.76
-0.76
-0.76
-0.76
-0.76
-0.76
-0.76
-0.76
-0.76
-0.76
0.05
0.05
0.05
-0.08
-0.08
-0.08
-0.08
-0.08
-0.40
-0.40
-0.40
-0.42
-0.42
-0.42
-0.42
-0.42
-0.31
-0.31
-0.31
-0.11
-0.11
-0.11
-0.11
-0.11
0.24
0.24
0.24
0.40
0.40
0.40
0.40
0.40
0.43
0.43
0.43
0.43
0.38
0.38
0.38
0.38
0.24
0.24
0.24
0.24
0.12
0.12
0.12
0.12
0.01
0.01
0.01
0.01
-0.01
-0.01
-0.01
-0.01
0.01
0.01
0.01
0.01
0.09
0.09
0.09
0.09
0.17
0.17
0.17
0.17
0.19
0.19
0.19
0.19
0.18
0.18
0.18
0.18
0.11
0.11
0.11
0.11
0.06
0.06
0.06
0.06
0.03
0.03
0.03
0.03
0.01
0.01
0.01
0.01
0.01
0.01
0.01
0.01
0.04
0.04
0.04
0.04
0.08
0.08
0.08
0.08
0.11
0.11
0.11
0.11
0.13
0.13
0.13
0.13
0.11
0.11
0.11
0.11
0.06
0.06
0.06
0.06
0.02
0.02
0.02
0.02
-0.03
-0.03
-0.03
-0.03
-0.06
-0.06
-0.06
-0.06
-0.08
-0.08
-0.08
-0.08
-0.12
-0.12
-0.12
-0.12
-0.13
-0.13
-0.13
-0.13
-0.10
-0.10
-0.10
-0.10
-0.08
-0.08
-0.08
-0.08
-0.08
-0.08
-0.08
-0.08
-0.10
-0.10
-0.10
-0.10
-0.13
-0.13
-0.13
-0.13
-0.16
-0.16
-0.16
-0.16
-1.11
-1.11
-1.11
-1.11
-1.80
-1.80
-1.80
-1.80
-0.97
-0.97
-0.97
-0.97
-0.18
-0.18
-0.18
-0.18
-0.14
-0.14
-0.14
-0.14
-0.14
-0.14
-0.14
-0.14
-0.14
-0.14
-0.14
-0.14
-0.14
0.28
0.28
0.28
0.06
0.06
0.06
0.06
0.06
-0.01
-0.01
-0.01
0.16
0.16
0.16
0.16
0.16
0.19
0.19
0.19
0.14
0.14
0.14
0.14
0.14
0.07
0.07
0.07
-0.03
-0.03
-0.03
-0.03
-0.03
-0.06
-0.06
-0.06
-0.08
-0.08
-0.08
-0.08
-0.08
-0.09
-0.09
-0.09
-0.09
-0.15
-0.15
-0.15
-0.15
-0.17
-0.17
-0.17
-0.17
-0.13
-0.13
-0.13
-0.13
-0.06
-0.06
-0.06
-0.06
-0.05
-0.05
-0.05
-0.05
-0.21
-0.21
-0.21
-0.21
-0.50
-0.50
-0.50
-0.50
-1.34
-1.34
-1.34
-1.34
-2.82
-2.82
-2.82
-2.82
-3.56
-3.56
-3.56
-3.56
-2.69
-2.69
-2.69
-2.69
-1.03
-1.03
-1.03
-1.03
0.04
0.04
0.04
0.04
0.17
0.17
0.17
0.17
-0.04
-0.04
-0.04
-0.04
-0.17
-0.17
-0.17
-0.17
-0.14
-0.14
-0.14
-0.14
-0.05
-0.05
-0.05
-0.05
-0.02
-0.02
-0.02
-0.02
-0.02
-0.02
-0.02
-0.02
0.02
0.02
0.02
0.02
0.13
0.13
0.13
0.13
0.23
0.23
0.23
0.23
0.29
0.29
0.29
0.29
0.26
0.26
0.26
0.26
0.33
0.33
0.33
0.33
0.69
0.69
0.69
0.69
1.10
1.10
1.10
1.10
1.33
1.33
1.33
1.33
1.22
1.22
1.22
1.22
0.82
0.82
0.82
0.82
0.39
0.39
0.39
0.39
0.16
0.16
0.16
0.16
0.14
0.14
0.14
0.14
0.19
0.19
0.19
0.19
0.22
0.22
0.22
0.22
0.22
0.22
0.22
0.22
0.18
0.18
0.18
0.18
0.18
0.18
0.18
0.18
0.18
0.18
0.18
0.18
0.18
0.17
0.17
0.17
0.16
0.16
0.16
0.16
0.16
0.14
0.14
0.14
0.12
0.12
0.12
0.12
0.12
0.13
0.13
0.13
0.15
0.15
0.15
0.15
0.15
0.19
0.19
0.19
0.22
0.22
0.22
0.22
0.22
0.25
0.25
0.25
0.25
0.25
0.25
0.25
0.25
0.24
0.24
0.24
0.24
0.20
0.20
0.20
0.20
0.22
0.22
0.22
0.22
0.28
0.28
0.28
0.28
0.33
0.33
0.33
0.33
0.32
0.32
0.32
0.32
0.27
0.27
0.27
0.27
0.19
0.19
0.19
0.19
0.14
0.14
0.14
0.14
0.15
0.15
0.15
0.15
0.18
0.18
0.18
0.18
0.19
0.19
0.19
0.19
0.20
0.20
0.20
0.20
0.22
0.22
0.22
0.22
0.24
0.24
0.24
0.24
0.25
0.25
0.25
0.25
0.25
0.25
0.25
0.25
0.25
0.25
0.25
0.25
0.24
0.24
0.24
0.24
0.21
0.21
0.21
0.21
0.19
0.19
0.19
0.19
0.19
0.19
0.19
0.19
0.21
0.21
0.21
0.21
0.23
0.23
0.23
0.23
0.24
0.24
0.24
0.24
0.24
0.24
0.24
0.24
0.24
0.24
0.24
0.24
0.23
0.23
0.23
0.23
0.21
0.21
0.21
0.21
0.21
0.21
0.21
0.21
0.21
0.21
0.21
0.21
0.22
0.22
0.22
0.22
0.23
0.23
0.23
0.23
0.23
0.23
0.23
0.23
0.23
0.23
0.23
0.23
0.22
0.22
0.22
0.22
0.22
0.22
0.22
0.22
0.21
0.21
0.21
0.21
0.21
0.21
0.21
0.21
0.21
0.22
0.22
0.22
0.23
0.23
0.23
0.23
0.23
0.23
0.23
0.23
0.23
0.23
0.23
0.23
0.23
0.22
0.22
0.22
0.21
0.21
0.21
0.21
0.21
0.21
0.21
0.21
0.22
0.22
0.22
0.22
0.22
0.23
0.23
0.23
0.23
0.23
0.23
0.23
0.23
0.23
0.23
0.23
0.23
0.23
0.23
0.23
0.23
0.22
0.22
0.22
0.22
0.22
0.22
0.22
0.22
0.22
ACC_Z:
0.97
0.99
0.99
0.99
0.99
0.99
0.99
0.99
0.99
0.99
0.99
0.99
0.99
0.99
0.99
0.99
0.98
0.98
0.98
0.98
0.98
0.98
0.98
0.98
0.98
0.98
0.98
0.98
0.99
0.99
0.99
0.99
1.00
1.00
1.00
1.00
1.01
1.01
1.01
1.01
1.02
1.02
1.02
1.02
1.03
1.03
1.03
1.03
1.03
1.03
1.03
1.03
1.03
1.03
1.03
1.03
1.02
1.02
1.02
1.02
1.01
1.01
1.01
1.01
1.01
1.01
1.01
1.01
1.01
1.01
1.01
1.01
1.01
1.01
1.01
1.01
1.01
1.01
1.01
1.01
1.01
1.01
1.01
1.01
1.00
1.00
1.00
1.00
1.00
1.00
1.00
1.00
1.00
1.00
1.00
1.00
1.00
1.00
1.00
1.00
1.00
1.00
1.00
1.00
1.01
1.01
1.01
1.01
1.01
1.01
1.01
1.01
1.01
1.01
1.01
1.01
1.02
1.02
1.02
1.02
1.02
1.02
1.02
1.02
1.14
1.14
1.14
1.14
0.55
0.55
0.55
0.55
-0.45
-0.45
-0.45
-0.45
-0.45
-0.45
-0.45
-0.45
-0.45
-0.45
-0.45
-0.45
-0.45
-0.02
-0.02
-0.02
-0.10
-0.10
-0.10
-0.10
-0.10
-0.29
-0.29
-0.29
-0.57
-0.57
-0.57
-0.57
-0.57
-0.61
-0.61
-0.61
-0.54
-0.54
-0.54
-0.54
-0.54
-0.40
-0.40
-0.40
-0.32
-0.32
-0.32
-0.32
-0.32
-0.34
-0.34
-0.34
-0.34
-0.30
-0.30
-0.30
-0.30
-0.30
-0.30
-0.30
-0.30
-0.30
-0.30
-0.30
-0.30
-0.31
-0.31
-0.31
-0.31
-0.31
-0.31
-0.31
-0.31
-0.31
-0.31
-0.31
-0.31
-0.29
-0.29
-0.29
-0.29
-0.23
-0.23
-0.23
-0.23
-0.17
-0.17
-0.17
-0.17
-0.13
-0.13
-0.13
-0.13
-0.09
-0.09
-0.09
-0.09
-0.07
-0.07
-0.07
-0.07
-0.06
-0.06
-0.06
-0.06
-0.06
-0.06
-0.06
-0.06
-0.05
-0.05
-0.05
-0.05
-0.07
-0.07
-0.07
-0.07
-0.08
-0.08
-0.08
-0.08
-0.10
-0.10
-0.10
-0.10
-0.12
-0.12
-0.12
-0.12
-0.14
-0.14
-0.14
-0.14
-0.16
-0.16
-0.16
-0.16
-0.13
-0.13
-0.13
-0.13
-0.07
-0.07
-0.07
-0.07
-0.01
-0.01
-0.01
-0.01
0.01
0.01
0.01
0.01
0.00
0.00
0.00
0.00
-0.04
-0.04
-0.04
-0.04
-0.07
-0.07
-0.07
-0.07
-0.08
-0.08
-0.08
-0.08
-0.09
-0.09
-0.09
-0.09
-0.10
-0.10
-0.10
-0.10
-0.12
-0.12
-0.12
-0.12
-0.16
-0.16
-0.16
-0.16
-0.43
-0.43
-0.43
-0.43
-0.03
-0.03
-0.03
-0.03
-0.25
-0.25
-0.25
-0.25
-0.96
-0.96
-0.96
-0.96
-0.29
-0.29
-0.29
-0.29
-0.29
-0.29
-0.29
-0.29
-0.29
-0.29
-0.29
-0.29
-0.29
-0.05
-0.05
-0.05
-0.74
-0.74
-0.74
-0.74
-0.74
-0.46
-0.46
-0.46
-0.21
-0.21
-0.21
-0.21
-0.21
-0.08
-0.08
-0.08
0.05
0.05
0.05
0.05
0.05
0.02
0.02
0.02
0.07
0.07
0.07
0.07
0.07
0.03
0.03
0.03
0.04
0.04
0.04
0.04
0.04
0.04
0.04
0.04
0.04
0.02
0.02
0.02
0.02
0.01
0.01
0.01
0.01
-0.04
-0.04
-0.04
-0.04
-0.05
-0.05
-0.05
-0.05
-0.08
-0.08
-0.08
-0.08
-0.21
-0.21
-0.21
-0.21
-0.51
-0.51
-0.51
-0.51
-0.83
-0.83
-0.83
-0.83
-1.10
-1.10
-1.10
-1.10
-1.23
-1.23
-1.23
-1.23
-1.09
-1.09
-1.09
-1.09
-0.93
-0.93
-0.93
-0.93
-0.80
-0.80
-0.80
-0.80
-0.60
-0.60
-0.60
-0.60
-0.41
-0.41
-0.41
-0.41
-0.29
-0.29
-0.29
-0.29
-0.21
-0.21
-0.21
-0.21
-0.16
-0.16
-0.16
-0.16
-0.22
-0.22
-0.22
-0.22
-0.33
-0.33
-0.33
-0.33
-0.44
-0.44
-0.44
-0.44
-0.57
-0.57
-0.57
-0.57
-0.70
-0.70
-0.70
-0.70
-0.88
-0.88
-0.88
-0.88
-1.29
-1.29
-1.29
-1.29
-1.94
-1.94
-1.94
-1.94
-2.37
-2.37
-2.37
-2.37
-2.21
-2.21
-2.21
-2.21
-1.74
-1.74
-1.74
-1.74
-1.30
-1.30
-1.30
-1.30
-1.02
-1.02
-1.02
-1.02
-0.87
-0.87
-0.87
-0.87
-0.71
-0.71
-0.71
-0.71
-0.52
-0.52
-0.52
-0.52
-0.41
-0.41
-0.41
-0.41
-0.41
-0.41
-0.41
-0.41
-0.50
-0.50
-0.50
-0.50
-0.68
-0.68
-0.68
-0.68
-0.68
-0.68
-0.68
-0.68
-0.68
-0.68
-0.68
-0.68
-0.68
-1.22
-1.22
-1.22
-1.27
-1.27
-1.27
-1.27
-1.27
-1.23
-1.23
-1.23
-1.18
-1.18
-1.18
-1.18
-1.18
-1.15
-1.15
-1.15
-1.12
-1.12
-1.12
-1.12
-1.12
-1.07
-1.07
-1.07
-0.98
-0.98
-0.98
-0.98
-0.98
-0.85
-0.85
-0.85
-0.85
-0.85
-0.85
-0.85
-0.85
-0.65
-0.65
-0.65
-0.65
-0.70
-0.70
-0.70
-0.70
-0.84
-0.84
-0.84
-0.84
-1.02
-1.02
-1.02
-1.02
-1.15
-1.15
-1.15
-1.15
-1.17
-1.17
-1.17
-1.17
-1.09
-1.09
-1.09
-1.09
-0.97
-0.97
-0.97
-0.97
-0.89
-0.89
-0.89
-0.89
-0.89
-0.89
-0.89
-0.89
-0.95
-0.95
-0.95
-0.95
-1.01
-1.01
-1.01
-1.01
-1.02
-1.02
-1.02
-1.02
-1.00
-1.00
-1.00
-1.00
-0.95
-0.95
-0.95
-0.95
-0.92
-0.92
-0.92
-0.92
-0.93
-0.93
-0.93
-0.93
-0.96
-0.96
-0.96
-0.96
-0.98
-0.98
-0.98
-0.98
-0.99
-0.99
-0.99
-0.99
-0.98
-0.98
-0.98
-0.98
-0.97
-0.97
-0.97
-0.97
-0.97
-0.97
-0.97
-0.97
-0.97
-0.97
-0.97
-0.97
-0.96
-0.96
-0.96
-0.96
-0.95
-0.95
-0.95
-0.95
-0.96
-0.96
-0.96
-0.96
-0.97
-0.97
-0.97
-0.97
-0.97
-0.97
-0.97
-0.97
-0.97
-0.97
-0.97
-0.97
-0.97
-0.97
-0.97
-0.97
-0.97
-0.97
-0.97
-0.97
-0.96
-0.96
-0.96
-0.96
-0.96
-0.96
-0.96
-0.96
-0.96
-0.96
-0.96
-0.96
-0.96
-0.96
-0.96
-0.96
-0.97
-0.97
-0.97
-0.97
-0.97
-0.97
-0.97
-0.97
-0.97
-0.97
-0.97
-0.97
-0.97
-0.97
-0.97
-0.97
-0.96
-0.96
-0.96
-0.96
-0.96
-0.96
-0.96
-0.96
-0.96
-0.96
-0.96
-0.96
-0.96
-0.97
-0.97
-0.97
-0.97
-0.97
-0.97
-0.97
-0.97
-0.97
-0.97
-0.97
-0.97
-0.97
-0.97
-0.97
-0.97
-0.96
-0.96
-0.96
-0.96
-0.96
-0.96
-0.96
-0.96
-0.96
-0.96
-0.96
-0.96
-0.96
-0.96
-0.96
-0.96
-0.97
-0.97
-0.97
-0.97
-0.97
-0.97
-0.97
-0.97
-0.97
