PIEZO:
0.00
0.00
0.00
0.00
7.00
6.00
0.00
3.00
0.00
0.00
2.00
0.00
0.00
0.00
0.00
0.00
0.00
18.00
8.00
5.00
13.00
0.00
36.00
2.00
0.00
0.00
0.00
3.00
1.00
7.00
0.00
0.00
9.00
0.00
0.00
5.00
0.00
0.00
2.00
0.00
0.00
0.00
22.00
0.00
0.00
0.00
0.00
0.00
8.00
5.00
0.00
0.00
0.00
1.00
0.00
2.00
10.00
0.00
0.00
5.00
0.00
0.00
37.00
0.00
0.00
1.00
12.00
3.00
0.00
4.00
0.00
0.00
7.00
0.00
13.00
7.00
0.00
8.00
15.00
4.00
8.00
3.00
2.00
6.00
0.00
43.00
0.00
0.00
1.00
1.00
0.00
36.00
36.00
1.00
0.00
0.00
0.00
1.00
0.00
2.00
0.00
3.00
13.00
5.00
0.00
0.00
0.00
6.00
3.00
3.00
1.00
0.00
14.00
0.00
0.00
2.00
0.00
2.00
3.00
3.00
0.00
0.00
0.00
40.00
0.00
2.00
0.00
1.00
0.00
0.00
0.00
0.00
2.00
3.00
0.00
0.00
0.00
12.00
0.00
0.00
5.00
0.00
0.00
2.00
1.00
13.00
0.00
4.00
2.00
0.00
0.00
0.00
0.00
1.00
2.00
6.00
6.00
2.00
16.00
0.00
0.00
0.00
5.00
0.00
0.00
0.00
0.00
0.00
0.00
0.00
0.00
0.00
13.00
0.00
0.00
5.00
0.00
0.00
10.00
0.00
0.00
14.00
3.00
1.00
19.00
0.00
0.00
0.00
4.00
1.00
5.00
0.00
0.00
28.00
3.00
0.00
0.00
5.00
1.00
0.00
0.00
0.00
0.00
0.00
0.00
0.00
0.00
0.00
0.00
0.00
19.00
0.00
0.00
1.00
11.00
0.00
10.00
1.00
0.00
18.00
0.00
2.00
0.00
1.00
0.00
0.00
0.00
0.00
14.00
35.00
0.00
6.00
0.00
9.00
0.00
0.00
2.00
1.00
0.00
13.00
1.00
0.00
0.00
5.00
0.00
5.00
0.00
0.00
0.00
0.00
0.00
0.00
0.00
0.00
0.00
0.00
0.00
2.00
0.00
2.00
0.00
0.00
5.00
12.00
1.00
0.00
1.00
0.00
2.00
51.00
1023.00
0.00
246.00
0.00
168.00
0.00
133.00
27.00
0.00
0.00
0.00
55.00
35.00
0.00
2.00
0.00
19.00
0.00
56.00
0.00
82.00
0.00
13.00
29.00
36.00
14.00
0.00
17.00
6.00
3.00
9.00
1.00
13.00
1.00
1.00
0.00
0.00
4.00
0.00
0.00
4.00
3.00
5.00
3.00
2.00
0.00
0.00
12.00
19.00
4.00
0.00
1.00
8.00
0.00
2.00
0.00
0.00
0.00
0.00
0.00
0.00
1.00
2.00
0.00
7.00
0.00
0.00
0.00
0.00
6.00
0.00
8.00
6.00
4.00
1.00
0.00
10.00
8.00
11.00
0.00
0.00
0.00
4.00
6.00
0.00
0.00
10.00
0.00
7.00
11.00
0.00
5.00
0.00
12.00
6.00
0.00
0.00
1.00
6.00
1.00
0.00
10.00
2.00
14.00
5.00
0.00
0.00
0.00
4.00
0.00
0.00
0.00
0.00
5.00
3.00
0.00
0.00
0.00
3.00
0.00
4.00
34.00
2.00
7.00
6.00
3.00
0.00
0.00
5.00
11.00
0.00
1.00
0.00
0.00
2.00
1.00
14.00
0.00
6.00
0.00
0.00
0.00
0.00
0.00
5.00
0.00
16.00
0.00
13.00
4.00
0.00
3.00
0.00
2.00
0.00
0.00
3.00
0.00
7.00
0.00
0.00
0.00
0.00
5.00
3.00
0.00
0.00
0.00
21.00
1.00
0.00
0.00
0.00
0.00
0.00
0.00
0.00
0.00
0.00
12.00
0.00
0.00
0.00
3.00
1.00
0.00
0.00
4.00
0.00
10.00
0.00
6.00
0.00
0.00
5.00
0.00
0.00
20.00
0.00
1.00
12.00
6.00
7.00
0.00
0.00
0.00
0.00
0.00
0.00
0.00
15.00
0.00
3.00
33.00
0.00
25.00
0.00
9.00
3.00
1.00
7.00
0.00
2.00
3.00
2.00
0.00
0.00
0.00
5.00
2.00
