PIEZO:
2.00
0.00
0.00
22.00
2.00
0.00
5.00
0.00
18.00
3.00
0.00
0.00
9.00
0.00
4.00
0.00
0.00
12.00
21.00
0.00
9.00
5.00
0.00
3.00
9.00
0.00
0.00
0.00
3.00
3.00
0.00
0.00
6.00
3.00
0.00
0.00
0.00
11.00
2.00
1.00
1.00
4.00
1.00
13.00
2.00
2.00
1.00
0.00
3.00
2.00
0.00
0.00
0.00
15.00
9.00
0.00
0.00
2.00
11.00
4.00
1.00
0.00
0.00
3.00
0.00
0.00
0.00
0.00
7.00
0.00
4.00
0.00
0.00
0.00
1.00
9.00
0.00
0.00
1.00
0.00
1.00
0.00
2.00
7.00
3.00
2.00
0.00
0.00
0.00
0.00
6.00
0.00
0.00
0.00
0.00
0.00
2.00
9.00
2.00
0.00
0.00
2.00
0.00
2.00
1.00
0.00
0.00
0.00
0.00
5.00
2.00
0.00
0.00
1.00
3.00
4.00
17.00
0.00
0.00
6.00
0.00
6.00
0.00
0.00
3.00
3.00
9.00
8.00
3.00
31.00
8.00
0.00
0.00
3.00
3.00
7.00
0.00
1.00
1.00
9.00
0.00
0.00
0.00
0.00
2.00
0.00
0.00
2.00
3.00
7.00
21.00
0.00
0.00
0.00
0.00
0.00
20.00
0.00
0.00
2.00
5.00
19.00
0.00
7.00
2.00
5.00
0.00
0.00
1.00
0.00
3.00
3.00
0.00
1.00
2.00
0.00
0.00
0.00
4.00
2.00
0.00
0.00
1.00
2.00
0.00
0.00
0.00
3.00
6.00
2.00
0.00
0.00
0.00
0.00
2.00
0.00
0.00
3.00
0.00
2.00
63.00
0.00
0.00
8.00
5.00
257.00
0.00
5.00
129.00
21.00
4.00
0.00
1.00
0.00
26.00
0.00
50.00
0.00
409.00
0.00
19.00
52.00
0.00
7.00
0.00
32.00
99.00
11.00
6.00
46.00
8.00
0.00
2.00
1.00
0.00
0.00
7.00
0.00
16.00
33.00
8.00
0.00
24.00
4.00
130.00
0.00
0.00
6.00
0.00
0.00
0.00
10.00
172.00
25.00
10.00
0.00
20.00
0.00
16.00
0.00
33.00
0.00
0.00
0.00
0.00
112.00
22.00
19.00
0.00
23.00
0.00
23.00
0.00
114.00
0.00
505.00
0.00
28.00
204.00
40.00
10.00
0.00
0.00
0.00
34.00
0.00
89.00
0.00
0.00
0.00
11.00
125.00
41.00
2.00
0.00
0.00
0.00
12.00
0.00
125.00
0.00
677.00
0.00
30.00
210.00
51.00
6.00
36.00
12.00
0.00
22.00
0.00
191.00
0.00
0.00
0.00
3.00
264.00
7.00
11.00
22.00
8.00
447.00
3.00
0.00
109.00
13.00
2.00
0.00
17.00
0.00
3.00
0.00
131.00
0.00
309.00
0.00
14.00
216.00
52.00
24.00
24.00
17.00
417.00
0.00
0.00
81.00
19.00
24.00
0.00
0.00
33.00
6.00
0.00
227.00
0.00
0.00
0.00
9.00
118.00
39.00
0.00
31.00
0.00
530.00
0.00
18.00
240.00
45.00
35.00
31.00
10.00
418.00
13.00
0.00
108.00
7.00
11.00
0.00
0.00
35.00
3.00
0.00
250.00
0.00
0.00
0.00
20.00
0.00
16.00
3.00
59.00
0.00
558.00
0.00
29.00
193.00
42.00
29.00
0.00
69.00
0.00
0.00
0.00
222.00
51.00
23.00
30.00
45.00
305.00
9.00
0.00
162.00
0.00
0.00
0.00
0.00
0.00
16.00
0.00
204.00
0.00
0.00
0.00
33.00
0.00
9.00
0.00
45.00
0.00
755.00
0.00
36.00
172.00
53.00
25.00
0.00
26.00
0.00
0.00
3.00
202.00
37.00
32.00
0.00
29.00
461.00
9.00
0.00
49.00
0.00
0.00
0.00
0.00
0.00
1.00
0.00
175.00
0.00
3.00
0.00
0.00
87.00
11.00
0.00
48.00
0.00
635.00
0.00
25.00
208.00
31.00
36.00
8.00
24.00
477.00
54.00
0.00
122.00
10.00
7.00
0.00
0.00
49.00
51.00
0.00
198.00
0.00
0.00
0.00
12.00
1.00
16.00
0.00
80.00
6.00
702.00
0.00
19.00
214.00
