P_X:
0
0
0
0
0
0
0
0
0
0
0
0
0
0
0
0
0
0
0
0
0
0
0
0
0
0
0
0
0
0
0
0
0
0
0
654
654
4654
4654
7627
8698
8698
8698
8698
8698
8698
8698
8698
8698
4698
3000
3000
0
0
0
0
327
327
2820
2820
3000
3000
3000
3000
3000
3000
3000
3000
3000
3000
3000
3000
3000
3000
3000
3000
3000
3000
3000
3000
3000
3000
3000
3000
3000
3000
3000
3000
3000
3000
3000
3000
3000
3000
3000
3000
3000
3000
3000
3000
3000
3000
3000
3000
3000
3000
3000
3000
3000
3000
3000
3000
3000
3000
3000
3000
3000
3000
3000
3000
3000
3000
3000
3000
3000
3000
3000
3000
3000
3000
3000
3000
3000
3000
3000
3000
3000
3000
3000
3000
3000
3000
3000
3000
3000
3000
3000
3000
3000
3000
3000
3000
3000
3000
3000
3000
3000
3000
3000
3000
3000
3000
3000
0
0
0
0
0
0
0
0
0
0
0
0
0
0
0
3000
3000
3000
3000
3000
3000
3000
3000
3000
3000
3000
3000
3000
3000
3000
3000
3000
3000
3000
3000
3000
3000
3000
3000
3000
3000
3000
0
0
0
0
0
0
0
0
0
0
0
0
0
0
0
0
0
0
0
0
0
0
0
0
0
0
0
0
0
0
0
0
0
0
0
0
0
0
0
0
0
0
0
0
0
0
0
0
0
0
0
0
0
0
0
0
0
0
0
0
0
0
0
0
0
0
0
0
0
0
0
0
0
0
0
0
0
0
0
0
0
0
0
0
0
0
0
0
0
0
0
0
0
0
0
0
0
0
0
0
0
0
0
0
0
0
0
0
0
0
0
0
0
0
0
0
0
0
0
0
0
0
0
0
0
0
0
0
0
0
0
0
0
0
0
0
0
0
0
0
0
0
0
0
0
ACC_X:
0.26
0.23
0.23
0.24
0.24
0.26
0.27
0.27
0.27
0.27
0.26
0.25
0.25
0.25
0.25
0.26
0.26
0.25
0.25
0.24
0.24
0.24
0.23
0.23
0.23
0.25
0.25
0.27
0.27
0.27
0.27
0.26
0.26
0.25
0.25
0.25
0.25
0.25
0.04
0.04
-0.06
0.02
0.02
-0.70
-0.70
-1.59
-1.59
-1.73
-1.43
-1.43
-0.78
-0.78
0.10
0.10
0.77
0.74
0.74
0.34
0.34
0.06
0.06
-0.00
-0.00
-0.00
-0.00
0.29
0.36
0.41
0.41
0.44
0.44
0.41
0.41
0.37
0.37
0.29
0.16
0.16
0.03
0.03
-0.05
-0.05
-0.06
-0.05
-0.05
-0.00
-0.00
0.05
0.05
0.07
0.07
0.09
0.07
0.07
0.04
0.04
-0.00
-0.00
-0.08
-0.17
-0.17
-0.23
-0.23
-0.21
-0.21
-0.12
0.00
0.00
0.12
0.12
0.13
0.13
0.07
0.03
0.03
-0.04
-0.04
-0.08
-0.08
-0.09
-0.09
-0.09
-0.09
-0.08
-0.08
-0.08
-0.08
-0.04
-0.04
0.00
0.00
-0.75
-0.75
-2.13
-3.33
-3.33
-3.21
-3.21
-1.09
-1.09
0.79
1.20
1.20
0.75
0.75
0.04
0.04
-0.31
-0.31
-0.14
-0.00
-0.00
-0.32
-0.32
-0.58
-0.58
-0.79
-1.06
-1.06
-1.12
-1.12
-0.66
-0.66
0.40
0.94
0.94
0.69
0.69
0.23
0.23
0.19
0.43
0.43
0.30
0.30
-0.30
-0.30
-0.73
-0.73
-0.60
-0.42
-0.42
-0.69
-0.69
-1.08
-1.05
-1.05
-0.67
-0.67
-0.34
-0.34
-0.22
-0.22
-0.24
-0.35
-0.35
-0.52
-0.52
-0.69
-0.83
-0.83
-0.96
-0.96
-1.05
-1.05
-1.03
-1.03
-0.90
-0.78
-0.78
-0.76
-0.76
-0.81
-0.81
-0.88
-0.97
-0.97
-1.04
-1.04
-1.12
-1.12
-1.19
-1.20
-1.20
-1.14
-1.14
-1.04
-1.04
-0.94
-0.87
-0.87
-0.86
-0.86
-0.94
-0.94
-1.01
-1.01
-1.04
-1.01
-1.01
-0.97
-0.97
-0.94
-0.93
-0.93
-0.95
-0.95
-0.96
-0.96
-0.96
-0.96
-0.96
-0.96
-0.96
-0.96
-0.96
-0.97
-0.97
-0.97
-0.97
-0.97
-0.96
-0.96
-0.96
-0.96
-0.96
-0.96
-0.96
-0.96
-0.96
-0.96
-0.96
-0.96
-0.97
-0.97
-0.97
-0.97
-0.97
-0.97
-0.97
-0.96
-0.96
-0.96
-0.96
-0.96
-0.96
-0.96
-0.96
-0.96
-0.96
-0.96
-0.96
-0.96
-0.97
-0.97
-0.96
-0.96
-0.96
-0.96
-0.96
-0.96
-0.96
-0.96
-0.96
-0.96
-0.96
-0.96
-0.96
-0.96
-0.96
-0.96
-0.96
-0.96
-0.96
-0.96
-0.96
-0.96
-0.96
-0.96
-0.96
-0.96
-0.96
-0.96
-0.96
-0.96
-0.96
-0.96
-0.96
-0.96
-0.96
-0.96
-0.96
-0.96
-0.96
-0.96
-0.96
-0.96
-0.96
-0.96
-0.96
-0.96
-0.96
-0.96
-0.96
-0.96
-0.96
-0.96
-0.96
-0.96
-0.96
-0.96
ACC_Y:
0.15
0.15
0.15
0.15
0.15
0.14
0.12
0.12
0.10
0.10
0.10
0.10
0.10
0.11
0.11
0.10
0.10
0.11
0.11
0.13
0.14
0.14
0.14
0.14
0.15
0.15
0.15
0.12
0.12
0.09
0.09
0.09
0.09
0.08
0.08
0.08
0.08
0.08
0.18
0.18
0.11
-0.25
-0.25
-0.63
-0.63
-0.74
-0.74
-0.14
0.44
0.44
0.59
0.59
0.44
0.44
0.19
0.36
0.36
0.52
0.52
0.43
0.43
0.23
0.23
0.23
0.23
0.30
0.35
0.29
0.29
0.18
0.18
0.13
0.13
0.12
0.12
0.13
0.18
0.18
0.25
0.25
0.26
0.26
0.18
0.03
0.03
-0.11
-0.11
-0.13
-0.13
-0.10
-0.10
-0.06
0.02
0.02
0.04
0.04
0.05
0.05
0.04
-0.02
-0.02
-0.05
-0.05
-0.10
-0.10
-0.12
-0.08
-0.08
-0.05
-0.05
0.00
0.00
0.04
0.04
0.04
0.06
0.06
0.07
0.07
0.04
0.04
0.04
0.04
-0.00
0.06
0.12
0.12
0.14
0.14
0.16
0.16
0.34
0.34
1.27
2.17
2.17
1.36
1.36
-0.40
-0.40
-1.45
-1.23
-1.23
-0.27
-0.27
0.32
0.32
0.29
0.29
0.04
0.02
0.02
0.16
0.16
0.14
0.14
-0.02
-0.16
-0.16
-0.16
-0.16
0.08
0.08
0.36
0.54
0.54
0.58
0.58
0.55
0.55
0.60
0.68
0.68
0.79
0.79
1.10
1.10
1.60
1.60
1.96
2.00
2.00
1.81
1.81
1.47
1.07
1.07
0.67
0.67
0.33
0.33
0.09
0.09
-0.01
0.05
0.05
0.21
0.21
0.41
0.57
0.57
0.65
0.65
0.67
0.67
0.63
0.63
0.52
0.38
0.38
0.27
0.27
0.20
0.20
0.18
0.19
0.19
0.18
0.18
0.09
0.09
-0.03
-0.13
-0.13
-0.18
-0.18
-0.18
-0.18
-0.17
-0.14
-0.14
-0.10
-0.10
-0.03
-0.03
0.05
0.05
0.12
0.16
0.16
0.18
0.18
0.20
0.22
0.22
0.22
0.22
0.22
0.22
0.20
0.20
0.17
0.14
0.14
0.12
0.12
0.11
0.11
0.11
0.11
0.10
0.12
0.12
0.14
0.16
0.16
0.17
0.17
0.17
0.17
0.16
0.14
0.14
0.12
0.12
0.11
0.11
0.11
0.11
0.12
0.13
0.13
0.14
0.14
0.14
0.14
0.15
0.14
0.14
0.14
0.14
0.13
0.13
0.13
0.13
0.13
0.14
0.14
0.14
0.14
0.14
0.14
0.14
0.14
0.14
0.13
0.13
0.13
0.13
0.14
0.14
0.14
0.14
0.14
0.14
0.14
0.13
0.14
0.14
0.14
0.14
0.14
0.14
0.14
0.14
0.14
0.14
0.14
0.14
0.14
0.13
0.13
0.13
0.13
0.13
0.13
0.13
0.14
0.14
0.14
0.14
0.14
0.14
0.14
0.14
0.13
0.13
0.13
0.13
0.14
0.14
ACC_Z:
0.96
0.98
0.98
0.98
0.98
0.98
0.97
0.97
0.97
0.97
0.96
0.97
0.97
0.98
0.98
0.99
0.99
0.99
0.99
0.98
0.97
0.97
0.97
0.97
0.97
0.96
0.96
0.97
0.97
0.98
0.98
0.99
0.99
0.98
0.98
0.98
0.98
0.98
0.95
0.95
0.55
0.06
0.06
-0.04
-0.04
-0.16
-0.16
-0.90
-1.42
-1.42
-1.30
-1.30
-0.86
-0.86
-0.28
-0.13
-0.13
-0.22
-0.22
-0.24
-0.24
-0.11
-0.11
-0.11
-0.11
0.04
0.02
0.01
0.01
0.03
0.03
0.04
0.04
0.03
0.03
0.03
0.05
0.05
0.09
0.09
0.10
0.10
0.06
0.00
0.00
-0.00
-0.00
0.01
0.01
-0.06
-0.06
-0.09
-0.10
-0.10
-0.10
-0.10
-0.07
-0.07
-0.13
-0.14
-0.14
-0.12
-0.12
-0.14
-0.14
-0.13
-0.14
-0.14
-0.12
-0.12
-0.03
-0.03
-0.07
-0.11
-0.11
-0.10
-0.10
-0.02
-0.02
-0.06
-0.06
-0.06
-0.06
-0.15
-0.10
-0.08
-0.08
-0.06
-0.06
-0.10
-0.10
-0.59
-0.59
-1.39
-1.41
-1.41
-0.88
-0.88
-0.17
-0.17
0.37
0.32
0.32
0.20
0.20
-0.17
-0.17
-0.28
-0.28
-0.14
-0.12
-0.12
-0.08
-0.08
-0.11
-0.11
-0.24
-0.44
-0.44
-0.62
-0.62
-0.57
-0.57
-0.22
-0.03
-0.03
-0.16
-0.16
-0.46
-0.46
-0.64
-0.50
-0.50
-0.31
-0.31
-0.44
-0.44
-0.76
-0.76
-1.16
-1.47
-1.47
-1.46
-1.46
-1.23
-0.94
-0.94
-0.64
-0.64
-0.41
-0.41
-0.27
-0.27
-0.21
-0.21
-0.21
-0.26
-0.26
-0.37
-0.50
-0.50
-0.58
-0.58
-0.57
-0.57
-0.47
-0.47
-0.34
-0.23
-0.23
-0.16
-0.16
-0.14
-0.14
-0.17
-0.19
-0.19
-0.20
-0.20
-0.19
-0.19
-0.16
-0.13
-0.13
-0.10
-0.10
-0.08
-0.08
-0.08
-0.10
-0.10
-0.14
-0.14
-0.20
-0.20
-0.25
-0.25
-0.27
-0.25
-0.25
-0.23
-0.23
-0.22
-0.22
-0.22
-0.24
-0.24
-0.26
-0.26
-0.27
-0.27
-0.26
-0.25
-0.25
-0.24
-0.24
-0.22
-0.22
-0.22
-0.22
-0.22
-0.23
-0.23
-0.23
-0.24
-0.24
-0.24
-0.24
-0.24
-0.24
-0.24
-0.24
-0.24
-0.23
-0.23
-0.23
-0.23
-0.22
-0.22
-0.23
-0.23
-0.23
-0.24
-0.24
-0.24
-0.24
-0.23
-0.23
-0.23
-0.23
-0.23
-0.23
-0.23
-0.23
-0.23
-0.24
-0.24
-0.24
-0.24
-0.24
-0.23
-0.23
-0.23
-0.23
-0.23
-0.23
-0.23
-0.23
-0.23
-0.23
-0.23
-0.23
-0.23
-0.23
-0.23
-0.23
-0.23
-0.23
-0.23
-0.23
-0.23
-0.23
-0.23
-0.23
-0.23
-0.23
-0.23
-0.23
-0.23
-0.23
-0.23
-0.23
-0.23
-0.23
-0.23
-0.23
-0.23
-0.23
-0.23
-0.23
-0.23
-0.23
-0.23
-0.23
-0.23
-0.23
-0.23
-0.23
-0.23
-0.23
-0.23
PIEZO:
0.00
0.00
5.00
0.00
0.00
0.00
0.00
1.00
6.00
0.00
0.00
5.00
3.00
0.00
1.00
0.00
0.00
0.00
0.00
0.00
0.00
0.00
0.00
4.00
0.00
5.00
0.00
0.00
3.00
0.00
0.00
0.00
5.00
0.00
0.00
453.00
16.00
0.00
0.00
602.00
0.00
0.00
0.00
27.00
0.00
38.00
279.00
274.00
259.00
0.00
0.00
0.00
0.00
0.00
0.00
0.00
60.00
23.00
37.00
53.00
36.00
6.00
0.00
0.00
0.00
0.00
19.00
23.00
69.00
74.00
36.00
20.00
16.00
21.00
18.00
0.00
0.00
0.00
0.00
0.00
0.00
0.00
0.00
1.00
6.00
4.00
10.00
6.00
4.00
1.00
0.00
0.00
0.00
0.00
0.00
0.00
2.00
14.00
19.00
18.00
5.00
2.00
0.00
0.00
0.00
0.00
0.00
0.00
0.00
10.00
17.00
41.00
14.00
11.00
13.00
9.00
0.00
0.00
0.00
0.00
0.00
0.00
0.00
0.00
0.00
0.00
2.00
1.00
0.00
0.00
0.00
0.00
0.00
0.00
0.00
0.00
0.00
0.00
118.00
0.00
0.00
0.00
96.00
6.00
0.00
0.00
0.00
0.00
0.00
88.00
104.00
0.00
0.00
0.00
0.00
0.00
1.00
6.00
33.00
36.00
26.00
41.00
27.00
0.00
0.00
1.00
13.00
0.00
0.00
0.00
0.00
0.00
0.00
0.00
0.00
0.00
0.00
0.00
0.00
0.00
0.00
0.00
0.00
0.00
0.00
1.00
3.00
6.00
2.00
5.00
2.00
4.00
11.00
8.00
9.00
5.00
2.00
0.00
0.00
0.00
2.00
1.00
0.00
0.00
0.00
0.00
0.00
0.00
0.00
0.00
0.00
0.00
0.00
0.00
0.00
0.00
0.00
0.00
0.00
0.00
0.00
0.00
0.00
0.00
0.00
0.00
0.00
0.00
0.00
0.00
0.00
0.00
0.00
0.00
0.00
0.00
0.00
0.00
0.00
0.00
0.00
0.00
0.00
0.00
0.00
0.00
0.00
0.00
0.00
0.00
0.00
2.00
0.00
0.00
0.00
0.00
0.00
0.00
0.00
0.00
0.00
0.00
0.00
0.00
0.00
0.00
0.00
0.00
0.00
0.00
0.00
0.00
0.00
0.00
0.00
0.00
0.00
0.00
0.00
0.00
0.00
0.00
0.00
0.00
0.00
0.00
0.00
0.00
0.00
0.00
0.00
0.00
0.00
0.00
0.00
0.00
0.00
0.00
0.00
0.00
0.00
0.00
0.00
0.00
0.00
0.00
0.00
0.00
0.00
0.00
0.00
0.00
0.00
0.00
0.00
0.00
0.00
0.00
0.00
0.00
0.00
0.00
0.00
0.00
0.00
0.00
0.00
0.00
0.00
0.00
0.00
0.00
0.00
0.00
0.00
0.00
0.00
0.00
0.00
0.00
0.00
0.00
0.00
0.00
0.00
2.00
0.00
0.00
0.00
0.00
PROXIMITY:
0
0
0
0
0
0
0
0
0
0
0
0
0
0
0
0
0
0
0
0
0
0
0
0
0
0
0
0
0
0
0
0
0
0
0
0
0
245
245
48
48
0
0
164
164
63
63
22
22
0
0
14
14
0
0
0
0
0
0
0
0
0
0
0
0
0
0
0
0
0
0
0
0
0
0
0
0
0
0
0
0
0
0
0
0
0
0
0
0
0
0
0
0
0
0
0
0
0
0
0
0
0
0
0
0
0
0
3
3
7
7
7
7
4
4
0
0
0
0
0
0
0
0
3
3
3
3
0
0
0
0
0
0
0
0
0
0
0
0
0
0
0
0
0
0
0
0
0
0
0
0
0
0
0
0
0
0
0
0
0
0
0
0
0
0
0
0
0
0
0
0
0
0
0
0
0
0
0
0
0
0
0
0
0
0
0
0
0
0
0
0
0
0
0
0
0
0
0
0
0
0
0
0
0
0
0
0
0
0
0
0
0
0
0
0
0
0
0
0
0
0
0
0
0
0
0
0
0
0
0
0
0
0
0
0
0
0
0
0
0
0
0
0
0
0
0
0
0
0
0
0
0
0
0
0
0
0
0
0
0
0
0
0
0
0
0
0
0
0
0
0
0
0
0
0
0
0
0
0
0
0
0
0
0
0
0
0
0
0
0
0
0
0
0
0
0
0
0
0
0
0
0
0
0
0
0
0
0
0
0
0
0
0
0
0
0
0
0
0
0
0
0
0
0
0
0
0
0
0
0
0
0
0
0
0
0
0
0
0
0
0
0
0
0
0
0
0
0
0
0
