MIC:
-78
-78
-78
-78
-78
-78
-78
-78
-78
-78
-78
-78
-78
-78
-78
-78
-78
-78
-78
-78
-78
-78
-78
-78
-78
-78
-78
-79
-79
-79
-79
-79
-79
-79
-79
-79
-79
-79
-79
-79
-79
-79
-79
-79
-79
-79
-79
-79
-79
-79
-79
-79
-79
-79
-80
-80
-80
-80
-80
-80
-80
-80
-80
-80
-80
-80
-80
-80
-80
-80
-80
-80
-80
-80
-80
-80
-80
-80
-80
-80
-80
-81
-81
-81
-81
-81
-81
-81
-81
-81
-81
-81
-81
-81
-81
-81
-81
-81
-81
-81
-81
-81
-81
-81
-81
-81
-81
-82
-82
-82
-82
-82
-82
-82
-82
-82
-82
-82
-82
-82
-82
-82
-82
-82
-82
-82
-82
-82
-82
-82
-82
-82
-82
-82
-83
-83
-83
-83
-83
-83
-83
-83
-83
-83
-83
-83
-83
-83
-83
-83
-83
-83
-83
-83
-83
-83
-83
-83
-83
-83
-83
-84
-84
-84
-84
-84
-84
-84
-84
-84
-84
-84
-84
-84
-84
-84
-84
-84
-84
-84
-84
-84
-84
-84
-84
-84
-84
-84
-85
-85
-85
-85
-85
-85
-85
-85
-85
-85
-85
-85
-85
-85
-85
-85
-85
-85
-85
-85
-85
-85
-85
-85
-85
-85
-85
-85
-86
-86
-86
-86
-86
-86
-86
-86
-86
-86
-86
-86
-86
-86
-86
-86
-86
-86
-86
-86
-86
-86
-86
-86
-86
-86
-86
-86
-87
-87
-87
-87
-87
-87
-87
-87
-87
-87
-87
-87
-87
-87
-87
-87
-87
-87
-87
-87
-87
-87
-87
-87
-87
-87
-87
-87
-88
-88
-88
-88
-88
-88
-88
-88
-88
-88
-88
-88
-88
-88
-88
-88
-88
-88
-88
-88
-88
-88
-88
-88
-88
-88
-88
-88
-88
-89
-89
-89
-89
-89
-89
-89
-89
-89
-89
-89
-89
-89
-89
-89
-89
-89
-89
-89
-89
-89
-89
-89
-89
-89
-89
-89
-89
-89
-90
-90
-90
-90
-90
-90
-90
-90
-90
-90
-90
-90
-90
-90
-90
-90
-90
-90
-90
-90
-90
-90
-90
-90
-90
-90
-90
-90
-90
-91
-91
-91
-91
-91
-91
-91
-91
-91
-91
-91
-91
-91
-91
-91
-91
-91
-91
-91
-91
-91
-91
-91
-91
-91
-91
-91
-91
-92
-92
-92
-92
-92
-92
-92
-92
-92
-92
-92
-92
-92
-92
-92
-92
-92
-92
-92
-92
-92
-92
-92
-92
-92
-92
-92
-92
-93
-93
-93
-93
-93
-93
-93
-93
-93
-93
-93
-93
-93
-93
-93
-93
-93
-93
-93
-93
-93
-93
-93
-93
-93
-93
-93
-93
-94
-94
-94
-94
-94
-94
-94
-94
-94
-94
-94
-94
-94
-94
-94
-94
-94
-94
-94
-94
-94
-94
-94
-94
-94
-94
-94
-95
-95
-95
-95
-95
-95
-95
-95
-95
-95
-95
-95
-95
-95
-95
-95
-95
-95
-95
-95
-95
-95
-95
-95
-95
-95
-95
-95
-96
-96
-96
-96
-96
-96
-96
-96
-96
-96
-96
-96
-96
-96
-96
-96
-96
-96
-96
-96
-96
-96
-96
-96
-96
-96
-96
-97
-97
-97
-97
-97
-97
-97
-97
-97
-97
-97
-97
-97
-97
-97
-97
-97
-97
-97
-97
-97
-97
-97
-97
-97
-97
-97
-98
-98
-98
-98
-98
-98
-98
-98
-98
-98
-98
-98
-98
-98
-98
-98
-98
-98
-98
-98
-98
-98
-98
-98
-98
-98
-98
-98
-99
-99
-99
-99
-99
-99
-99
-99
-99
-99
-99
-99
-99
-99
-99
-99
-99
-99
-99
-99
-99
-99
-99
-99
-99
-99
-99
-99
-99
-100
-100
-100
-100
-100
-100
-100
-100
-100
-100
-100
-100
-100
-100
-100
-100
-100
-100
-100
-100
-100
-100
-100
-100
-100
-100
-100
-100
-100
-100
-101
-101
-101
-101
-101
-101
-101
-101
-101
-101
-101
-101
-101
-101
-101
-101
-101
-101
-101
-101
-101
-101
-101
-101
-101
-101
-101
-101
-101
-101
-102
-102
-102
-102
-102
-102
-102
-102
-102
-102
-102
-102
-102
-102
-102
-102
-102
-102
-102
-102
-102
-102
-102
-102
-102
-102
-102
-102
-102
-102
-102
-103
-103
-103
-103
-103
-103
-103
-103
-103
-103
-103
-103
-103
-103
-103
-103
-103
-103
-103
-103
-103
-103
-103
-103
-103
-103
-103
-103
-103
-103
-103
-103
-104
-104
-104
-104
-104
-104
-104
-104
-104
-104
-104
-104
-104
-104
-104
-104
-104
-104
-104
-104
-104
-104
-104
-104
-104
-104
-104
-104
-104
-104
-104
-105
-105
-105
-105
-105
-105
-105
-105
-105
-105
-105
-105
-105
-105
-105
-105
-105
-105
-105
-105
-105
-105
-105
-105
-105
-105
-105
-105
-105
-105
-105
-105
-106
-106
-106
-106
-106
-106
-106
-106
-106
-106
-106
-106
-106
-106
-106
-106
-106
-106
-106
-106
-106
-106
-106
-106
-106
-106
-106
-106
-106
-106
-106
-106
-107
-107
-107
-107
-107
-107
-107
-107
-107
-107
-107
-107
-107
-107
-107
-107
-107
-107
-107
-107
-107
-107
-107
-107
-107
-107
-107
-107
-107
-107
-107
-107
-107
-108
-108
-108
-108
-108
-108
-108
-108
-108
-108
-108
-108
-108
-108
-108
-108
-108
-108
-108
-108
-108
-108
-108
-108
-108
-108
-108
-108
-108
-108
-108
-108
-108
-108
-108
-108
-109
-109
-109
-109
-109
-109
-109
-109
-109
-109
-109
-109
-109
-109
-109
-109
-109
-109
-109
-109
-109
-109
-109
-109
-109
-109
-109
-109
-109
-109
-109
-109
-109
-109
-109
-109
-109
-109
-109
-109
-110
-110
-110
-110
-110
-110
-110
-110
-110
-110
-110
-110
-110
-110
-110
-110
-110
-110
-110
-110
-110
-110
-110
-110
-110
-110
-110
-110
-110
-110
-110
-110
-110
-110
-110
-110
-110
-110
-110
-110
-110
-110
-110
-110
-110
-110
-111
-111
-111
-111
-111
-111
-111
-111
-111
-111
-111
-111
-111
-111
-111
-111
-111
-111
-111
-111
-111
-111
-111
-111
-111
-111
-111
-111
-111
-111
-111
-111
-111
-111
-111
-111
-111
-111
-111
-111
-111
-111
-111
-111
-111
-111
-111
-111
-111
-111
-111
-111
-111
-112
-112
-112
-112
-112
-112
-112
-112
-112
-112
-112
-112
-112
-112
-112
-112
-112
-112
-112
-112
-112
-112
-112
-112
-112
-112
-112
-112
-112
-112
-112
-112
-112
-112
-112
-112
-112
-112
-112
-112
-112
-112
-112
-112
-112
-112
-112
-112
-112
-112
-112
-112
-112
-112
-112
-112
-112
-113
-113
-113
-113
-113
-113
-113
-113
-113
-113
-113
-113
-113
-113
-113
-113
-113
-113
-113
-113
-113
-113
-113
-113
-113
-113
-113
-113
-113
-113
-113
-113
-113
-113
-113
-113
-113
-113
-113
-113
-113
-113
-113
-113
-113
-113
-113
-113
-113
-113
-113
-113
-113
-113
-113
-113
-113
-113
-113
-113
-113
-113
-114
-114
-114
-114
-114
-114
-114
-114
-114
-114
-114
-114
-114
-114
-114
-114
-114
-114
-114
-114
-114
-114
-114
-114
-114
-114
-114
-114
-114
-114
-114
-114
-114
-114
-114
-114
-114
-114
-114
-114
-114
-114
-114
-114
-114
-114
-114
-114
-114
-114
-114
-114
-114
-114
-114
-114
-114
-114
-114
-114
-114
-114
-114
-114
-114
-114
-114
-114
-114
-114
-114
-115
-115
-115
-115
-115
-115
-115
-115
-115
-115
-115
-115
-115
-115
-115
-115
-115
-115
-115
-115
-115
-115
-115
-115
-115
-115
-115
-115
-115
-115
-115
-115
-115
-115
-115
-115
-115
-115
-115
-115
-115
-115
-115
-115
-115
-115
-115
-115
-115
-115
-115
-115
-115
-115
-115
-115
-115
-115
-115
-115
-115
-115
-115
-115
-115
-115
-115
-115
-115
-115
-115
-115
-115
-115
-115
-115
-115
-115
-115
-115
-115
-115
-115
-115
-115
-115
-115
-116
-116
-116
-116
-116
-116
-116
-116
-116
-116
-116
-116
-116
-116
-116
-116
-116
-116
-116
-116
-116
-116
-116
-116
-116
-116
-116
-116
-116
-116
-116
-116
-116
-116
-116
-116
-116
-116
-116
-116
-116
-116
-116
-116
-116
-116
-116
-116
-116
-116
-116
-116
-116
-116
-116
-116
-116
-116
-116
-116
-116
-116
-116
-116
-116
-116
-116
-116
-116
-116
-116
-116
-116
-116
-116
-116
-116
-116
-116
-116
-116
-116
-116
-116
-116
-116
-116
-116
-116
-116
-116
-116
-116
-116
-116
-116
-116
-116
-116
-116
-116
-116
-116
-116
-116
-116
-116
-116
-116
-116
-116
-116
-116
-116
-116
-116
-116
-116
-116
-116
-116
-116
-116
-116
-117
-117
-117
-117
-117
-117
-117
-117
-117
-117
-117
-117
-117
-117
-117
-117
-117
-117
-117
-117
-117
-117
-117
-117
-117
-117
-117
-117
-117
-117
-117
-117
-117
-117
-117
-117
-117
-117
-117
-117
-117
-117
-117
-117
-117
-117
-117
-117
-117
-117
-117
-117
-117
-117
-117
-117
-117
-117
-117
-117
-117
-117
-117
-117
-117
-117
-117
-117
-117
-117
-117
-117
-117
-117
-117
-117
-117
-117
-117
-117
-117
-117
-117
-117
-117
-117
-117
-117
-117
-117
-117
-117
-117
-117
-117
-117
-117
-117
-117
-117
-117
-117
-117
-117
-117
-117
-117
-117
-117
-117
-117
-117
-117
-117
-117
-117
-117
-117
-117
-117
-117
-117
-117
-117
-117
-117
-117
-117
-118
-118
-118
-118
-118
-118
-118
-118
-118
-118
-118
-118
-118
-118
-118
-118
-118
-118
-118
-118
-118
-118
-118
-118
-118
-118
-118
-118
-118
-118
-118
-118
-118
-118
-118
-118
-118
-118
-118
-118
-118
-118
-118
-118
-118
-118
-118
-118
-118
-118
-118
-118
-118
-118
-118
-118
-118
-118
-118
-118
-118
-118
-118
-118
-118
-118
-118
-118
-118
-118
-118
-118
-118
-118
-118
-118
-118
-118
-118
-118
-118
-118
-118
-118
-118
-118
-118
-118
-118
-118
-118
-118
-118
-118
-118
-118
-118
-118
-118
-118
-118
-118
-118
-118
-118
-118
-118
-118
-118
-118
-119
-119
-119
-119
-119
-119
-119
-119
-119
-119
-119
-119
-119
-119
-119
-119
-119
-119
-119
-119
-119
-119
-119
-119
-119
-119
-119
-119
-119
-119
-119
-119
-119
-119
-119
-119
-119
-119
-119
-119
-119
-119
-119
-119
-119
-119
-119
-119
-119
-119
-119
-119
-119
-119
-119
-119
-119
-119
-119
-119
-119
-119
-119
-119
-119
-119
-119
-119
-119
-119
-119
-119
-119
-119
-119
-119
-119
-119
-119
-119
-119
-119
-119
-119
-119
-119
-119
-119
-119
-119
-119
-119
-119
-119
-119
-119
-120
-120
-120
-120
-120
-120
-120
-120
-120
-120
-120
-120
-120
-120
-120
-120
-120
-120
-120
-120
-120
-120
-120
-120
-120
-120
-120
-120
-120
-120
-120
-120
-120
-120
-120
-120
-120
-120
-120
-120
-120
-120
-120
-120
-120
-120
-120
-120
-120
-120
-120
-120
-120
-120
-120
-120
-120
-120
-120
-120
-120
-120
-120
-120
-120
-120
-120
-120
-120
-120
-120
-120
-120
-120
-120
-120
-120
-120
-120
-120
-120
-120
-121
-121
-121
-121
-121
-121
-121
-121
-121
-121
-121
-121
-121
-121
-121
-121
-121
-121
-121
-121
-121
-121
-121
-121
-121
-121
-121
-121
-121
-121
-121
-121
-121
-121
-121
-121
-121
-121
-121
-121
-121
-121
-121
-121
-121
-121
-121
-121
-121
-121
-121
-121
-121
-121
-121
-121
-121
-121
-121
-121
-121
-121
-121
-121
-121
-121
-121
-121
-121
-121
-121
-121
-121
-122
-122
-122
-122
-122
-122
-122
-122
-122
-122
-122
-122
-122
-122
-122
-122
-122
-122
-122
-122
-122
-122
-122
-122
-122
-122
-122
-122
-122
-122
-122
-122
-122
-122
-122
-122
-122
-122
-122
-122
-122
-122
-122
-122
-122
-122
-122
-122
-122
-122
-122
-122
-122
-122
-122
-122
-122
-122
-122
-122
-122
-122
-122
-122
-122
-122
-122
-122
-123
-123
-123
-123
-123
-123
-123
-123
-123
-123
-123
-123
-123
-123
-123
-123
-123
-123
-123
-123
-123
-123
-123
-123
-123
-123
-123
-123
-123
-123
-123
-123
-123
-123
-123
-123
-123
-123
-123
-123
-123
-123
-123
-123
-123
-123
-123
-123
-123
-123
-123
-123
-123
-123
-123
-123
-123
-123
-123
-123
-123
-123
-123
-124
-124
-124
-124
-124
-124
-124
-124
-124
-124
-124
-124
-124
-124
-124
-124
-124
-124
-124
-124
-124
-124
-124
-124
-124
-124
-124
-124
-124
-124
-124
-124
-124
-124
-124
-124
-124
-124
-124
-124
-124
-124
-124
-124
-124
-124
-124
-124
-124
-124
-124
-124
-124
-124
-124
-124
-124
-124
-124
-124
-124
-124
-124
-124
-124
-124
-124
-124
-124
-125
-125
-125
-125
-125
-125
-125
-125
-125
-125
-125
-125
-125
-125
-125
-125
-125
-125
-125
-125
-125
-125
-125
-125
-125
-125
-125
-125
-125
-125
-125
-125
-125
-125
-125
-125
-125
-125
-125
-125
-125
-125
-125
-125
-125
-125
-125
-125
-125
-125
-125
-125
-125
-125
-125
-125
-125
-125
-125
-125
-125
-125
-125
-125
-125
-125
-125
-125
-125
-125
-125
-125
-125
-125
-125
-125
-125
-125
-125
-125
-125
-125
-125
-126
-126
-126
-126
-126
-126
-126
-126
-126
-126
-126
-126
-126
-126
-126
-126
-126
-126
-126
-126
-126
-126
-126
-126
-126
-126
-126
-126
-126
-126
-126
-126
-126
-126
-126
-126
-126
-126
-126
-126
-126
-126
-126
-126
-126
-126
-126
-126
-126
-126
-126
-126
-126
-126
-126
-126
-126
-126
-126
-126
-126
-126
-126
-126
-126
-126
-126
-126
-126
-126
-126
-126
-126
-126
-126
-126
-126
-126
-126
-126
-126
-126
-126
-126
-126
-126
-126
-126
-126
-126
-126
-126
-126
-126
-126
-126
-126
-126
-126
-126
-126
-126
-126
-126
-126
-126
-126
-126
-126
-126
-126
-126
-126
-126
-126
-126
-126
-127
-127
-127
-127
-127
-127
-127
-127
-127
-127
-127
-127
-127
-127
-127
-127
-127
-127
-127
-127
-127
-127
-127
-127
-127
-127
-127
-127
-127
-127
-127
-127
-127
-127
-127
-127
-127
-127
-127
-127
-127
-127
-127
-127
-127
-127
-127
-127
-127
-127
-127
-127
-127
-127
-127
-127
-127
-127
-127
-127
-127
-127
-127
-127
-127
-127
-127
-127
-127
-127
-127
-127
-127
-127
-127
-127
-127
-127
-127
-127
-127
-127
-127
-127
-127
-127
-127
-127
-127
-127
-127
-127
-127
-127
-127
-127
-127
-127
-127
-127
-127
-127
-127
-127
-127
-127
-127
-127
-127
-127
-127
-127
-127
-127
-127
-127
-127
-127
-127
-127
-127
-127
-127
-127
-127
-127
-127
-127
-127
-127
-127
-127
-127
-127
-127
-127
-127
-127
-127
-127
-127
-127
-127
-127
-127
-127
-127
-127
-127
-127
-127
-127
-127
-127
-127
-127
-127
-127
-127
-127
-127
-127
-127
-127
-127
-127
-127
-127
-127
-127
-127
-127
-127
-127
-128
-128
-128
-128
-128
-128
-128
-128
-128
-128
-128
-128
-128
-128
-128
-128
-128
-128
-128
-128
-128
-128
-128
-128
-128
-128
-128
-128
-128
-128
-128
-128
-128
-128
-128
-128
-128
-128
-128
-128
-128
-128
-128
-128
-128
-128
-128
-128
-128
-128
-128
-128
-128
-128
-128
-128
-128
-128
-128
-128
-128
-128
-128
-128
-128
-128
-128
-128
-128
-128
-128
-128
-128
-128
-128
-128
-128
-128
-128
-128
-128
-128
-128
-128
-128
-128
-128
-128
-128
-128
-128
-128
-128
-128
-128
-128
-128
-128
-128
-128
-128
-128
-128
-128
-128
-128
-128
-128
-128
-128
-128
-128
-128
-128
-128
-128
-128
-128
-128
-128
-128
-128
-128
-128
-128
-128
-128
-128
-128
-128
-128
-128
-128
-128
-128
-128
-128
-128
-128
-128
-128
-128
-128
-128
-128
-128
-128
-128
-128
-128
-128
-128
-128
-128
-128
-128
-128
-128
-128
-128
-128
-128
-128
-128
-128
-128
-128
-128
-128
-128
-128
-128
-128
-128
-128
-128
-128
-128
-128
-128
-128
-128
-128
-128
-128
-128
-128
-128
-128
-128
-128
-128
-128
-128
-128
-129
-129
-129
-129
-129
-129
-129
-129
-129
-129
-129
-129
-129
-129
-129
-129
-129
-129
-129
-129
-129
-129
-129
-129
-129
-129
-129
-129
-129
-129
-129
-129
-129
-129
-129
-129
-129
-129
-129
-129
-129
-129
-129
-129
-129
-129
-129
-129
-129
-129
-129
-129
-129
-129
-129
-129
-129
-129
-129
-129
-129
-129
-129
-129
-129
-129
-129
-129
-129
-129
-129
-129
-129
-129
-129
-129
-129
-129
-129
-129
-129
-129
-129
-129
-129
-129
-129
-129
-129
-129
-129
-129
-129
-129
-129
-129
-129
-129
-129
-129
-129
-129
-129
-129
-129
-129
-129
-129
-130
-130
-130
-130
-130
-130
-130
-130
-130
-130
-130
-130
-130
-130
-130
-130
-130
-130
-130
-130
-130
-130
-130
-130
-130
-130
-130
-130
-130
-130
-130
-130
-130
-130
-130
-130
-130
-130
-130
-130
-130
-130
-130
-130
-130
-130
-130
-130
-130
-130
-130
-130
-130
-130
-130
-130
-130
-130
-130
-130
-130
-130
-130
-130
-130
-130
-130
-130
-130
-130
-130
-130
-130
-130
-130
-130
-130
-130
-130
-130
-130
-130
-130
-130
-130
-130
-131
-131
-131
-131
-131
-131
-131
-131
-131
-131
-131
-131
-131
-131
-131
-131
-131
-131
-131
-131
-131
-131
-131
-131
-131
-131
-131
-131
-131
-131
-131
-131
-131
-131
-131
-131
-131
-131
-131
-131
-131
-131
-131
-131
-131
-131
-131
-131
-131
-131
-131
-131
-131
-131
-131
-131
-131
-131
-131
-131
-131
-131
-131
-131
-131
-131
-131
-131
-131
-131
-131
-131
-132
-132
-132
-132
-132
-132
-132
-132
-132
-132
-132
-132
-132
-132
-132
-132
-132
-132
-132
-132
-132
-132
-132
-132
-132
-132
-132
-132
-132
-132
-132
-132
-132
-132
-132
-132
-132
-132
-132
-132
-132
-132
-132
-132
-132
-132
-132
-132
-132
-132
-132
-132
-132
-132
-132
-132
-132
-132
-133
-133
-133
-133
-133
-133
-133
-133
-133
-133
-133
-133
-133
-133
-133
-133
-133
-133
-133
-133
-133
-133
-133
-133
-133
-133
-133
-133
-133
-133
-133
-133
-133
-133
-133
-133
-133
-133
-133
-133
-133
-133
-133
-133
-133
-133
-133
-134
-134
-134
-134
-134
-134
-134
-134
-134
-134
-134
-134
-134
-134
-134
-134
-134
-134
-134
-134
-134
-134
-134
-134
-134
-134
-134
-134
-134
-134
-134
-134
-134
-134
-134
-134
-134
-134
-134
-134
-134
-134
-135
-135
-135
-135
-135
-135
-135
-135
-135
-135
-135
-135
-135
-135
-135
-135
-135
-135
-135
-135
-135
-135
-135
-135
-135
-135
-135
-135
-135
-135
-135
-135
-135
-135
-135
-135
-135
-136
-136
-136
-136
-136
-136
-136
-136
-136
-136
-136
-136
-136
-136
-136
-136
-136
-136
-136
-136
-136
-136
-136
-136
-136
-136
-136
-136
-136
-136
-136
-136
-136
-136
-136
-137
-137
-137
-137
-137
-137
-137
-137
-137
-137
-137
-137
-137
-137
-137
-137
-137
-137
-137
-137
-137
-137
-137
-137
-137
-137
-137
-137
-137
-137
-137
-137
-137
-138
-138
-138
-138
-138
-138
-138
-138
-138
-138
-138
-138
-138
-138
-138
-138
-138
-138
-138
-138
-138
-138
-138
-138
-138
-138
-138
-138
-138
-138
-139
-139
-139
-139
-139
-139
-139
-139
-139
-139
-139
-139
-139
-139
-139
-139
-139
-139
-139
-139
-139
-139
-139
-139
-139
-139
-139
-139
-139
-139
-140
-140
-140
-140
-140
-140
-140
-140
-140
-140
-140
-140
-140
-140
-140
-140
-140
-140
-140
-140
-140
-140
-140
-140
-140
-140
-140
-140
-140
-141
-141
-141
-141
-141
-141
-141
-141
-141
-141
-141
-141
-141
-141
-141
-141
-141
-141
-141
-141
-141
-141
-141
-141
-141
-141
-141
-141
-142
-142
-142
-142
-142
-142
-142
-142
-142
-142
-142
-142
-142
-142
-142
-142
-142
-142
-142
-142
-142
-142
-142
-142
-142
-142
-142
-142
-143
-143
-143
-143
-143
-143
-143
-143
-143
-143
-143
-143
-143
-143
-143
-143
-143
-143
-143
-143
-143
-143
-143
-143
-143
-143
-143
-143
-143
-144
-144
-144
-144
-144
-144
-144
-144
-144
-144
-144
-144
-144
-144
-144
-144
-144
-144
-144
-144
-144
-144
-144
-144
-144
-144
-144
-144
-144
-145
-145
-145
-145
-145
-145
-145
-145
-145
-145
-145
-145
-145
-145
-145
-145
-145
-145
-145
-145
-145
-145
-145
-145
-145
-145
-145
-145
-145
-146
-146
-146
-146
-146
-146
-146
-146
-146
-146
-146
-146
-146
-146
-146
-146
-146
-146
-146
-146
-146
-146
-146
-146
-146
-146
-146
-146
-146
-146
-147
-147
-147
-147
-147
-147
-147
-147
-147
-147
-147
-147
-147
-147
-147
-147
-147
-147
-147
-147
-147
-147
-147
-147
-147
-147
-147
-147
-147
-147
-147
-148
-148
-148
-148
-148
-148
-148
-148
-148
-148
-148
-148
-148
-148
-148
-148
-148
-148
-148
-148
-148
-148
-148
-148
-148
-148
-148
-148
-148
-148
-148
-148
-148
-149
-149
-149
-149
-149
-149
-149
-149
-149
-149
-149
-149
-149
-149
-149
-149
-149
-149
-149
-149
-149
-149
-149
-149
-149
-149
-149
-149
-149
-149
-149
-149
-149
-149
-149
-149
-149
-150
-150
-150
-150
-150
-150
-150
-150
-150
-150
-150
-150
-150
-150
-150
-150
-150
-150
-150
-150
-150
-150
-150
-150
-150
-150
-150
-150
-150
-150
-150
-150
-150
-150
-150
-150
-150
-150
-151
-151
-151
-151
-151
-151
-151
-151
-151
-151
-151
-151
-151
-151
-151
-151
-151
-151
-151
-151
-151
-151
-151
-151
-151
-151
-151
-151
-151
-151
-151
-151
-151
-151
-151
-151
-151
-151
-151
-151
-151
-151
-152
-152
-152
-152
-152
-152
-152
-152
-152
-152
-152
-152
-152
-152
-152
-152
-152
-152
-152
-152
-152
-152
-152
-152
-152
-152
-152
-152
-152
-152
-152
-152
-152
-152
-152
-152
-152
-152
-152
-152
-152
-152
-152
-152
-152
-152
-152
-152
-152
-152
-152
-152
-152
-153
-153
-153
-153
-153
-153
-153
-153
-153
-153
-153
-153
-153
-153
-153
-153
-153
-153
-153
-153
-153
-153
-153
-153
-153
-153
-153
-153
-153
-153
-153
-153
-153
-153
-153
-153
-153
-153
-153
-153
-153
-153
-153
-153
-153
-153
-153
-153
-153
-153
-153
-153
-153
-153
-153
-153
-153
-153
-153
-153
-153
-153
-153
-153
-153
-153
-153
-153
-153
-153
-153
-153
-153
-153
-153
-153
-153
-153
-153
-153
-153
-153
-153
-154
-154
-154
-154
-154
-154
-154
-154
-154
-154
-154
-154
-154
-154
-154
-154
-154
-154
-154
-154
-154
-154
-154
-154
-154
-154
-154
-154
-154
-154
-154
-154
-154
-154
-154
-154
-154
-154
-154
-154
-154
-154
-154
-154
-154
-154
-154
-154
-154
-154
-154
-154
-154
-154
-154
-154
-154
-154
-154
-154
-154
-154
-154
-154
-154
-154
-154
-154
-154
-154
-154
-154
-154
-154
-154
-154
-154
-154
-154
-154
-154
-154
-154
-154
-154
-154
-154
-154
-154
-154
-154
-154
-154
-154
-154
-154
-154
-154
-154
-154
-154
-154
-154
-154
-154
-154
-154
-154
-154
-154
-154
-154
-154
-154
-154
-154
-154
-154
-154
-154
-154
-154
-154
-154
-154
-154
-154
-154
-154
-154
-154
-154
-154
-154
-154
-154
-154
-154
-154
-154
-154
-154
-154
-154
-154
-154
-154
-154
-154
-154
-154
-154
-153
-153
-153
-153
-153
-153
-153
-153
-153
-153
-153
-153
-153
-153
-153
-153
-153
-153
-153
-153
-153
-153
-153
-153
-153
-153
-153
-153
-153
-153
-153
-153
-153
-153
-153
-153
-153
-153
-153
-153
-153
-153
-153
-153
-153
-153
-153
-153
-153
-153
-153
-153
-153
-153
-153
-153
-153
-153
-153
-153
-153
-153
-153
-153
-153
-153
-153
-153
-153
-153
-153
-153
-153
-153
-153
-153
-153
-153
-153
-153
-153
-153
-153
-153
-153
-153
-153
-153
-153
-153
-153
-153
-153
-153
-153
-153
-153
-153
-153
-153
-153
-153
-152
-152
-152
-152
-152
-152
-152
-152
-152
-152
-152
-152
-152
-152
-152
-152
-152
-152
-152
-152
-152
-152
-152
-152
-152
-152
-152
-152
-152
-152
-152
-152
-152
-152
-152
-152
-152
-152
-152
-152
-152
-152
-152
-152
-152
-152
-152
-152
-152
-152
-152
-152
-152
-152
-152
-152
-152
-152
-152
-152
-152
-152
-152
-152
-152
-151
-151
-151
-151
-151
-151
-151
-151
-151
-151
-151
-151
-151
-151
-151
-151
-151
-151
-151
-151
-151
-151
-151
-151
-151
-151
-151
-151
-151
-151
-151
-151
-151
-151
-151
-151
-151
-151
-151
-151
-151
-151
-151
-151
-151
-151
-151
-151
-151
-151
-151
-151
-151
-151
-151
-151
-151
-150
-150
-150
-150
-150
-150
-150
-150
-150
-150
-150
-150
-150
-150
-150
-150
-150
-150
-150
-150
-150
-150
-150
-150
-150
-150
-150
-150
-150
-150
-150
-150
-150
-150
-150
-150
-150
-150
-150
-150
-150
-150
-150
-150
-150
-150
-150
-150
-150
-150
-150
-150
-149
-149
-149
-149
-149
-149
-149
-149
-149
-149
-149
-149
-149
-149
-149
-149
-149
-149
-149
-149
-149
-149
-149
-149
-149
-149
-149
-149
-149
-149
-149
-149
-149
-149
-149
-149
-149
-149
-149
-149
-149
-149
-149
-149
-149
-149
-149
-149
-149
-149
-149
-148
-148
-148
-148
-148
-148
-148
-148
-148
-148
-148
-148
-148
-148
-148
-148
-148
-148
-148
-148
-148
-148
-148
-148
-148
-148
-148
-148
-148
-148
-148
-148
-148
-148
-148
-148
-148
-148
-148
-148
-148
-148
-148
-148
-148
-148
-148
-148
-147
-147
-147
-147
-147
-147
-147
-147
-147
-147
-147
-147
-147
-147
-147
-147
-147
-147
-147
-147
-147
-147
-147
-147
-147
-147
-147
-147
-147
-147
-147
-147
-147
-147
-147
-147
-147
-147
-147
-147
-147
-147
-147
-147
-147
-147
-147
-146
-146
-146
-146
-146
-146
-146
-146
-146
-146
-146
-146
-146
-146
-146
-146
-146
-146
-146
-146
-146
-146
-146
-146
-146
-146
-146
-146
-146
-146
-146
-146
-146
-146
-146
-146
-146
-146
-146
-146
-146
-146
-146
-146
-146
-145
-145
-145
-145
-145
-145
-145
-145
-145
-145
-145
-145
-145
-145
-145
-145
-145
-145
-145
-145
-145
-145
-145
-145
-145
-145
-145
-145
-145
-145
-145
-145
-145
-145
-145
-145
-145
-145
-145
-145
-145
-145
-145
-145
-144
-144
-144
-144
-144
-144
-144
-144
-144
-144
-144
-144
-144
-144
-144
-144
-144
-144
-144
-144
-144
-144
-144
-144
-144
-144
-144
-144
-144
-144
-144
-144
-144
-144
-144
-144
-144
-144
-144
-144
-144
-144
-143
-143
-143
-143
-143
-143
-143
-143
-143
-143
-143
-143
-143
-143
-143
-143
-143
-143
-143
-143
-143
-143
-143
-143
-143
-143
-143
-143
-143
-143
-143
-143
-143
-143
-143
-143
-143
-143
-143
-143
-143
-143
-143
-143
-142
-142
-142
-142
-142
-142
-142
-142
-142
-142
-142
-142
-142
-142
-142
-142
-142
-142
-142
-142
-142
-142
-142
-142
-142
-142
-142
-142
-142
-142
-142
-142
-142
-142
-142
-142
-142
-142
-142
-142
-142
-142
-142
-142
-142
-142
-142
-141
-141
-141
-141
-141
-141
-141
-141
-141
-141
-141
-141
-141
-141
-141
-141
-141
-141
-141
-141
-141
-141
-141
-141
-141
-141
-141
-141
-141
-141
-141
-141
-141
-141
-141
-141
-141
-141
-141
-141
-141
-141
-141
-141
-141
-141
-141
-141
-141
-141
-141
-140
-140
-140
-140
-140
-140
-140
-140
-140
-140
-140
-140
-140
-140
-140
-140
-140
-140
-140
-140
-140
-140
-140
-140
-140
-140
-140
-140
-140
-140
-140
-140
-140
-140
-140
-140
-140
-140
-140
-140
-140
-140
-140
-140
-140
-140
-140
-140
-140
-140
-140
-140
-140
-140
-140
-140
-139
-139
-139
-139
-139
-139
-139
-139
-139
-139
-139
-139
-139
-139
-139
-139
-139
-139
-139
-139
-139
-139
-139
-139
-139
-139
-139
-139
-139
-139
-139
-139
-139
-139
-139
-139
-139
-139
-139
-139
-139
-139
-139
-139
-139
-139
-139
-139
-139
-139
-139
-139
-139
-139
-139
-139
-139
-139
-139
-139
-139
-139
-139
-139
-138
-138
-138
-138
-138
-138
-138
-138
-138
-138
-138
-138
-138
-138
-138
-138
-138
-138
-138
-138
-138
-138
-138
-138
-138
-138
-138
-138
-138
-138
-138
-138
-138
-138
-138
-138
-138
-138
-138
-138
-138
-138
-138
-138
-138
-138
-138
-138
-138
-138
-138
-138
-138
-138
-138
-138
-138
-138
-138
-138
-138
-138
-138
-138
-138
-138
-138
-138
-138
-138
-138
-137
-137
-137
-137
-137
-137
-137
-137
-137
-137
-137
-137
-137
-137
-137
-137
-137
-137
-137
-137
-137
-137
-137
-137
-137
-137
-137
-137
-137
-137
-137
-137
-137
-137
-137
-137
-137
-137
-137
-137
-137
-137
-137
-137
-137
-137
-137
-137
-137
-137
-137
-137
-137
-137
-137
-137
-137
-137
-137
-137
-137
-137
-137
-137
-137
-137
-137
-137
-137
-137
-137
-137
-137
-137
-137
-137
-137
-137
-137
-137
-137
-137
-137
-137
-137
-137
-137
-137
-137
-137
-137
-137
-137
-137
-137
-137
-137
-137
-137
-137
-137
-137
-137
-137
-137
-137
-137
-137
-137
-137
-137
-137
-137
-137
-137
-137
-137
-137
-137
-137
-137
-137
-137
-137
-137
-137
-137
-137
-137
-137
-137
-137
-137
-137
-137
-137
-137
-137
-137
-137
-137
-137
-137
-137
-137
-137
-137
-137
-137
-137
-137
-137
-137
-137
-137
-137
-137
-137
-137
-137
-137
-137
-137
-137
-137
-137
-137
-137
-137
-137
-137
-137
-137
-137
-137
-137
-137
-137
-137
-137
-137
-137
-137
-137
-137
-137
-137
-137
-137
-137
-137
-137
-137
-137
-137
-137
-137
-137
-137
-137
-137
-137
-137
-137
-137
-137
-137
-137
-137
-137
-137
-137
-137
-137
-137
-137
-137
-137
-137
-137
-137
-137
-137
-137
-137
-137
-137
-137
-137
-137
-137
-137
-137
-137
-137
-137
-137
-137
-137
-137
-137
-137
-137
-137
-137
-137
-137
-137
-137
-137
-137
-137
-137
-138
-138
-138
-138
-138
-138
-138
-138
-138
-138
-138
-138
-138
-138
-138
-137
-137
-137
-137
-137
-137
-137
-137
-137
-137
-137
-137
-137
-137
-137
-138
-138
-138
-138
-138
-138
-138
-138
-138
-138
-138
-138
-139
-139
-139
-139
-140
-140
-140
-140
-140
-141
-141
-141
-141
-141
-142
-142
-142
-142
-142
-142
-142
-142
-142
-142
-142
-142
-142
-142
-141
-141
-141
-141
-141
-140
-140
-140
-140
-140
-139
-139
-139
-139
-139
-139
-139
-139
-138
-138
-138
-138
-138
-137
-137
-137
-137
-136
-136
-135
-135
-134
-134
-133
-133
-132
-132
-131
-131
-130
-129
-129
-128
-128
-127
-127
-126
-125
-125
-124
-123
-123
-122
-121
-120
-120
-119
-118
-117
-117
-116
-115
-114
-113
-112
-111
-110
-110
-109
-108
-107
-106
-105
-104
-103
-101
-100
-99
-98
-96
-95
-94
-92
-91
-90
-88
-87
-86
-84
-83
-81
-80
-78
-77
-75
-73
-71
-70
-68
-66
-64
-62
-60
-58
-57
-55
-53
-51
-50
-48
-46
-44
-42
-41
-39
-37
-35
-33
-31
-29
-27
-24
-22
-20
-18
-16
-14
-12
-10
-8
-6
-4
-2
-1
0
2
4
6
8
10
12
14
16
18
21
23
25
27
30
32
34
37
39
41
43
46
48
50
52
54
57
59
61
63
66
68
70
72
75
77
79
81
83
85
88
90
92
94
97
99
101
103
106
108
110
113
115
118
120
122
125
127
130
132
135
137
140
142
145
148
150
153
156
159
162
164
167
170
172
175
178
180
183
185
188
191
194
196
199
202
205
208
210
213
216
219
222
226
229
232
235
238
241
244
247
250
254
257
260
263
267
270
273
276
279
282
285
288
291
294
297
300
303
305
308
311
314
317
320
323
326
329
332
335
338
341
345
348
351
354
357
360
363
367
370
373
376
379
382
385
388
392
395
398
401
405
408
412
415
418
422
425
429
432
436
439
442
445
449
452
455
458
461
465
468
471
474
478
481
484
488
491
495
498
502
505
509
512
516
519
523
526
530
533
536
540
543
547
550
554
557
561
565
568
572
576
579
583
587
591
595
599
602
606
610
614
618
622
626
630
634
638
642
646
649
653
657
661
664
668
671
675
678
682
685
689
693
696
700
704
707
711
715
719
723
727
731
735
739
743
747
751
755
760
764
768
772
776
780
785
789
793
797
801
805
809
813
817
821
825
829
833
837
841
845
849
853
857
861
865
869
873
878
882
886
891
895
899
904
908
913
917
921
926
930
935
939
943
948
952
957
961
965
970
974
978
982
987
991
995
999
1003
1007
1011
1015
1019
1024
1028
1032
1036
1040
1044
1049
1053
1057
1062
1066
1070
1075
1079
1084
1088
1093
1097
1102
1106
1111
1115
1120
1124
1129
1133
1138
1142
1147
1152
1156
1161
1165
1170
1174
1179
1183
1188
1193
1197
1202
1206
1211
1216
1220
1225
1229
1234
1239
1243
1248
1253
1258
1262
1267
1272
1276
1281
1286
1290
1295
1300
1305
1309
1314
1319
1324
1329
1334
1338
1343
1348
1353
1358
1363
1368
1373
1377
1382
1387
1392
1397
1401
1406
1411
1416
1421
1425
1430
1435
1440
1444
1449
1454
1458
1463
1468
1473
1477
1482
1487
1492
1497
1502
1506
1511
1516
1521
1525
1530
1535
1539
1544
1549
1553
1558
1563
1567
1572
1577
1582
1586
1591
1596
1601
1605
1610
1615
1620
1624
1629
1634
1639
1643
1648
1653
1658
1663
1667
1672
1677
1682
1687
1692
1697
1702
1707
1712
1716
1721
1726
1731
1736
1741
1746
1751
1756
1760
1765
1770
1775
1780
1785
1790
1795
1800
1805
1810
1815
1820
1824
1829
1834
1839
1844
1849
1854
1859
1864
1868
1873
1878
1883
1888
1893
1898
1903
1908
1913
1918
1923
1928
1933
1938
1943
1947
1952
1957
1962
1967
1972
1977
1982
1987
1992
1997
2002
2006
2011
2016
2021
2026
2031
2036
2041
2046
2051
2056
2061
2066
2071
2076
2081
2086
2090
2095
2100
2106
2111
2116
2121
2126
2130
2135
2140
2145
2150
2155
2160
2165
2170
2174
2179
2184
2189
2194
2198
2203
2208
2213
2218
2223
2228
2233
2237
2242
2247
2252
2257
2262
2266
2271
2276
2281
2285
2290
2294
2299
2304
2308
2313
2317
2322
2327
2331
2336
2340
2345
2350
2354
2359
2364
2368
2373
2377
2382
2387
2391
2396
2400
2405
2409
2414
2418
2423
2427
2432
2436
2441
2445
2450
2454
2458
2463
2467
2472
2476
2481
2485
2490
2494
2499
2503
2508
2512
2517
2522
2526
2531
2535
2540
2544
2548
2553
2557
2562
2566
2570
2574
2579
2583
2587
2592
2596
2600
2605
2609
2613
2617
2622
2626
2631
2635
2639
2644
2648
2653
2657
2662
2666
2671
2675
2680
2684
2689
2693
2698
2702
2707
2711
2716
2720
2725
2729
2734
2738
2743
2747
2752
2756
2760
2765
2769
2774
2778
2783
2787
2791
2796
2800
2804
2809
2813
2817
2822
2826
2830
2834
2839
2843
2847
2851
2856
2860
2864
2868
2873
2877
2881
2885
2889
2893
2898
2902
2906
2910
2914
2918
2922
2927
2931
2935
2939
2944
2948
2952
2956
2961
2965
2969
2973
2978
2982
2986
2990
2995
2999
3003
3007
3011
3015
3020
3024
3028
3032
3036
3040
3044
3048
3053
3057
3061
3065
3069
3073
3077
3081
3086
3090
3094
3098
3103
3107
3111
3115
3119
3124
3128
3132
3136
3140
3144
3149
3153
3157
3161
3165
3169
3173
3177
3181
3185
3190
3194
3198
3202
3206
3210
3214
3218
3222
3226
3230
3234
3238
3242
3246
3250
3254
3258
3262
3266
3270
3274
3278
3282
3286
3290
3294
3298
3302
3305
3309
3313
3317
3321
3325
3329
3333
3336
3340
3344
3348
3352
3356
3360
3363
3367
3371
3375
3378
3382
3386
3389
3393
3397
3400
3404
3408
3411
3415
3418
3422
3426
3429
3433
3437
3440
3444
3448
3451
3455
3459
3462
3466
3469
3473
3477
3480
3484
3487
3491
3494
3498
3501
3505
3508
3512
3515
3518
3522
3525
3529
3532
3536
3539
3542
3546
3549
3553
3556
3559
3563
3566
3570
3573
3576
3580
3583
3586
3590
3593
3596
3600
3603
3606
3609
3613
3616
3619
3622
3626
3629
3632
3635
3639
3642
3645
3649
3652
3655
3658
3661
3665
3668
3671
3674
3677
3681
3684
3687
3690
3693
3696
3699
3702
3706
3709
3712
3715
3718
3721
3724
3727
3730
3733
3736
3739
3742
3745
3748
3751
3754
3757
3760
3763
3766
3769
3772
3775
3778
3781
3784
3787
3790
3793
3796
3799
3802
3805
3808
3811
3814
3817
3820
3822
3825
3828
3831
3833
3836
3839
3841
3844
3847
3849
3852
3855
3858
3860
3863
3866
3868
3871
3874
3876
3879
3882
3884
3887
3890
3893
3895
3898
3900
3903
3906
3908
3911
3913
3916
3919
3921
3924
3926
3929
3931
3934
3936
3939
3941
3944
3946
3949
3951
3954
3956
3958
3961
3963
3966
3968
3971
3973
3976
3978
3981
3984
3986
3989
3991
3993
3996
3998
4001
4003
4006
4008
4010
4013
4015
4017
4020
4022
4024
4027
4029
4031
4034
4036
4038
4040
4043
4045
4047
4050
4052
4054
4056
4059
4061
4063
4066
4068
4070
4072
4074
4077
4079
4081
4083
4086
4088
4090
4092
4094
4097
4099
4101
4103
4105
4107
4109
4111
4113
4115
4117
4119
4121
4123
4126
4128
4130
4132
4134
4136
4138
4140
4142
4144
4146
4148
4150
4152
4154
4156
4158
4160
4162
4164
4166
4168
4170
4172
4174
4176
4178
4180
4182
4184
4185
4187
4189
4191
4193
4195
4197
4199
4200
4202
4204
4206
4208
4210
4211
4213
4215
4217
4219
4220
4222
4224
4226
4227
4229
4231
4233
4234
4236
4238
4240
4241
4243
4245
4246
4248
4250
4251
4253
4254
4256
4258
4259
4261
4262
4264
4265
4267
4268
4270
4271
4273
4274
4276
4277
4279
4280
4282
4283
4284
4286
4287
4289
4290
4291
4293
4294
4296
4297
4298
4300
4301
4303
4304
4306
4307
4308
4310
4311
4313
4314
4315
4317
4318
4319
4321
4322
4324
4325
4326
4328
4329
4330
4332
4333
4334
4336
4337
4338
4340
4341
4342
4344
4345
4346
4348
4349
4350
4352
4353
4355
4356
4357
4359
4360
4361
4363
4364
4366
4367
4368
4370
4371
4372
4374
4375
4376
4378
4379
4380
4381
4383
4384
4385
4386
4388
4389
4390
4391
4393
4394
4395
4396
4397
4399
4400
4401
4402
4403
4405
4406
4407
4408
4409
4410
4411
4412
4413
4415
4416
4417
4418
4419
4420
4421
4422
4423
4424
4425
4425
4426
4427
4428
4429
4430
4431
4432
4433
4433
4434
4435
4436
4437
4438
4438
4439
4440
4441
4441
4442
4443
4444
4444
4445
4446
4446
4447
4448
4449
4449
4450
4451
4451
4452
4453
4453
4454
4454
4455
4456
4456
4457
4457
4458
4459
4459
4460
4460
4461
4461
4462
4462
4463
4463
4464
4464
4465
4465
4466
4466
4467
4467
4468
4468
4468
4469
4469
4469
4470
4470
4471
4471
4471
4472
4472
4472
4472
4473
4473
4473
4474
4474
4474
4475
4475
4475
4475
4476
4476
4476
4477
4477
4477
4477
4478
4478
4478
4479
4479
4479
4479
4480
4480
4480
4480
4481
4481
4481
4481
4482
4482
4482
4482
4482
4483
4483
4483
4483
4483
4484
4484
4484
4484
4484
4484
4485
4485
4485
4485
4485
4486
4486
4486
4486
4486
4486
4487
4487
4487
4487
4487
4487
4488
4488
4488
4488
4488
4488
4489
4489
4489
4489
4489
4489
4489
4489
4489
4490
4490
4490
4490
4490
4490
4490
4490
4490
4490
4491
4491
4491
4491
4491
4491
4491
4492
4492
4492
4492
4492
4492
4492
4492
4492
4493
4493
4493
4493
4493
4493
4493
4493
4493
4493
4493
4493
4493
4493
4493
4493
4493
4493
4493
4493
4493
4493
4493
4493
4493
4493
4493
4493
4493
4493
4493
4493
4493
4493
4493
4493
4493
4493
4492
4492
4492
4492
4492
4492
4492
4492
4492
4492
4491
4491
4491
4491
4491
4491
4490
4490
4490
4490
4490
4490
4489
4489
4489
4489
4489
4488
4488
4488
4488
4487
4487
4487
4487
4486
4486
4486
4486
4485
4485
4485
4484
4484
4484
4483
4483
4483
4482
4482
4482
4481
4481
4481
4480
4480
4479
4479
4479
4478
4478
4477
4477
4477
4476
4476
4475
4475
4474
4474
4474
4473
4473
4472
4472
4471
4471
4470
4470
4469
4469
4468
4468
4467
4466
4466
4465
4465
4464
4464
4463
4462
4462
4461
4461
4460
4459
4459
4458
4458
4457
4456
4456
4455
4454
4454
4453
4453
4452
4451
4451
4450
4449
4449
4448
4448
4447
4446
4446
4445
4444
4444
4443
4442
4442
4441
4440
4440
4439
4438
4438
4437
4436
4435
4435
4434
4433
4433
4432
4431
4431
4430
4429
4428
4428
4427
4426
4426
4425
4424
4423
4423
4422
4421
4420
4420
4419
4418
4418
4417
4416
4415
4415
4414
4413
4412
4412
4411
4410
4409
4409
4408
4407
4406
4406
4405
4404
4403
4403
4402
4401
4400
4399
4399
4398
4397
4396
4396
4395
4394
4393
4392
4392
4391
4390
4389
4388
4388
4387
4386
4385
4384
4384
4383
4382
4381
4380
4379
4379
4378
4377
4376
4375
4374
4373
4373
4372
4371
4370
4369
4368
4367
4366
4365
4364
4364
4363
4362
4361
4360
4359
4358
4357
4356
4355
4354
4353
4352
4351
4350
4349
4348
4346
4345
4344
4343
4342
4341
4340
4339
4338
4337
4336
4334
4333
4332
4331
4330
4329
4328
4327
4325
4324
4323
4322
4321
4319
4318
4317
4316
4315
4314
4312
4311
4310
4309
4307
4306
4305
4304
4303
4301
4300
4299
4298
4296
4295
4294
4293
4291
4290
4289
4288
4286
4285
4284
4283
4281
4280
4279
4278
4276
4275
4274
4272
4271
4270
4269
4267
4266
4265
4263
4262
4261
4260
4258
4257
4256
4254
4253
4252
4250
4249
4248
4247
4245
4244
4243
4242
4240
4239
4238
4237
4235
4234
4233
4231
4230
4229
4228
4226
4225
4224
4223
4221
4220
4219
4218
4216
4215
4214
4213
4211
4210
4209
4208
4206
4205
4204
4203
4201
4200
4199
4198
4196
4195
4194
4193
4191
4190
4189
4187
4186
4185
4184
4182
4181
4180
4178
4177
4176
4174
4173
4172
4171
4169
4168
4166
4165
4164
4162
4161
4160
4158
4157
4156
4154
4153
4152
4150
4149
4148
4146
4145
4144
4142
4141
4140
4138
4137
4136
4134
4133
4132
4130
4129
4128
4126
4125
4124
4122
4121
4119
4118
4117
4115
4114
4112
4111
4110
4108
4107
4106
4104
4103
4101
4100
4099
4097
4096
4095
4093
4092
4091
4089
4088
4086
4085
4084
4082
4081
4080
4078
4077
4075
4074
4073
4071
4070
4068
4067
4065
4064
4063
4061
4060
4058
4057
4055
4054
4052
4051
4049
4048
4046
4045
4043
4042
4040
4039
4038
4036
4035
4033
4031
4030
4028
4027
4025
4024
4022
4021
4019
4018
4016
4015
4013
4011
4010
4008
4007
4005
4003
4002
4000
3999
3997
3995
3994
3992
3991
3989
3987
3986
3984
3983
3981
3979
3978
3976
3975
3973
3971
3970
3968
3966
3965
3963
3962
3960
3958
3957
3955
3953
3952
3950
3949
3947
3945
3944
3942
3940
3939
3937
3936
3934
3932
3931
3929
3927
3926
3924
3923
3921
3919
3918
3916
3914
3913
3911
3909
3908
3906
3905
3903
3901
3900
3898
3896
3895
3893
3891
3890
3888
3886
3885
3883
3881
3880
3878
3876
3875
3873
3871
3870
3868
3866
3865
3863
3861
3860
3858
3856
3855
3853
3851
3850
3848
3846
3845
3843
3841
3840
3838
3836
3835
3833
3831
3830
3828
3826
3825
3823
3821
3820
3818
3816
3815
3813
3811
3809
3808
3806
3804
3803
3801
3799
3798
3796
3794
3792
3791
3789
3787
3786
3784
3782
3780
3779
3777
3775
3774
3772
3770
3768
3767
3765
3763
3762
3760
3758
3756
3755
3753
3751
3750
3748
3746
3744
3743
3741
3739
3737
3736
3734
3732
3730
3729
3727
3725
3724
3722
3720
3718
3717
3715
3713
3711
3710
3708
3706
3704
3703
3701
3699
3697
3696
3694
3692
3690
3689
3687
3685
3683
3682
3680
3678
3676
3675
3673
3671
3670
3668
3666
3664
3663
3661
3659
3657
3656
3654
3652
3650
3649
3647
3645
3644
3642
3640
3638
3637
3635
3633
3632
3630
3628
3626
3625
3623
3621
3620
3618
3616
3615
3613
3611
3609
3608
3606
3604
3603
3601
3599
3598
3596
3594
3592
3591
3589
3587
3586
3584
3582
3581
3579
3577
3575
3574
3572
3570
3569
3567
3565
3564
3562
3560
3559
3557
3555
3553
3552
3550
3548
3547
3545
3543
3542
3540
3538
3537
3535
3533
3532
3530
3528
3527
3525
3523
3522
3520
3518
3517
3515
3513
3511
3510
3508
3506
3505
3503
3501
3500
3498
3496
3495
3493
3491
3490
3488
3486
3485
3483
3481
3479
3478
3476
3474
3473
3471
3469
3468
3466
3464
3462
3461
3459
3457
3456
3454
3452
3451
3449
3447
3445
3444
3442
3440
3439
3437
3435
3433
3432
3430
3428
3427
3425
3423
3421
3420
3418
3416
3415
3413
3411
3409
3408
3406
3404
3402
3401
3399
3397
3396
3394
3392
3390
3389
3387
3385
3383
3382
3380
3378
3376
3375
3373
3371
3370
3368
3366
3364
3363
3361
3359
3357
3356
3354
3352
3351
3349
3347
3345
3344
3342
3340
3338
3337
3335
3333
3331
3330
3328
3326
3324
3323
3321
3319
3318
3316
3314
3312
3311
3309
3307
3305
3304
3302
3300
3299
3297
3295
3293
3292
3290
3288
3287
3285
3283
3282
3280
3278
3277
3275
3273
3272
3270
3268
3266
3265
3263
3261
3260
3258
3256
3255
3253
3251
3250
3248
3246
3245
3243
3241
3240
3238
3236
3235
3233
3231
3230
3228
3227
3225
3223
3222
3220
3218
3217
3215
3213
3212
3210
3208
3207
3205
3203
3202
3200
3199
3197
3195
3194
3192
3190
3189
3187
3185
3184
3182
3181
3179
3177
3176
3174
3172
3171
3169
3167
3166
3164
3163
3161
3159
3158
3156
3154
3153
3151
3150
3148
3146
3145
3143
3141
3140
3138
3137
3135
3133
3132
3130
3128
3127
3125
3123
3122
3120
3118
3117
3115
3114
3112
3110
3109
3107
3105
3104
3102
3100
3099
3097
3095
3094
3092
3090
3089
3087
3085
3084
3082
3080
3079
3077
3075
3074
3072
3070
3069
3067
3065
3064
3062
3060
3059
3057
3055
3054
3052
3050
3049
3047
3045
3044
3042
3040
3039
3037
3035
3034
3032
3030
3029
3027
3025
3024
3022
3020
3019
3017
3015
3014
3012
3010
3009
3007
3005
3004
3002
3000
2999
2997
2995
2994
2992
2990
2989
2987
2986
2984
2982
2981
2979
2977
2976
2974
2972
2971
2969
2968
2966
2964
2963
2961
2959
2958
2956
2955
2953
2951
2950
2948
2946
2945
2943
2942
2940
2938
2937
2935
2934
2932
2930
2929
2927
2926
2924
2923
2921
2919
2918
2916
2915
2913
2912
2910
2908
2907
2905
2904
2902
2901
2899
2898
2896
2894
2893
2891
2890
2888
2887
2885
2884
2882
2881
2879
2878
2876
2874
2873
2871
2870
2868
2867
2865
2864
2862
2861
2859
2858
2856
2855
2853
2852
2850
2849
2847
2846
2844
2843
2841
2840
2838
2836
2835
2833
2832
2830
2829
2827
2826
2824
2823
2821
2820
2818
2817
2815
2814
2812
2811
2809
2808
2806
2805
2803
2802
2800
2799
2797
2796
2794
2793
2791
2790
2788
2787
2785
2783
2782
2780
2779
2777
2776
2774
2773
2771
2770
2768
2767
2765
2764
2762
2761
2759
2757
2756
2754
2753
2751
2750
2748
2747
2745
2744
2742
2741
2739
2737
2736
2734
2733
2731
2730
2728
2727
2725
2723
2722
2720
2719
2717
2716
2714
2712
2711
2709
2708
2706
2705
2703
2701
2700
2698
2697
2695
2694
2692
2690
2689
2687
2686
2684
2683
2681
2679
2678
2676
2675
2673
2672
2670
2668
2667
2665
2664
2662
2660
2659
2657
2656
2654
2653
2651
2649
2648
2646
2645
2643
2642
2640
2638
2637
2635
2634
2632
2631
2629
2628
2626
2624
2623
2621
2620
2618
2617
2615
2614
2612
2610
2609
2607
2606
2604
2603
2601
2600
2598
2597
2595
2594
2592
2590
2589
2587
2586
2584
2583
2581
2580
2578
2577
2575
2574
2572
2571
2569
2568
2566
2565
2563
2562
2560
2559
2557
2556
2554
2553
2551
2550
2548
2547
2545
2544
2543
2541
2540
2538
2537
2535
2534
2532
2531
2529
2528
2527
2525
2524
2522
2521
2519
2518
2516
2515
2514
2512
2511
2509
2508
2506
2505
2504
2502
2501
2499
2498
2497
2495
2494
2492
2491
2489
2488
2487
2485
2484
2482
2481
2479
2478
2477
2475
2474
2472
2471
2469
2468
2467
2465
2464
2462
2461
2459
2458
2457
2455
2454
2452
2451
2449
2448
2447
2445
2444
2442
2441
2439
2438
2437
2435
2434
2432
2431
2429
2428
2427
2425
2424
2422
2421
2419
2418
2416
2415
2414
2412
2411
2409
2408
2407
2405
2404
2402
2401
2399
2398
2397
2395
2394
2392
2391
2389
2388
2387
2385
2384
2382
2381
2379
2378
2377
2375
2374
2372
2371
2369
2368
2367
2365
2364
2362
2361
2360
2358
2357
2355
2354
2352
2351
2350
2348
2347
2345
2344
2342
2341
2340
2338
2337
2335
2334
2332
2331
2330
2328
2327
2325
2324
2322
2321
2320
2318
2317
2315
2314
2312
2311
2310
2308
2307
2305
2304
2302
2301
2300
2298
2297
2295
2294
2292
2291
2290
2288
2287
2285
2284
2282
2281
2280
2278
2277
2275
2274
2273
2271
2270
2268
2267
2266
2264
2263
2261
2260
2259
2257
2256
2254
2253
2252
2250
2249
2248
2246
2245
2243
2242
2241
2239
2238
2236
2235
2234
2232
2231
2230
2228
2227
2226
2224
2223
2221
2220
2219
2217
2216
2215
2213
2212
2211
2209
2208
2207
2205
2204
2202
2201
2200
2198
2197
2196
2194
2193
2192
2190
2189
2188
2186
2185
2184
2182
2181
2180
2178
2177
2176
2174
2173
2172
2170
2169
2167
2166
2165
2163
2162
2161
2159
2158
2157
2155
2154
2153
2151
2150
2149
2147
2146
2145
2143
2142
2141
2139
2138
2137
2135
2134
2133
2131
2130
2129
2127
2126
2125
2123
2122
2121
2119
2118
2117
2115
2114
2113
2111
2110
2109
2107
2106
2105
2103
2102
2101
2099
2098
2097
2095
2094
2093
2091
2090
2089
2087
2086
2085
2083
2082
2081
2080
2078
2077
2076
2074
2073
2072
2070
2069
2068
2066
2065
2064
2063
2061
2060
2059
2057
2056
2055
2053
2052
2051
2050
2048
2047
2046
2044
2043
2042
2040
2039
2038
2037
2035
2034
2033
2031
2030
2029
2028
2026
2025
2024
2023
2021
2020
2019
2017
2016
2015
2014
2012
2011
2010
2009
2007
2006
2005
2004
2002
2001
2000
1999
1997
1996
1995
1994
1992
1991
1990
1989
1987
1986
1985
1984
1983
1981
1980
1979
1978
1976
1975
1974
1973
1972
1970
1969
1968
1967
1965
1964
1963
1962
1961
1959
1958
1957
1956
1955
1953
1952
1951
1950
1949
1947
1946
1945
1944
1943
1942
1940
1939
1938
1937
1936
1934
1933
1932
1931
1930
1929
1927
1926
1925
1924
1923
1922
1920
1919
1918
1917
1916
1915
1913
1912
1911
1910
1909
1908
1907
1905
1904
1903
1902
1901
1900
1898
1897
1896
1895
1894
1893
1892
1890
1889
1888
1887
1886
1885
1883
1882
1881
1880
1879
1878
1877
1875
1874
1873
1872
1871
1870
1869
1868
1866
1865
1864
1863
1862
1861
1860
1858
1857
1856
1855
1854
1853
1852
1851
1849
1848
1847
1846
1845
1844
1843
1842
1840
1839
1838
1837
1836
1835
1834
1833
1831
1830
1829
1828
1827
1826
1825
1824
1822
1821
1820
1819
1818
1817
1816
1815
1813
1812
1811
1810
1809
1808
1807
1806
1805
1803
1802
1801
1800
1799
1798
1797
1796
1794
1793
1792
1791
1790
1789
1788
1787
1785
1784
1783
1782
1781
1780
1779
1778
1777
1775
1774
1773
1772
1771
1770
1769
1768
1767
1766
1764
1763
1762
1761
1760
1759
1758
1757
1756
1754
1753
1752
1751
1750
1749
1748
1747
1746
1745
1744
1742
1741
1740
1739
1738
1737
1736
1735
1734
1733
1732
1731
1729
1728
1727
1726
1725
1724
1723
1722
1721
1720
1719
1718
1717
1715
1714
1713
1712
1711
1710
1709
1708
1707
1706
1705
1704
1703
1702
1700
1699
1698
1697
1696
1695
1694
1693
1692
1691
1690
1689
1688
1687
1686
1685
1684
1683
1681
1680
1679
1678
1677
1676
1675
1674
1673
1672
1671
1670
1669
1668
1667
1666
1665
1664
1663
1662
1661
1660
1659
1658
1657
1655
1654
1653
1652
1651
1650
1649
1648
1647
1646
1645
1644
1643
1642
1641
1640
1639
1638
1637
1636
1635
1634
1633
1632
1631
1630
1629
1628
1627
1626
1625
1624
1623
1622
1621
1620
1619
1618
1617
1616
1615
1614
1613
1612
1611
1610
1609
1608
1607
1606
1605
1604
1603
1603
1602
1601
1600
1599
1598
1597
1596
1595
1594
1593
1592
1591
1590
1589
1588
1587
1586
1585
1584
1583
1582
1582
1581
1580
1579
1578
1577
1576
1575
1574
1573
1572
1571
1570
1569
1569
1568
1567
1566
1565
1564
1563
1562
1561
1560
1559
1559
1558
1557
1556
1555
1554
1553
1552
1551
1550
1550
1549
1548
1547
1546
1545
1544
1543
1543
1542
1541
1540
1539
1538
1537
1536
1536
1535
1534
1533
1532
1531
1530
1529
1529
1528
1527
1526
1525
1524
1523
1523
1522
1521
1520
1519
1518
1517
1517
1516
1515
1514
1513
1512
1511
1510
1510
1509
1508
1507
1506
1505
1504
1504
1503
1502
1501
1500
1499
1499
1498
1497
1496
1495
1494
1493
1493
1492
1491
1490
1489
1488
1487
1487
1486
1485
1484
1483
1482
1481
1481
1480
1479
1478
1477
1476
1475
1475
1474
1473
1472
1471
1470
1469
1468
1468
1467
1466
1465
1464
1463
1462
1462
1461
1460
1459
1458
1457
1456
1456
1455
1454
1453
1452
1451
1450
1450
1449
1448
1447
1446
1445
1444
1444
1443
1442
1441
1440
1439
1438
1437
1437
1436
1435
1434
1433
1432
1431
1431
1430
1429
1428
1427
1426
1425
1425
1424
1423
1422
1421
1420
1419
1419
1418
1417
1416
1415
1414
1413
1413
1412
1411
1410
1409
1408
1407
1407
1406
1405
1404
1403
1402
1402
1401
1400
1399
1398
1397
1397
1396
1395
1394
1393
1392
1392
1391
1390
1389
1388
1387
1387
1386
1385
1384
1383
1382
1382
1381
1380
1379
1378
1377
1377
1376
1375
1374
1373
1373
1372
1371
1370
1369
1368
1368
1367
1366
1365
1364
1364
1363
1362
1361
1360
1359
1359
1358
1357
1356
1355
1355
1354
1353
1352
1351
1351
1350
1349
1348
1347
1347
1346
1345
1344
1343
1343
1342
1341
1340
1339
1339
1338
1337
1336
1335
1335
1334
1333
1332
1331
1331
1330
1329
1328
1327
1327
1326
1325
1324
1323
1323
1322
1321
1320
1319
1319
1318
1317
1316
1315
1315
1314
1313
1312
1311
1311
1310
1309
1308
1308
1307
1306
1305
1304
1304
1303
1302
1301
1300
1300
1299
1298
1297
1297
1296
1295
1294
1293
1293
1292
1291
1290
1289
1289
1288
1287
1286
1286
1285
1284
1283
1282
1282
1281
1280
1279
1279
1278
1277
1276
1275
1275
1274
1273
1272
1272
1271
1270
1269
1269
1268
1267
1266
1266
1265
1264
1263
1262
1262
1261
1260
1259
1259
1258
1257
1256
1256
1255
1254
1253
1253
1252
1251
1250
1250
1249
1248
1247
1247
1246
1245
1245
1244
1243
1242
1242
1241
1240
1239
1239
1238
1237
1236
1236
1235
1234
1234
1233
1232
1231
1231
1230
1229
1229
1228
1227
1226
1226
1225
1224
1224
1223
1222
1222
1221
1220
1219
1219
1218
1217
1217
1216
1215
1215
1214
1213
1213
1212
1211
1210
1210
1209
1208
1208
1207
1206
1206
1205
1204
1204
1203
1202
1202
1201
1200
1200
1199
1198
1198
1197
1196
1195
1195
1194
1193
1193
1192
1191
1191
1190
1189
1189
1188
1187
1187
1186
1185
1185
1184
1183
1183
1182
1181
1181
1180
1179
1179
1178
1177
1177
1176
1175
1175
1174
1173
1173
1172
1171
1171
1170
1169
1169
1168
1167
1167
1166
1165
1165
1164
1163
1163
1162
1161
1161
1160
1159
1159
1158
1157
1157
1156
1155
1155
1154
1153
1153
1152
1151
1151
1150
1149
1149
1148
1147
1146
1146
1145
1144
1144
1143
1142
1142
1141
1140
1140
1139
1138
1137
1137
1136
1135
1135
1134
1133
1133
1132
1131
1131
1130
1129
1128
1128
1127
1126
1126
1125
1124
1124
1123
1122
1121
1121
1120
1119
1119
1118
1117
1117
1116
1115
1114
1114
1113
1112
1112
1111
1110
1110
1109
1108
1107
1107
1106
1105
1105
1104
1103
1103
1102
1101
1100
1100
1099
1098
1098
1097
1096
1096
1095
1094
1093
1093
1092
1091
1091
1090
1089
1089
1088
1087
1087
1086
1085
1084
1084
1083
1082
1082
1081
1080
1080
1079
1078
1078
1077
1076
1076
1075
1074
1074
1073
1072
1072
1071
1070
1070
1069
1068
1067
1067
1066
1065
1065
1064
1063
1063
1062
1061
1061
1060
1060
1059
1058
1058
1057
1056
1056
1055
1054
1054
1053
1052
1052
1051
1050
1050
1049
1048
1048
1047
1046
1046
1045
1045
1044
1043
1043
1042
1041
1041
1040
1039
1039
1038
1038
1037
1036
1036
1035
1034
1034
1033
1033
1032
1031
1031
1030
1029
1029
1028
1028
1027
1026
1026
1025
1024
1024
1023
1023
1022
1021
1021
1020
1019
1019
1018
1018
1017
1016
1016
1015
1015
1014
1013
1013
1012
1011
1011
1010
1010
1009
1008
1008
1007
1007
1006
1005
1005
1004
1003
1003
1002
1002
1001
1000
1000
999
999
998
997
997
996
995
995
994
994
993
992
992
991
991
990
989
989
988
988
987
986
986
985
984
984
983
983
982
981
981
980
980
979
978
978
977
977
976
975
975
974
973
973
972
972
971
970
970
969
969
968
967
967
966
966
965
964
964
963
963
962
961
961
960
959
959
958
958
957
956
956
955
955
954
953
953
952
952
951
950
950
949
949
948
947
947
946
946
945
944
944
943
943
942
941
941
940
940
939
938
938
937
937
936
935
935
934
934
933
932
932
931
931
930
930
929
928
928
927
927
926
925
925
924
924
923
922
922
921
921
920
919
919
918
918
917
917
916
915
915
914
914
913
912
912
911
911
910
909
909
908
908
907
906
906
905
905
904
904
903
902
902
901
901
900
899
899
898
898
897
896
896
895
895
894
893
893
892
892
891
890
890
889
889
888
887
887
886
886
885
884
884
883
883
882
881
881
880
880
879
878
878
877
877
876
875
875
874
873
873
872
872
871
870
870
869
869
868
867
867
866
866
865
864
864
863
863
862
861
861
860
859
859
858
858
857
856
856
855
855
854
853
853
852
852
851
850
850
849
849
848
847
847
846
845
845
844
844
843
842
842
841
841
840
839
839
838
838
837
836
836
835
835
834
834
833
832
832
831
831
830
829
829
828
828
827
826
826
825
825
824
823
823
822
822
821
821
820
819
819
818
818
817
817
816
815
815
814
814
813
812
812
811
811
810
810
809
808
808
807
807
806
806
805
804
804
803
803
802
802
801
801
800
799
799
798
798
797
797
796
795
795
794
794
793
793
792
792
791
790
790
789
789
788
788
787
787
786
785
785
784
784
783
783
782
782
781
781
780
779
779
778
778
777
777
776
776
775
775
774
773
773
772
772
771
771
770
770
769
769
768
767
767
766
766
765
765
764
764
763
763
762
762
761
760
760
759
759
758
758
757
757
756
756
755
755
754
754
753
752
752
751
751
750
750
749
749
748
748
747
747
746
746
745
744
744
743
743
742
742
741
741
740
740
739
739
738
738
737
737
736
735
735
734
734
733
733
732
732
731
731
730
730
729
729
728
728
727
727
726
725
725
724
724
723
723
722
722
721
721
720
720
719
719
718
718
717
716
716
715
715
714
714
713
713
712
712
711
711
710
710
709
708
708
707
707
706
706
705
705
704
704
703
703
702
702
701
700
700
699
699
698
698
697
697
696
696
695
694
694
693
693
692
692
691
691
690
690
689
689
688
687
687
686
686
685
685
684
684
683
683
682
681
681
680
680
679
679
678
678
677
677
676
675
675
674
674
673
673
672
672
671
671
670
669
669
668
668
667
667
666
666
665
665
664
663
663
662
662
661
661
660
660
659
659
658
657
657
656
656
655
655
654
654
653
653
652
652
651
650
650
649
649
648
648
647
647
646
646
645
645
644
643
643
642
642
641
641
640
640
639
639
638
638
637
637
636
636
635
635
634
633
633
632
632
631
631
630
630
629
629
628
628
627
627
626
626
625
625
624
624
623
623
622
622
621
621
620
620
619
619
618
618
617
617
616
616
615
615
614
614
613
613
612
612
611
611
610
610
609
609
608
608
607
607
607
606
606
605
605
604
604
603
603
602
602
601
601
600
600
599
599
598
598
598
597
597
596
596
595
595
594
594
593
593
592
592
592
591
591
590
590
589
589
588
588
587
587
587
586
586
585
585
584
584
583
583
583
582
582
581
581
580
580
579
579
579
578
578
577
577
576
576
575
575
575
574
574
573
573
572
572
571
571
571
570
570
569
569
568
568
568
567
567
566
566
565
565
565
564
564
563
563
562
562
562
561
561
560
560
559
559
558
558
558
557
557
556
556
555
555
555
554
554
553
553
552
552
552
551
551
550
550
549
549
549
548
548
547
547
546
546
546
545
545
544
544
543
543
543
542
542
541
541
540
540
540
539
539
538
538
537
537
536
536
536
535
535
534
534
533
533
533
532
532
531
531
530
530
530
529
529
528
528
527
527
527
526
526
525
525
524
524
523
523
523
522
522
521
521
520
520
520
519
519
518
518
517
517
516
516
516
515
515
514
514
513
513
513
512
512
511
511
510
510
509
509
509
508
508
507
507
506
506
506
505
505
504
504
503
503
502
502
502
501
501
500
500
499
499
499
498
498
497
497
496
496
495
495
495
494
494
493
493
492
492
492
491
491
490
490
489
489
488
488
488
487
487
486
486
485
485
485
484
484
483
483
482
482
482
481
481
480
480
479
479
478
478
478
477
477
476
476
475
475
475
474
474
473
473
472
472
472
471
471
470
470
469
469
469
468
468
467
467
466
466
466
465
465
464
464
463
463
463
462
462
461
461
460
460
460
459
459
458
458
457
457
457
456
456
455
455
454
454
454
453
453
452
452
452
451
451
450
450
449
449
449
448
448
447
447
447
446
446
445
445
445
444
444
443
443
443
442
442
441
441
441
440
440
439
439
439
438
438
437
437
437
436
436
435
435
435
434
434
433
433
433
432
432
431
431
431
430
430
430
429
429
428
428
428
427
427
426
426
426
425
425
425
424
424
423
423
423
422
422
422
421
421
420
420
420
419
419
419
418
418
418
417
417
416
416
416
415
415
415
414
414
413
413
413
412
412
412
411
411
411
410
410
409
409
409
408
408
408
407
407
407
406
406
405
405
405
404
404
404
403
403
403
402
402
402
401
401
400
400
400
399
399
399
398
398
398
397
397
396
396
396
395
395
395
394
394
394
393
393
392
392
392
391
391
391
390
390
389
389
389
388
388
388
387
387
387
386
386
385
385
385
384
384
384
383
383
382
382
382
381
381
381
380
380
379
379
379
378
378
377
377
377
376
376
376
375
375
374
374
374
373
373
372
372
372
371
371
371
370
370
369
369
369
368
368
367
367
367
366
366
365
365
365
364
364
363
363
363
362
362
361
361
361
360
360
359
359
359
358
358
357
357
357
356
356
355
355
355
354
354
353
353
353
352
352
351
351
351
350
350
349
349
349
348
348
347
347
347
346
346
345
345
345
344
344
343
343
343
342
342
341
341
341
340
340
339
339
338
338
338
337
337
336
336
336
335
335
334
334
334
333
333
332
332
332
331
331
330
330
330
329
329
328
328
328
327
327
326
326
326
325
325
324
324
323
323
323
322
322
321
321
321
320
320
319
319
319
318
318
317
317
317
316
316
315
315
315
314
314
314
313
313
312
312
312
311
311
310
310
310
309
309
308
308
308
307
307
306
306
306
305
305
305
304
304
303
303
303
302
302
301
301
301
300
300
300
299
299
298
298
298
297
297
297
296
296
295
295
295
294
294
294
293
293
292
292
292
291
291
291
290
290
289
289
289
288
288
288
287
287
286
286
286
285
285
285
284
284
284
283
283
282
282
282
281
281
281
280
280
280
279
279
278
278
278
277
277
277
276
276
276
275
275
275
274
274
273
273
273
272
272
272
271
271
271
270
270
270
269
269
268
268
268
267
267
267
266
266
266
265
265
265
264
264
264
263
263
262
262
262
261
261
261
260
260
260
259
259
259
258
258
258
257
257
256
256
256
255
255
255
254
254
254
253
253
253
252
252
252
251
251
250
250
250
249
249
249
248
248
248
247
247
247
246
246
246
245
245
245
244
244
243
243
243
242
242
242
241
241
241
240
240
240
239
239
239
238
238
237
237
237
236
236
236
235
235
235
234
234
234
233
233
233
232
232
231
231
231
230
230
230
229
229
229
228
228
228
227
227
227
226
226
225
225
225
224
224
224
223
223
223
222
222
222
221
221
220
220
220
219
219
219
218
218
218
217
217
217
216
216
215
215
215
214
214
214
213
213
213
212
212
212
211
211
210
210
210
209
209
209
208
208
208
207
207
206
206
206
205
205
205
204
204
204
203
203
202
202
202
201
201
201
200
200
200
199
199
198
198
198
197
197
197
196
196
196
195
195
194
194
194
193
193
193
192
192
192
191
191
190
190
190
189
189
189
188
188
188
187
187
186
186
186
185
185
185
184
184
184
183
183
183
182
182
181
181
181
180
180
180
179
179
179
178
178
178
177
177
176
176
176
175
175
175
174
174
174
173
173
173
172
172
172
171
171
170
170
170
169
169
169
168
168
168
167
167
167
166
166
166
165
165
165
164
164
164
163
163
163
162
162
162
161
161
161
160
160
160
159
159
159
158
158
158
157
157
157
156
156
156
155
155
155
154
154
154
153
153
153
152
152
152
151
151
151
150
150
150
150
149
149
149
148
148
148
147
147
147
146
146
146
145
145
145
144
144
144
144
143
143
143
142
142
142
141
141
141
140
140
140
140
139
139
139
138
138
138
137
137
137
136
136
136
136
135
135
135
134
134
134
133
133
133
132
132
132
132
131
131
131
130
130
130
129
129
129
128
128
128
128
127
127
127
126
126
126
125
125
125
125
124
124
124
123
123
123
122
122
122
121
121
121
121
120
120
120
119
119
119
118
118
118
117
117
117
117
116
116
116
115
115
115
114
114
114
113
113
113
113
112
112
112
111
111
111
110
110
110
109
109
109
109
108
108
108
107
107
107
106
106
106
105
105
105
104
104
104
104
103
103
103
102
102
102
101
101
101
100
100
100
99
99
99
98
98
98
98
97
97
97
96
96
96
95
95
95
94
94
94
93
93
93
92
92
92
92
91
91
91
90
90
90
89
89
89
88
88
88
87
87
87
86
86
86
85
85
85
84
84
84
84
83
83
83
82
82
82
81
81
81
80
80
80
79
79
79
78
78
78
77
77
77
76
76
76
76
75
75
75
74
74
74
73
73
73
72
72
72
71
71
71
70
70
70
69
69
69
69
68
68
68
67
67
67
66
66
66
65
65
65
64
64
64
63
63
63
62
62
62
62
61
61
61
60
60
60
59
59
59
58
58
58
57
57
57
57
56
56
56
55
55
55
54
54
54
53
53
53
52
52
52
52
51
51
51
50
50
50
49
49
49
48
48
48
48
47
47
47
46
46
46
45
45
45
44
44
44
44
43
43
43
42
42
42
41
41
41
41
40
40
40
39
39
39
38
38
38
38
37
37
37
36
36
36
35
35
35
35
34
34
34
33
33
33
32
32
32
32
31
31
31
30
30
30
29
29
29
29
28
28
28
27
27
27
27
26
26
26
25
25
25
25
24
24
24
23
23
23
22
22
22
22
21
21
21
20
20
20
20
19
19
19
18
18
18
18
17
17
17
16
16
16
16
15
15
15
14
14
14
14
13
13
13
12
12
12
12
11
11
11
10
10
10
10
9
9
9
8
8
8
8
7
7
7
7
6
6
6
5
5
5
5
4
4
4
3
3
3
3
2
2
2
1
1
1
1
0
0
0
0
0
0
0
-1
-1
-1
-2
-2
-2
-2
-3
-3
-3
-4
-4
-4
-4
-5
-5
-5
-6
-6
-6
-6
-7
-7
-7
-8
-8
-8
-8
-9
-9
-9
-9
-10
-10
-10
-11
-11
-11
-12
-12
-12
-12
-13
-13
-13
-14
-14
-14
-14
-15
-15
-15
-16
-16
-16
-16
-17
-17
-17
-18
-18
-18
-18
-19
-19
-19
-20
-20
-20
-20
-21
-21
-21
-22
-22
-22
-22
-23
-23
-23
-24
-24
-24
-24
-25
-25
-25
-26
-26
-26
-27
-27
-27
-27
-28
-28
-28
-29
-29
-29
-29
-30
-30
-30
-31
-31
-31
-31
-32
-32
-32
-33
-33
-33
-33
-34
-34
-34
-35
-35
-35
-35
-36
-36
-36
-37
-37
-37
-37
-38
-38
-38
-39
-39
-39
-39
-40
-40
-40
-41
-41
-41
-41
-42
-42
-42
-43
-43
-43
-43
-44
-44
-44
-45
-45
-45
-45
-46
-46
-46
-46
-47
-47
-47
-48
-48
-48
-48
-49
-49
-49
-50
-50
-50
-50
-51
-51
-51
-51
-52
-52
-52
-53
-53
-53
-53
-54
-54
-54
-54
-55
-55
-55
-56
-56
-56
-56
-57
-57
-57
-57
-58
-58
-58
-58
-59
-59
-59
-60
-60
-60
-60
-61
-61
-61
-61
-62
-62
-62
-62
-63
-63
-63
-63
-64
-64
-64
-65
-65
-65
-65
-66
-66
-66
-66
-67
-67
-67
-67
-68
-68
-68
-68
-69
-69
-69
-69
-70
-70
-70
-70
-71
-71
-71
-71
-72
-72
-72
-72
-73
-73
-73
-73
-74
-74
-74
-74
-75
-75
-75
-75
-76
-76
-76
-76
-77
-77
-77
-77
-78
-78
-78
-78
-79
-79
-79
-79
-79
-80
-80
-80
-80
-81
-81
-81
-81
-82
-82
-82
-82
-83
-83
-83
-83
-84
-84
-84
-84
-84
-85
-85
-85
-85
-86
-86
-86
-86
-87
-87
-87
-87
-88
-88
-88
-88
-88
-89
-89
-89
-89
-90
-90
-90
-90
-91
-91
-91
-91
-92
-92
-92
-92
-92
-93
-93
-93
-93
-94
-94
-94
-94
-95
-95
-95
-95
-95
-96
-96
-96
-96
-97
-97
-97
-97
-98
-98
-98
-98
-98
-99
-99
-99
-99
-100
-100
-100
-100
-101
-101
-101
-101
-101
-102
-102
-102
-102
-103
-103
-103
-103
-104
-104
-104
-104
-104
-105
-105
-105
-105
-106
-106
-106
-106
-107
-107
-107
-107
-107
-108
-108
-108
-108
-109
-109
-109
-109
-110
-110
-110
-110
-110
-111
-111
-111
-111
-112
-112
-112
-112
-113
-113
-113
-113
-113
-114
-114
-114
-114
-115
-115
-115
-115
-116
-116
-116
-116
-117
-117
-117
-117
-117
-118
-118
-118
-118
-119
-119
-119
-119
-120
-120
-120
-120
-120
-121
-121
-121
-121
-122
-122
-122
-122
-123
-123
-123
-123
-123
-124
-124
-124
-124
-125
-125
-125
-125
-126
-126
-126
-126
-126
-127
-127
-127
-127
-128
-128
-128
-128
-128
-129
-129
-129
-129
-130
-130
-130
-130
-131
-131
-131
-131
-131
-132
-132
-132
-132
-133
-133
-133
-133
-133
-134
-134
-134
-134
-135
-135
-135
-135
-136
-136
-136
-136
-136
-137
-137
-137
-137
-138
-138
-138
-138
-138
-139
-139
-139
-139
-140
-140
-140
-140
-140
-141
-141
-141
-141
-142
-142
-142
-142
-142
-143
-143
-143
-143
-143
-144
-144
-144
-144
-145
-145
-145
-145
-145
-146
-146
-146
-146
-147
-147
-147
-147
-147
-148
-148
-148
-148
-148
-149
-149
-149
-149
-150
-150
-150
-150
-150
-151
-151
-151
-151
-151
-152
-152
-152
-152
-153
-153
-153
-153
-153
-154
-154
-154
-154
-154
-155
-155
-155
-155
-156
-156
-156
-156
-156
-157
-157
-157
-157
-157
-158
-158
-158
-158
-158
-159
-159
-159
-159
-160
-160
-160
-160
-160
-161
-161
-161
-161
-161
-162
-162
-162
-162
-162
-163
-163
-163
-163
-164
-164
-164
-164
-164
-165
-165
-165
-165
-165
-166
-166
-166
-166
-166
-167
-167
-167
-167
-167
-168
-168
-168
-168
-169
-169
-169
-169
-169
-170
-170
-170
-170
-170
-171
-171
-171
-171
-171
-172
-172
-172
-172
-172
-173
-173
-173
-173
-174
-174
-174
-174
-174
-175
-175
-175
-175
-175
-176
-176
-176
-176
-176
-177
-177
-177
-177
-177
-178
-178
-178
-178
-179
-179
-179
-179
-179
-180
-180
-180
-180
-180
-181
-181
-181
-181
-181
-182
-182
-182
-182
-183
-183
-183
-183
-183
-184
-184
-184
-184
-184
-185
-185
-185
-185
-185
-186
-186
-186
-186
-187
-187
-187
-187
-187
-188
-188
-188
-188
-188
-189
-189
-189
-189
-190
-190
-190
-190
-190
-191
-191
-191
-191
-191
-192
-192
-192
-192
-193
-193
-193
-193
-193
-194
-194
-194
-194
-194
-195
-195
-195
-195
-196
-196
-196
-196
-196
-197
-197
-197
-197
-197
-198
-198
-198
-198
-199
-199
-199
-199
-199
-200
-200
-200
-200
-201
-201
-201
-201
-201
-202
-202
-202
-202
-202
-203
-203
-203
-203
-204
-204
-204
-204
-204
-205
-205
-205
-205
-206
-206
-206
-206
-206
-207
-207
-207
-207
-207
-208
-208
-208
-208
-209
-209
-209
-209
-209
-210
-210
-210
-210
-211
-211
-211
-211
-211
-212
-212
-212
-212
-212
-213
-213
-213
-213
-214
-214
-214
-214
-214
-215
-215
-215
-215
-215
-216
-216
-216
-216
-217
-217
-217
-217
-217
-218
-218
-218
-218
-218
-219
-219
-219
-219
-220
-220
-220
-220
-220
-221
-221
-221
-221
-221
-222
-222
-222
-222
-223
-223
-223
-223
-223
-224
-224
-224
-224
-224
-225
-225
-225
-225
-225
-226
-226
-226
-226
-226
-227
-227
-227
-227
-227
-228
-228
-228
-228
-229
-229
-229
-229
-229
-230
-230
-230
-230
-230
-231
-231
-231
-231
-231
-232
-232
-232
-232
-232
-233
-233
-233
-233
-233
-234
-234
-234
-234
-234
-234
-235
-235
-235
-235
-235
-236
-236
-236
-236
-236
-237
-237
-237
-237
-237
-238
-238
-238
-238
-238
-239
-239
-239
-239
-239
-240
-240
-240
-240
-240
-241
-241
-241
-241
-241
-241
-242
-242
-242
-242
-242
-243
-243
-243
-243
-243
-244
-244
-244
-244
-244
-245
-245
-245
-245
-245
-245
-246
-246
-246
-246
-246
-247
-247
-247
-247
-247
-248
-248
-248
-248
-248
-249
-249
-249
-249
-249
-249
-250
-250
-250
-250
-250
-251
-251
-251
-251
-251
-252
-252
-252
-252
-252
-252
-253
-253
-253
-253
-253
-254
-254
-254
-254
-254
-255
-255
-255
-255
-255
-255
-256
-256
-256
-256
-256
-257
-257
-257
-257
-257
-257
-258
-258
-258
-258
-258
-259
-259
-259
-259
-259
-260
-260
-260
-260
-260
-260
-261
-261
-261
-261
-261
-262
-262
-262
-262
-262
-262
-263
-263
-263
-263
-263
-264
-264
-264
-264
-264
-264
-265
-265
-265
-265
-265
-266
-266
-266
-266
-266
-266
-267
-267
-267
-267
-267
-268
-268
-268
-268
-268
-268
-269
-269
-269
-269
-269
-270
-270
-270
-270
-270
-270
-271
-271
-271
-271
-271
-271
-272
-272
-272
-272
-272
-273
-273
-273
-273
-273
-273
-274
-274
-274
-274
-274
-274
-275
-275
-275
-275
-275
-275
-276
-276
-276
-276
-276
-277
-277
-277
-277
-277
-277
-278
-278
-278
-278
-278
-278
-279
-279
-279
-279
-279
-279
-280
-280
-280
-280
-280
-280
-281
-281
-281
-281
-281
-281
-282
-282
-282
-282
-282
-282
-283
-283
-283
-283
-283
-283
-284
-284
-284
-284
-284
-284
-285
-285
-285
-285
-285
-285
-286
-286
-286
-286
-286
-286
-287
-287
-287
-287
-287
-287
-288
-288
-288
-288
-288
-288
-289
-289
-289
-289
-289
-289
-290
-290
-290
-290
-290
-290
-291
-291
-291
-291
-291
-291
-291
-292
-292
-292
-292
-292
-292
-293
-293
-293
-293
-293
-293
-293
-294
-294
-294
-294
-294
-294
-295
-295
-295
-295
-295
-295
-295
-296
-296
-296
-296
-296
-296
-297
-297
-297
-297
-297
-297
-297
-298
-298
-298
-298
-298
-298
-298
-299
-299
-299
-299
-299
-299
-299
-300
-300
-300
-300
-300
-300
-300
-301
-301
-301
-301
-301
-301
-301
-302
-302
-302
-302
-302
-302
-302
-303
-303
-303
-303
-303
-303
-303
-303
-304
-304
-304
-304
-304
-304
-304
-305
-305
-305
-305
-305
-305
-305
-305
-306
-306
-306
-306
-306
-306
-306
-307
-307
-307
-307
-307
-307
-307
-307
-308
-308
-308
-308
-308
-308
-308
-308
-309
-309
-309
-309
-309
-309
-309
-309
-310
-310
-310
-310
-310
-310
-310
-310
-311
-311
-311
-311
-311
-311
-311
-311
-312
-312
-312
-312
-312
-312
-312
-312
-313
-313
-313
-313
-313
-313
-313
-313
-314
-314
-314
-314
-314
-314
-314
-314
-315
-315
-315
-315
-315
-315
-315
-315
-316
-316
-316
-316
-316
-316
-316
-316
-317
-317
-317
-317
-317
-317
-317
-317
-318
-318
-318
-318
-318
-318
-318
-318
-319
-319
-319
-319
-319
-319
-319
-319
-320
-320
-320
-320
-320
-320
-320
-320
-320
-321
-321
-321
-321
-321
-321
-321
-321
-322
-322
-322
-322
-322
-322
-322
-322
-323
-323
-323
-323
-323
-323
-323
-323
-324
-324
-324
-324
-324
-324
-324
-324
-325
-325
-325
-325
-325
-325
-325
-325
-326
-326
-326
-326
-326
-326
-326
-326
-327
-327
-327
-327
-327
-327
-327
-327
-328
-328
-328
-328
-328
-328
-328
-328
-329
-329
-329
-329
-329
-329
-329
-329
-330
-330
-330
-330
-330
-330
-330
-330
-330
-331
-331
-331
-331
-331
-331
-331
-331
-332
-332
-332
-332
-332
-332
-332
-332
-333
-333
-333
-333
-333
-333
-333
-333
-334
-334
-334
-334
-334
-334
-334
-334
-335
-335
-335
-335
-335
-335
-335
-335
-336
-336
-336
-336
-336
-336
-336
-336
-336
-337
-337
-337
-337
-337
-337
-337
-337
-338
-338
-338
-338
-338
-338
-338
-338
-339
-339
-339
-339
-339
-339
-339
-339
-339
-340
-340
-340
-340
-340
-340
-340
-340
-341
-341
-341
-341
-341
-341
-341
-341
-342
-342
-342
-342
-342
-342
-342
-342
-342
-343
-343
-343
-343
-343
-343
-343
-343
-344
-344
-344
-344
-344
-344
-344
-344
-344
-345
-345
-345
-345
-345
-345
-345
-345
-346
-346
-346
-346
-346
-346
-346
-346
-346
-347
-347
-347
-347
-347
-347
-347
-347
-347
-348
-348
-348
-348
-348
-348
-348
-348
-349
-349
-349
-349
-349
-349
-349
-349
-349
-350
-350
-350
-350
-350
-350
-350
-350
-351
-351
-351
-351
-351
-351
-351
-351
-351
-352
-352
-352
-352
-352
-352
-352
-352
-352
-353
-353
-353
-353
-353
-353
-353
-353
-354
-354
-354
-354
-354
-354
-354
-354
-354
-355
-355
-355
-355
-355
-355
-355
-355
-355
-356
-356
-356
-356
-356
-356
-356
-356
-356
-357
-357
-357
-357
-357
-357
-357
-357
-358
-358
-358
-358
-358
-358
-358
-358
-358
-359
-359
-359
-359
-359
-359
-359
-359
-359
-360
-360
-360
-360
-360
-360
-360
-360
-361
-361
-361
-361
-361
-361
-361
-361
-361
-362
-362
-362
-362
-362
-362
-362
-362
-363
-363
-363
-363
-363
-363
-363
-363
-363
-364
-364
-364
-364
-364
-364
-364
-364
-365
-365
-365
-365
-365
-365
-365
-365
-365
-366
-366
-366
-366
-366
-366
-366
-366
-367
-367
-367
-367
-367
-367
-367
-367
-368
-368
-368
-368
-368
-368
-368
-368
-368
-369
-369
-369
-369
-369
-369
-369
-369
-370
-370
-370
-370
-370
-370
-370
-370
-371
-371
-371
-371
-371
-371
-371
-371
-371
-372
-372
-372
-372
-372
-372
-372
-372
-373
-373
-373
-373
-373
-373
-373
-373
-374
-374
-374
-374
-374
-374
-374
-374
-374
-375
-375
-375
-375
-375
-375
-375
-375
-376
-376
-376
-376
-376
-376
-376
-376
-377
-377
-377
-377
-377
-377
-377
-377
-378
-378
-378
-378
-378
-378
-378
-378
-378
-379
-379
-379
-379
-379
-379
-379
-379
-380
-380
-380
-380
-380
-380
-380
-380
-381
-381
-381
-381
-381
-381
-381
-381
-382
-382
-382
-382
-382
-382
-382
-382
-382
-383
-383
-383
-383
-383
-383
-383
-383
-384
-384
-384
-384
-384
-384
-384
-384
-385
-385
-385
-385
-385
-385
-385
-385
-385
-386
-386
-386
-386
-386
-386
-386
-386
-387
-387
-387
-387
-387
-387
-387
-387
-388
-388
-388
-388
-388
-388
-388
-388
-388
-389
-389
-389
-389
-389
-389
-389
-389
-390
-390
-390
-390
-390
-390
-390
-390
-391
-391
-391
-391
-391
-391
-391
-391
-391
-392
-392
-392
-392
-392
-392
-392
-392
-393
-393
-393
-393
-393
-393
-393
-393
-394
-394
-394
-394
-394
-394
-394
-394
-394
-395
-395
-395
-395
-395
-395
-395
-395
-396
-396
-396
-396
-396
-396
-396
-396
-396
-397
-397
-397
-397
-397
-397
-397
-397
-398
-398
-398
-398
-398
-398
-398
-398
-398
-399
-399
-399
-399
-399
-399
-399
-399
-400
-400
-400
-400
-400
-400
-400
-400
-400
-401
-401
-401
-401
-401
-401
-401
-401
-402
-402
-402
-402
-402
-402
-402
-402
-402
-403
-403
-403
-403
-403
-403
-403
-403
-403
-404
-404
-404
-404
-404
-404
-404
-404
-405
-405
-405
-405
-405
-405
-405
-405
-405
-406
-406
-406
-406
-406
-406
-406
-406
-406
-407
-407
-407
-407
-407
-407
-407
-407
-407
-408
-408
-408
-408
-408
-408
-408
-408
-409
-409
-409
-409
-409
-409
-409
-409
-409
-410
-410
-410
-410
-410
-410
-410
-410
-410
-411
-411
-411
-411
-411
-411
-411
-411
-412
-412
-412
-412
-412
-412
-412
-412
-412
-413
-413
-413
-413
-413
-413
-413
-413
-413
-414
-414
-414
-414
-414
-414
-414
-414
-415
-415
-415
-415
-415
-415
-415
-415
-415
-416
-416
-416
-416
-416
-416
-416
-416
-416
-417
-417
-417
-417
-417
-417
-417
-417
-417
-418
-418
-418
-418
-418
-418
-418
-418
-419
-419
-419
-419
-419
-419
-419
-419
-419
-420
-420
-420
-420
-420
-420
-420
-420
-420
-421
-421
-421
-421
-421
-421
-421
-421
-421
-422
-422
-422
-422
-422
-422
-422
-422
-422
-423
-423
-423
-423
-423
-423
-423
-423
-423
-424
-424
-424
-424
-424
-424
-424
-424
-424
-424
-425
-425
-425
-425
-425
-425
-425
-425
-425
-426
-426
-426
-426
-426
-426
-426
-426
-426
-427
-427
-427
-427
-427
-427
-427
-427
-427
-427
-428
-428
-428
-428
-428
-428
-428
-428
-428
-429
-429
-429
-429
-429
-429
-429
-429
-429
-429
-430
-430
-430
-430
-430
-430
-430
-430
-430
-430
-431
-431
-431
-431
-431
-431
-431
-431
-431
-431
-432
-432
-432
-432
-432
-432
-432
-432
-432
-432
-433
-433
-433
-433
-433
-433
-433
-433
-433
-433
-434
-434
-434
-434
-434
-434
-434
-434
-434
-434
-435
-435
-435
-435
-435
-435
-435
-435
-435
-435
-436
-436
-436
-436
-436
-436
-436
-436
-436
-436
-437
-437
-437
-437
-437
-437
-437
-437
-437
-437
-438
-438
-438
-438
-438
-438
-438
-438
-438
-438
-439
-439
-439
-439
-439
-439
-439
-439
-439
-439
-440
-440
-440
-440
-440
-440
-440
-440
-440
-440
-441
-441
-441
-441
-441
-441
-441
-441
-441
-442
-442
-442
-442
-442
-442
-442
-442
-442
-442
-443
-443
-443
-443
-443
-443
-443
-443
-443
-443
-444
-444
-444
-444
-444
-444
-444
-444
-444
-445
-445
-445
-445
-445
-445
-445
-445
-445
-445
-446
-446
-446
-446
-446
-446
-446
-446
-446
-446
-447
-447
-447
-447
-447
-447
-447
-447
-447
-448
-448
-448
-448
-448
-448
-448
-448
-448
-449
-449
-449
-449
-449
-449
-449
-449
-449
-449
-450
-450
-450
-450
-450
-450
-450
-450
-450
-451
-451
-451
-451
-451
-451
-451
-451
-451
-451
-452
-452
-452
-452
-452
-452
-452
-452
-452
-453
-453
-453
-453
-453
-453
-453
-453
-453
-454
-454
-454
-454
-454
-454
-454
-454
-454
-454
-455
-455
-455
-455
-455
-455
-455
-455
-455
-456
-456
-456
-456
-456
-456
-456
-456
-456
-457
-457
-457
-457
-457
-457
-457
-457
-457
-457
-458
-458
-458
-458
-458
-458
-458
-458
-458
-459
-459
-459
-459
-459
-459
-459
-459
-459
-459
-460
-460
-460
-460
-460
-460
-460
-460
-460
-460
-461
-461
-461
-461
-461
-461
-461
-461
-461
-461
-462
-462
-462
-462
-462
-462
-462
-462
-462
-462
-463
-463
-463
-463
-463
-463
-463
-463
-463
-463
-464
-464
-464
-464
-464
-464
-464
-464
-464
-464
-465
-465
-465
-465
-465
-465
-465
-465
-465
-465
-466
-466
-466
-466
-466
-466
-466
-466
-466
-466
-466
-467
-467
-467
-467
-467
-467
-467
-467
-467
-467
-467
-468
-468
-468
-468
-468
-468
-468
-468
-468
-468
-468
-469
-469
-469
-469
-469
-469
-469
-469
-469
-469
-469
-470
-470
-470
-470
-470
-470
-470
-470
-470
-470
-470
-471
-471
-471
-471
-471
-471
-471
-471
-471
-471
-471
-472
-472
-472
-472
-472
-472
-472
-472
-472
-472
-472
-472
-473
-473
-473
-473
-473
-473
-473
-473
-473
-473
-473
-474
-474
-474
-474
-474
-474
-474
-474
-474
-474
-474
-474
-475
-475
-475
-475
-475
-475
-475
-475
-475
-475
-475
-476
-476
-476
-476
-476
-476
-476
-476
-476
-476
-476
-476
-477
-477
-477
-477
-477
-477
-477
-477
-477
-477
-477
-477
-478
-478
-478
-478
-478
-478
-478
-478
-478
-478
-478
-479
-479
-479
-479
-479
-479
-479
-479
-479
-479
-479
-480
-480
-480
-480
-480
-480
-480
-480
-480
-480
-480
-480
-481
-481
-481
-481
-481
-481
-481
-481
-481
-481
-481
-482
-482
-482
-482
-482
-482
-482
-482
-482
-482
-482
-482
-483
-483
-483
-483
-483
-483
-483
-483
-483
-483
-483
-484
-484
-484
-484
-484
-484
-484
-484
-484
-484
-484
-484
-485
-485
-485
-485
-485
-485
-485
-485
-485
-485
-485
-485
-486
-486
-486
-486
-486
-486
-486
-486
-486
-486
-486
-486
-487
-487
-487
-487
-487
-487
-487
-487
-487
-487
-487
-487
-488
-488
-488
-488
-488
-488
-488
-488
-488
-488
-488
-488
-489
-489
-489
-489
-489
-489
-489
-489
-489
-489
-489
-489
-490
-490
-490
-490
-490
-490
-490
-490
-490
-490
-490
-490
-490
-491
-491
-491
-491
-491
-491
-491
-491
-491
-491
-491
-491
-491
-492
-492
-492
-492
-492
-492
-492
-492
-492
-492
-492
-492
-492
-493
-493
-493
-493
-493
-493
-493
-493
-493
-493
-493
-493
-493
-493
-494
-494
-494
-494
-494
-494
-494
-494
-494
-494
-494
-494
-494
-494
-495
-495
-495
-495
-495
-495
-495
-495
-495
-495
-495
-495
-495
-495
-495
-496
-496
-496
-496
-496
-496
-496
-496
-496
-496
-496
-496
-496
-496
-496
-497
-497
-497
-497
-497
-497
-497
-497
-497
-497
-497
-497
-497
-497
-497
-497
-498
-498
-498
-498
-498
-498
-498
-498
-498
-498
-498
-498
-498
-498
-498
-498
-498
-499
-499
-499
-499
-499
-499
-499
-499
-499
-499
-499
-499
-499
-499
-499
-499
-499
-500
-500
-500
-500
-500
-500
-500
-500
-500
-500
-500
-500
-500
-500
-500
-500
-500
-500
-500
-501
-501
-501
-501
-501
-501
-501
-501
-501
-501
-501
-501
-501
-501
-501
-501
-501
-501
-501
-502
-502
-502
-502
-502
-502
-502
-502
-502
-502
-502
-502
-502
-502
-502
-502
-502
-502
-502
-503
-503
-503
-503
-503
-503
-503
-503
-503
-503
-503
-503
-503
-503
-503
-503
-503
-503
-503
-503
-504
-504
-504
-504
-504
-504
-504
-504
-504
-504
-504
-504
-504
-504
-504
-504
-504
-504
-504
-504
-505
-505
-505
-505
-505
-505
-505
-505
-505
-505
-505
-505
-505
-505
-505
-505
-505
-505
-505
-506
-506
-506
-506
-506
-506
-506
-506
-506
-506
-506
-506
-506
-506
-506
-506
-506
-506
-506
-507
-507
-507
-507
-507
-507
-507
-507
-507
-507
-507
-507
-507
-507
-507
-507
-507
-507
-507
-508
-508
-508
-508
-508
-508
-508
-508
-508
-508
-508
-508
-508
-508
-508
-508
-508
-508
-509
-509
-509
-509
-509
-509
-509
-509
-509
-509
-509
-509
-509
-509
-509
-509
-509
-509
-509
-510
-510
-510
-510
-510
-510
-510
-510
-510
-510
-510
-510
-510
-510
-510
-510
-510
-510
-511
-511
-511
-511
-511
-511
-511
-511
-511
-511
-511
-511
-511
-511
-511
-511
-511
-511
-512
-512
-512
-512
-512
-512
-512
-512
-512
-512
-512
-512
-512
-512
-512
-512
-512
-512
-512
-513
-513
-513
-513
-513
-513
-513
-513
-513
-513
-513
-513
-513
-513
-513
-513
-513
-513
-513
-514
-514
-514
-514
-514
-514
-514
-514
-514
-514
-514
-514
-514
-514
-514
-514
-514
-514
-514
-515
-515
-515
-515
-515
-515
-515
-515
-515
-515
-515
-515
-515
-515
-515
-515
-515
-515
-515
-516
-516
-516
-516
-516
-516
-516
-516
-516
-516
-516
-516
-516
-516
-516
-516
-516
-516
-516
-517
-517
-517
-517
-517
-517
-517
-517
-517
-517
-517
-517
-517
-517
-517
-517
-517
-517
-517
-517
-518
-518
-518
-518
-518
-518
-518
-518
-518
-518
-518
-518
-518
-518
-518
-518
-518
-518
-518
-519
-519
-519
-519
-519
-519
-519
-519
-519
-519
-519
-519
-519
-519
-519
-519
-519
-519
-519
-519
-520
-520
-520
-520
-520
-520
-520
-520
-520
-520
-520
-520
-520
-520
-520
-520
-520
-520
-520
-520
-521
-521
-521
-521
-521
-521
-521
-521
-521
-521
-521
-521
-521
-521
-521
-521
-521
-521
-522
-522
-522
-522
-522
-522
-522
-522
-522
-522
-522
-522
-522
-522
-522
-522
-522
-522
-522
-523
-523
-523
-523
-523
-523
-523
-523
-523
-523
-523
-523
-523
-523
-523
-523
-523
-523
-524
-524
-524
-524
-524
-524
-524
-524
-524
-524
-524
-524
-524
-524
-524
-524
-524
-525
-525
-525
-525
-525
-525
-525
-525
-525
-525
-525
-525
-525
-525
-525
-525
-525
-526
-526
-526
-526
-526
-526
-526
-526
-526
-526
-526
-526
-526
-526
-526
-526
-527
-527
-527
-527
-527
-527
-527
-527
-527
-527
-527
-527
-527
-527
-527
-527
-528
-528
-528
-528
-528
-528
-528
-528
-528
-528
-528
-528
-528
-528
-528
-528
-529
-529
-529
-529
-529
-529
-529
-529
-529
-529
-529
-529
-529
-529
-529
-530
-530
-530
-530
-530
-530
-530
-530
-530
-530
-530
-530
-530
-530
-530
-530
-531
-531
-531
-531
-531
-531
-531
-531
-531
-531
-531
-531
-531
-531
-531
-532
-532
-532
-532
-532
-532
-532
-532
-532
-532
-532
-532
-532
-532
-532
-532
-533
-533
-533
-533
-533
-533
-533
-533
-533
-533
-533
-533
-533
-533
-533
-534
-534
-534
-534
-534
-534
-534
-534
-534
-534
-534
-534
-534
-534
-534
-534
-535
-535
-535
-535
-535
-535
-535
-535
-535
-535
-535
-535
-535
-535
-535
-535
-535
-536
-536
-536
-536
-536
-536
-536
-536
-536
-536
-536
-536
-536
-536
-536
-536
-536
-537
-537
-537
-537
-537
-537
-537
-537
-537
-537
-537
-537
-537
-537
-537
-537
-537
-538
-538
-538
-538
-538
-538
-538
-538
-538
-538
-538
-538
-538
-538
-538
-538
-538
-538
-539
-539
-539
-539
-539
-539
-539
-539
-539
-539
-539
-539
-539
-539
-539
-539
-539
-539
-539
-540
-540
-540
-540
-540
-540
-540
-540
-540
-540
-540
-540
-540
-540
-540
-540
-540
-540
-540
-541
-541
-541
-541
-541
-541
-541
-541
-541
-541
-541
-541
-541
-541
-541
-541
-541
-541
-541
-542
-542
-542
-542
-542
-542
-542
-542
-542
-542
-542
-542
-542
-542
-542
-542
-542
-542
-542
-542
-543
-543
-543
-543
-543
-543
-543
-543
-543
-543
-543
-543
-543
-543
-543
-543
-543
-543
-543
-543
-543
-544
-544
-544
-544
-544
-544
-544
-544
-544
-544
-544
-544
-544
-544
-544
-544
-544
-544
-544
-544
-544
-545
-545
-545
-545
-545
-545
-545
-545
-545
-545
-545
-545
-545
-545
-545
-545
-545
-545
-545
-545
-545
-545
-546
-546
-546
-546
-546
-546
-546
-546
-546
-546
-546
-546
-546
-546
-546
-546
-546
-546
-546
-546
-546
-546
-546
-547
-547
-547
-547
-547
-547
-547
-547
-547
-547
-547
-547
-547
-547
-547
-547
-547
-547
-547
-547
-547
-547
-547
-547
-548
-548
-548
-548
-548
-548
-548
-548
-548
-548
-548
-548
-548
-548
-548
-548
-548
-548
-548
-548
-548
-548
-548
-548
-548
-548
-549
-549
-549
-549
-549
-549
-549
-549
-549
-549
-549
-549
-549
-549
-549
-549
-549
-549
-549
-549
-549
-549
-549
-549
-549
-549
-549
-550
-550
-550
-550
-550
-550
-550
-550
-550
-550
-550
-550
-550
-550
-550
-550
-550
-550
-550
-550
-550
-550
-550
-550
-550
-550
-550
-550
-550
-551
-551
-551
-551
-551
-551
-551
-551
-551
-551
-551
-551
-551
-551
-551
-551
-551
-551
-551
-551
-551
-551
-551
-551
-551
-551
-551
-551
-551
-551
-551
-551
-551
-552
-552
-552
-552
-552
-552
-552
-552
-552
-552
-552
-552
-552
-552
-552
-552
-552
-552
-552
-552
-552
-552
-552
-552
-552
-552
-552
-552
-552
-552
-552
-552
-552
-552
-552
-552
-552
-552
-552
-552
-552
-552
-553
-553
-553
-553
-553
-553
-553
-553
-553
-553
-553
