P_X:
0
0
0
0
0
0
0
0
0
0
0
0
0
0
0
0
0
0
0
0
0
0
0
0
0
0
0
0
0
0
0
0
0
0
0
0
0
0
0
0
0
0
0
0
0
0
0
0
0
0
0
0
0
0
0
0
0
0
0
0
0
0
0
0
0
0
0
0
0
0
0
0
0
0
0
0
0
0
0
0
0
0
0
0
0
0
0
0
0
0
0
0
0
0
0
0
0
0
0
0
0
0
0
0
0
0
0
0
0
0
0
0
0
0
0
0
0
0
0
0
0
0
0
0
0
0
0
0
0
0
0
0
0
0
0
0
0
0
0
0
0
0
0
0
0
0
0
0
0
0
0
0
0
0
0
0
0
0
0
0
0
0
0
0
0
0
0
0
0
0
0
0
0
0
0
0
0
0
0
0
0
0
0
0
0
0
0
0
0
0
0
0
0
0
0
0
0
0
0
0
0
0
0
0
0
0
0
0
0
0
0
0
0
0
0
0
0
747
747
747
747
747
747
747
747
747
747
747
747
747
747
747
747
747
747
747
747
747
747
747
747
747
747
747
747
747
747
747
747
747
747
747
747
747
747
747
747
747
747
747
747
747
747
747
747
747
747
747
747
747
747
747
747
747
747
747
747
747
747
747
747
747
747
747
747
747
747
747
747
747
747
747
747
747
747
747
747
747
747
747
0
0
0
0
0
0
0
0
0
0
0
0
0
0
0
0
0
0
0
0
0
0
0
0
0
0
0
0
0
0
0
0
0
0
0
0
0
0
0
0
0
0
0
0
0
0
0
0
0
0
0
0
0
0
0
0
0
0
0
0
0
0
0
0
0
0
0
0
0
0
0
0
0
0
0
0
0
0
0
0
0
0
0
0
0
0
0
0
0
0
0
0
0
0
0
0
0
0
0
0
0
0
0
0
0
0
0
0
0
0
0
747
747
747
747
747
747
747
747
747
747
747
747
747
747
747
747
747
747
747
747
747
747
747
747
747
747
747
747
747
747
747
747
747
747
747
747
747
747
747
747
747
747
747
0
0
0
0
0
0
0
0
0
0
0
0
0
0
0
0
0
0
0
0
0
0
0
0
0
0
0
0
0
0
0
0
0
0
0
0
0
0
0
0
0
0
0
0
0
0
0
0
0
0
0
0
0
0
0
0
0
0
0
0
0
0
0
0
0
0
0
0
0
0
0
0
0
0
0
0
0
0
0
0
0
0
0
0
0
0
0
0
0
0
0
0
0
0
0
0
0
747
747
747
747
747
747
747
747
747
747
747
747
747
747
747
747
747
747
747
747
747
747
747
747
747
747
747
747
747
747
747
747
747
747
747
747
747
747
747
747
747
747
747
747
747
747
747
747
747
747
747
747
747
747
747
747
747
747
747
747
747
747
747
747
747
747
747
747
747
747
747
747
747
747
747
747
747
747
747
747
747
747
747
747
747
747
747
747
747
747
747
747
747
747
747
747
747
747
747
747
747
747
747
747
747
747
747
747
747
747
747
747
747
747
747
747
747
747
747
747
747
747
747
747
747
747
747
747
747
747
747
747
747
747
747
747
747
747
747
747
747
747
747
747
747
747
747
747
747
747
747
747
747
747
747
747
747
747
747
747
747
747
747
747
747
747
747
747
747
747
747
747
747
747
747
747
747
747
747
747
747
747
747
747
747
747
747
747
747
747
747
747
747
747
747
747
747
747
747
747
747
747
747
747
747
747
747
747
747
747
747
747
747
747
747
747
747
747
747
747
747
747
747
747
747
747
747
747
747
747
747
747
747
747
747
747
747
747
747
747
747
747
747
747
747
747
747
747
747
747
747
747
747
747
747
747
747
747
747
747
747
747
747
747
747
747
747
747
747
747
747
747
747
747
747
747
747
747
747
747
747
747
747
747
747
747
747
747
747
747
1000
1000
1000
1000
1000
1000
1000
1000
1000
1000
1000
1000
1000
1000
1000
1000
1000
1000
1000
1000
1000
1000
1000
1000
1000
1000
1000
0
0
0
0
0
0
0
PROXIMITY:
0
57
57
61
61
62
62
65
65
67
67
69
69
68
68
68
68
69
69
64
64
58
58
51
51
42
42
32
32
21
21
0
0
0
0
0
0
0
0
0
0
0
0
0
0
0
0
7
7
0
0
0
0
0
0
0
0
0
0
0
0
0
0
0
0
0
0
0
0
0
0
0
0
0
0
0
0
0
0
0
0
0
0
0
0
0
0
0
0
0
0
0
0
0
0
0
0
0
0
0
0
0
0
0
0
0
0
0
0
0
0
0
0
0
0
0
0
0
0
0
0
0
0
0
0
0
0
0
0
0
0
0
0
0
0
0
0
0
0
0
0
0
0
0
0
0
0
0
0
0
0
0
0
0
0
0
0
0
0
0
0
0
0
0
0
0
0
0
0
0
0
0
0
0
0
0
0
0
0
0
0
0
0
0
0
0
0
0
0
0
0
0
0
0
0
0
0
0
0
0
0
0
0
0
0
0
0
0
0
0
0
0
0
0
0
0
0
127
127
127
127
127
127
127
127
127
127
127
127
127
127
127
127
127
127
127
127
127
127
127
127
127
127
127
127
127
127
127
127
127
127
127
127
127
127
127
127
127
127
127
127
127
127
127
127
127
127
127
127
127
127
127
127
127
127
127
127
127
127
127
127
127
127
0
0
0
0
0
0
0
0
0
0
0
0
0
0
0
0
0
0
0
0
0
0
0
0
0
0
0
0
0
0
0
0
0
0
0
0
0
0
12
12
22
22
27
27
26
26
31
31
31
31
32
32
32
32
31
31
27
27
18
18
8
8
0
0
0
0
0
0
0
0
0
0
0
0
0
0
0
0
0
0
0
0
0
0
0
0
0
0
0
0
0
0
0
0
0
0
0
0
2
2
0
0
0
0
0
0
0
0
0
0
0
0
0
0
0
0
0
0
0
0
0
0
0
0
0
0
0
0
127
127
127
127
127
127
127
127
127
127
127
127
127
127
127
127
127
127
127
127
127
127
127
127
127
127
0
0
0
0
0
0
0
0
0
0
0
0
0
0
0
0
0
0
0
0
0
0
0
0
0
0
0
0
0
0
0
0
0
0
0
0
0
0
0
0
0
0
0
0
0
0
0
0
0
0
0
0
0
0
0
0
0
0
0
0
0
0
0
0
0
0
0
0
0
0
0
0
0
0
0
0
10
10
26
26
29
29
30
30
30
30
30
30
27
27
25
25
24
24
22
22
23
23
24
24
22
22
23
23
20
20
24
24
17
17
0
0
0
0
127
127
127
127
127
127
127
127
127
127
127
127
127
127
127
127
127
127
127
127
127
127
127
127
127
127
127
127
127
127
127
127
127
127
127
127
127
127
127
127
127
127
127
127
127
127
127
127
127
127
127
127
127
127
127
127
127
127
127
127
127
127
127
127
127
127
127
127
127
127
127
127
127
127
127
127
127
127
127
127
127
127
127
127
127
127
127
127
127
127
127
127
127
127
127
127
127
127
127
127
127
127
127
127
127
127
127
127
127
127
127
127
127
127
127
127
127
127
127
127
127
127
127
127
127
127
127
127
127
127
127
127
127
127
127
127
127
127
127
127
127
127
127
127
127
127
127
127
127
127
127
127
127
127
127
127
127
127
127
127
127
127
127
127
127
127
127
127
127
127
127
127
127
127
127
127
127
127
127
127
127
127
127
127
127
127
127
127
127
127
127
127
127
127
127
127
127
127
127
127
127
127
127
127
127
127
127
127
127
127
127
127
127
127
127
127
127
127
127
127
127
127
127
127
127
127
127
127
127
127
127
127
127
127
127
127
127
127
127
127
127
127
127
127
127
127
127
127
127
127
127
127
127
127
127
127
127
127
127
127
127
127
127
127
127
127
127
127
127
127
127
127
127
127
127
127
127
127
127
127
127
127
127
127
127
127
127
127
127
127
255
255
255
255
255
255
255
255
255
255
127
127
127
127
127
127
127
127
127
127
127
127
127
127
127
127
0
0
0
0
0
0
6
6
