MIC:
-72
-72
-72
-72
-72
-72
-72
-73
-73
-73
-73
-73
-73
-73
-73
-73
-73
-73
-73
-73
-73
-73
-73
-73
-73
-73
-73
-73
-73
-73
-73
-73
-73
-74
-74
-74
-74
-74
-74
-74
-74
-74
-74
-74
-74
-74
-74
-74
-74
-74
-74
-74
-74
-74
-74
-74
-74
-74
-74
-75
-75
-75
-75
-75
-75
-75
-75
-75
-75
-75
-75
-75
-75
-75
-75
-75
-75
-75
-75
-75
-75
-75
-75
-75
-76
-76
-76
-76
-76
-76
-76
-76
-76
-76
-76
-76
-76
-76
-76
-76
-76
-76
-76
-76
-76
-76
-76
-76
-76
-76
-77
-77
-77
-77
-77
-77
-77
-77
-77
-77
-77
-77
-77
-77
-77
-77
-77
-77
-77
-77
-77
-77
-77
-77
-77
-77
-77
-77
-78
-78
-78
-78
-78
-78
-78
-78
-78
-78
-78
-78
-78
-78
-78
-78
-78
-78
-78
-78
-78
-78
-78
-78
-78
-78
-78
-78
-78
-78
-79
-79
-79
-79
-79
-79
-79
-79
-79
-79
-79
-79
-79
-79
-79
-79
-79
-79
-79
-79
-79
-79
-79
-79
-79
-79
-79
-79
-79
-79
-79
-79
-79
-79
-80
-80
-80
-80
-80
-80
-80
-80
-80
-80
-80
-80
-80
-80
-80
-80
-80
-80
-80
-80
-80
-80
-80
-80
-80
-80
-80
-80
-80
-80
-80
-80
-80
-80
-80
-80
-80
-80
-80
-81
-81
-81
-81
-81
-81
-81
-81
-81
-81
-81
-81
-81
-81
-81
-81
-81
-81
-81
-81
-81
-81
-81
-81
-81
-81
-81
-81
-81
-81
-81
-81
-81
-81
-81
-81
-81
-81
-81
-81
-81
-81
-81
-81
-81
-81
-81
-81
-81
-81
-81
-82
-82
-82
-82
-82
-82
-82
-82
-82
-82
-82
-82
-82
-82
-82
-82
-82
-82
-82
-82
-82
-82
-82
-82
-82
-82
-82
-82
-82
-82
-82
-82
-82
-82
-82
-82
-82
-82
-82
-82
-82
-82
-82
-82
-82
-82
-82
-82
-82
-82
-82
-82
-82
-82
-82
-82
-82
-83
-83
-83
-83
-83
-83
-83
-83
-83
-83
-83
-83
-83
-83
-83
-83
-83
-83
-83
-83
-83
-83
-83
-83
-83
-83
-83
-83
-83
-83
-83
-83
-83
-83
-83
-83
-83
-83
-83
-83
-83
-83
-83
-83
-83
-83
-83
-83
-83
-83
-83
-83
-83
-83
-83
-83
-83
-83
-83
-83
-83
-83
-83
-84
-84
-84
-84
-84
-84
-84
-84
-84
-84
-84
-84
-84
-84
-84
-84
-84
-84
-84
-84
-84
-84
-84
-84
-84
-84
-84
-84
-84
-84
-84
-84
-84
-84
-84
-84
-84
-84
-84
-84
-84
-84
-84
-84
-84
-84
-84
-84
-84
-84
-84
-84
-84
-84
-84
-84
-84
-84
-84
-84
-84
-84
-84
-84
-84
-84
-84
-84
-84
-84
-84
-84
-84
-84
-84
-84
-84
-84
-84
-85
-85
-85
-85
-85
-85
-85
-85
-85
-85
-85
-85
-85
-85
-85
-85
-85
-85
-85
-85
-85
-85
-85
-85
-85
-85
-85
-85
-85
-85
-85
-85
-85
-85
-85
-85
-85
-85
-85
-85
-85
-85
-85
-85
-85
-85
-85
-85
-85
-85
-85
-85
-85
-85
-85
-85
-85
-85
-85
-85
-85
-85
-85
-85
-85
-85
-85
-85
-85
-85
-85
-85
-85
-85
-85
-85
-85
-85
-85
-85
-85
-85
-85
-85
-85
-85
-85
-85
-85
-85
-85
-85
-85
-85
-85
-85
-85
-85
-85
-85
-85
-85
-85
-85
-85
-85
-85
-85
-85
-85
-85
-85
-85
-85
-85
-85
-85
-85
-85
-85
-85
-85
-85
-85
-85
-85
-85
-85
-85
-85
-85
-85
-85
-85
-85
-85
-85
-85
-85
-85
-85
-85
-85
-85
-85
-85
-85
-85
-85
-85
-85
-85
-85
-85
-85
-85
-85
-85
-85
-85
-85
-85
-85
-85
-85
-85
-85
-85
-85
-85
-85
-85
-85
-85
-85
-85
-85
-85
-85
-85
-85
-85
-85
-85
-85
-85
-85
-85
-85
-85
-85
-85
-85
-85
-85
-85
-85
-85
-85
-85
-86
-86
-86
-86
-86
-86
-86
-86
-86
-86
-86
-86
-86
-86
-86
-86
-86
-86
-86
-86
-86
-86
-86
-86
-86
-86
-86
-86
-86
-86
-86
-86
-86
-86
-86
-86
-86
-86
-86
-86
-86
-86
-86
-86
-86
-86
-86
-86
-86
-86
-86
-86
-86
-86
-86
-86
-86
-86
-86
-86
-86
-86
-86
-86
-86
-86
-86
-86
-86
-86
-86
-86
-86
-86
-86
-86
-86
-86
-86
-86
-86
-86
-86
-86
-86
-86
-86
-86
-86
-86
-86
-86
-86
-86
-86
-86
-86
-86
-86
-86
-86
-86
-86
-86
-86
-86
-86
-86
-86
-86
-86
-86
-86
-86
-86
-86
-86
-86
-86
-86
-86
-86
-86
-86
-86
-86
-86
-86
-86
-86
-86
-86
-86
-86
-86
-86
-86
-86
-86
-86
-86
-86
-86
-86
-86
-86
-86
-86
-86
-86
-86
-86
-86
-86
-86
-86
-86
-86
-86
-86
-86
-86
-86
-86
-86
-86
-86
-86
-86
-86
-86
-86
-86
-86
-86
-86
-86
-86
-86
-86
-86
-86
-86
-86
-86
-86
-86
-86
-86
-86
-86
-86
-86
-86
-86
-86
-86
-86
-86
-86
-86
-86
-86
-86
-86
-86
-86
-86
-86
-86
-86
-86
-86
-86
-86
-86
-86
-86
-86
-86
-86
-86
-86
-86
-86
-86
-86
-86
-86
-86
-86
-86
-86
-86
-86
-86
-86
-86
-86
-86
-86
-86
-86
-86
-86
-86
-86
-86
-86
-86
-86
-86
-86
-86
-86
-86
-86
-86
-86
-86
-86
-86
-86
-86
-86
-86
-86
-86
-86
-86
-86
-86
-86
-86
-86
-86
-86
-86
-86
-86
-86
-86
-86
-86
-86
-86
-86
-86
-86
-86
-86
-86
-86
-86
-86
-86
-86
-86
-86
-86
-86
-86
-86
-86
-86
-86
-86
-86
-86
-86
-86
-86
-86
-86
-86
-86
-86
-86
-86
-86
-86
-86
-86
-86
-86
-86
-86
-86
-86
-86
-86
-86
-86
-86
-86
-86
-86
-86
-86
-86
-86
-86
-86
-86
-86
-86
-86
-86
-86
-86
-86
-86
-86
-86
-86
-86
-86
-86
-86
-86
-86
-86
-86
-86
-86
-86
-86
-86
-86
-86
-86
-86
-86
-86
-86
-86
-86
-86
-86
-86
-86
-86
-86
-86
-86
-86
-86
-86
-86
-86
-86
-86
-86
-86
-86
-86
-86
-86
-86
-86
-86
-86
-86
-86
-86
-86
-86
-86
-86
-86
-86
-86
-86
-86
-86
-86
-86
-86
-86
-86
-86
-86
-86
-86
-86
-86
-86
-86
-86
-86
-86
-86
-86
-86
-86
-86
-86
-86
-86
-86
-86
-86
-86
-86
-86
-86
-86
-86
-86
-86
-86
-86
-86
-86
-86
-86
-86
-86
-86
-86
-86
-86
-86
-86
-86
-86
-86
-86
-86
-86
-86
-86
-86
-86
-86
-86
-86
-86
-86
-86
-86
-86
-86
-86
-86
-86
-86
-86
-86
-86
-86
-86
-86
-86
-86
-86
-86
-86
-86
-86
-86
-86
-86
-86
-86
-86
-86
-86
-86
-86
-86
-86
-86
-86
-87
-87
-87
-87
-87
-87
-87
-87
-87
-87
-87
-87
-87
-87
-87
-87
-87
-87
-87
-87
-87
-87
-87
-87
-87
-87
-87
-87
-87
-87
-87
-87
-87
-87
-87
-87
-87
-87
-87
-87
-87
-87
-87
-87
-87
-87
-87
-87
-87
-87
-87
-87
-87
-87
-87
-87
-87
-87
-87
-87
-87
-87
-86
-86
-85
-85
-84
-84
-84
-83
-83
-82
-82
-82
-81
-81
-81
-80
-80
-80
-79
-79
-79
-78
-78
-78
-77
-77
-77
-77
-77
-76
-76
-76
-75
-75
-75
-75
-74
-74
-73
-73
-72
-72
-71
-71
-70
-70
-69
-68
-67
-66
-66
-65
-64
-63
-63
-62
-61
-60
-59
-58
-57
-57
-56
-55
-54
-53
-52
-51
-50
-49
-48
-47
-46
-46
-45
-44
-43
-42
-40
-39
-38
-37
-36
-35
-33
-32
-31
-29
-28
-26
-25
-23
-22
-20
-19
-17
-16
-14
-13
-11
-10
-8
-7
-5
-4
-2
-1
0
1
3
4
6
8
9
11
12
14
16
17
19
21
22
24
26
28
30
32
34
36
38
40
42
44
47
49
51
53
55
58
60
62
64
66
68
70
73
75
77
79
81
84
86
89
91
94
96
99
102
104
107
109
112
114
117
119
121
124
126
128
130
132
134
136
139
141
143
145
148
150
153
155
158
160
162
165
167
169
171
174
176
178
180
183
185
187
189
192
194
196
199
201
203
206
208
211
213
215
217
220
222
224
226
228
230
232
234
236
238
240
242
244
246
248
250
251
253
255
257
259
261
262
264
266
268
270
271
273
275
277
278
280
281
283
285
286
288
289
290
292
293
295
296
298
299
301
303
304
306
307
309
311
312
314
316
318
319
321
323
325
327
328
330
332
334
335
337
339
341
343
345
346
348
350
352
354
356
357
359
361
363
365
367
369
371
373
374
376
378
380
382
383
385
387
389
390
392
393
395
396
398
399
401
402
404
405
407
408
409
411
412
414
415
417
418
420
421
423
424
426
427
429
430
432
433
435
437
438
440
441
443
444
446
448
449
451
453
454
456
458
460
461
463
465
467
468
470
471
473
475
476
478
479
481
482
484
485
487
488
490
492
493
495
497
499
500
502
504
506
508
510
512
514
516
518
520
521
523
525
527
529
530
532
534
536
538
540
542
544
546
548
550
552
554
556
558
560
563
565
567
569
571
573
575
577
579
581
582
584
586
588
590
592
594
596
598
600
602
604
606
608
610
612
614
616
618
620
623
625
627
629
631
633
636
638
640
642
644
646
649
651
653
656
658
660
662
665
667
669
672
674
676
679
681
683
686
688
691
693
696
698
701
703
706
708
711
713
716
718
721
723
726
728
731
733
736
739
741
744
746
749
752
754
757
759
762
764
767
769
772
774
777
779
781
784
786
788
791
793
796
798
801
804
806
809
812
814
817
819
822
825
827
830
832
835
838
840
843
846
848
851
853
856
859
861
864
867
869
872
875
878
880
883
886
889
892
895
897
900
903
906
909
912
915
918
920
923
926
929
932
935
938
941
944
947
950
953
956
959
962
965
968
971
974
977
980
983
986
989
992
995
998
1001
1004
1007
1010
1013
1016
1019
1022
1025
1028
1031
1034
1037
1040
1043
1046
1049
1052
1055
1058
1061
1064
1067
1070
1073
1076
1079
1082
1085
1088
1091
1094
1097
1100
1104
1107
1110
1113
1116
1119
1122
1125
1128
1131
1134
1137
1140
1143
1146
1150
1153
1156
1159
1162
1165
1168
1172
1175
1178
1182
1185
1188
1191
1195
1198
1202
1205
1209
1212
1216
1219
1223
1226
1230
1233
1236
1240
1243
1247
1250
1253
1257
1260
1263
1267
1270
1273
1277
1280
1283
1287
1290
1293
1297
1300
1304
1307
1310
1314
1317
1321
1324
1327
1331
1334
1338
1341
1344
1348
1351
1355
1358
1362
1365
1368
1372
1375
1379
1382
1386
1389
1392
1396
1399
1403
1406
1409
1413
1416
1420
1423
1426
1430
1433
1437
1440
1444
1447
1451
1454
1458
1461
1465
1469
1472
1476
1479
1483
1486
1490
1494
1497
1501
1505
1508
1512
1515
1519
1523
1526
1530
1533
1537
1540
1544
1547
1551
1554
1558
1561
1565
1569
1572
1576
1579
1583
1586
1590
1594
1597
1601
1604
1608
1611
1615
1618
1622
1625
1629
1632
1635
1639
1642
1646
1649
1652
1656
1659
1663
1666
1669
1673
1676
1680
1683
1686
1690
1693
1697
1700
1703
1707
1710
1713
1717
1720
1723
1727
1730
1733
1737
1740
1743
1746
1750
1753
1756
1760
1763
1766
1770
1773
1776
1780
1783
1787
1790
1793
1797
1800
1804
1807
1810
1814
1817
1821
1824
1827
1831
1834
1837
1840
1844
1847
1850
1854
1857
1860
1863
1867
1870
1873
1876
1880
1883
1886
1890
1893
1897
1900
1904
1907
1911
1914
1918
1921
1925
1929
1932
1936
1939
1943
1946
1950
1953
1957
1961
1964
1968
1971
1974
1978
1981
1985
1988
1992
1995
1999
2002
2005
2009
2012
2016
2019
2022
2026
2029
2033
2036
2039
2043
2046
2049
2053
2056
2059
2063
2066
2069
2073
2076
2079
2083
2086
2089
2093
2096
2099
2102
2105
2109
2112
2115
2118
2122
2125
2128
2132
2135
2138
2142
2145
2149
2152
2155
2159
2162
2166
2169
2172
2176
2179
2182
2186
2189
2192
2195
2198
2202
2205
2208
2211
2214
2218
2221
2224
2227
2231
2234
2237
2240
2244
2247
2250
2254
2257
2260
2264
2267
2270
2273
2277
2280
2283
2287
2290
2293
2296
2300
2303
2306
2309
2312
2316
2319
2322
2325
2328
2332
2335
2338
2341
2344
2347
2351
2354
2357
2360
2363
2367
2370
2373
2376
2380
2383
2386
2389
2392
2395
2399
2402
2405
2408
2411
2414
2417
2420
2424
2427
2430
2433
2436
2439
2442
2445
2448
2451
2454
2457
2460
2463
2466
2469
2472
2475
2478
2481
2484
2487
2490
2493
2496
2499
2502
2505
2508
2511
2514
2517
2520
2523
2526
2529
2532
2535
2538
2541
2544
2547
2550
2553
2556
2559
2562
2565
2568
2571
2574
2577
2579
2582
2585
2588
2591
2594
2597
2600
2603
2606
2609
2612
2614
2617
2620
2623
2626
2629
2632
2635
2637
2640
2643
2646
2649
2652
2654
2657
2660
2663
2665
2668
2671
2674
2676
2679
2682
2685
2688
2690
2693
2696
2699
2701
2704
2707
2710
2712
2715
2718
2721
2723
2726
2729
2731
2734
2737
2739
2742
2745
2747
2750
2753
2755
2758
2760
2763
2766
2768
2771
2773
2776
2779
2781
2784
2786
2789
2792
2794
2797
2800
2802
2805
2807
2810
2813
2815
2818
2821
2823
2826
2829
2831
2834
2836
2839
2841
2844
2846
2849
2851
2854
2856
2859
2861
2863
2866
2868
2871
2873
2876
2878
2881
2883
2886
2888
2890
2893
2895
2898
2900
2902
2905
2907
2910
2912
2914
2917
2919
2921
2924
2926
2928
2931
2933
2935
2937
2940
2942
2944
2946
2949
2951
2953
2956
2958
2960
2962
2965
2967
2969
2972
2974
2976
2978
2981
2983
2985
2988
2990
2992
2995
2997
2999
3001
3004
3006
3008
3010
3012
3015
3017
3019
3021
3024
3026
3028
3030
3032
3034
3037
3039
3041
3043
3045
3047
3049
3051
3053
3055
3057
3060
3062
3064
3066
3068
3070
3072
3074
3076
3078
3080
3082
3084
3086
3088
3090
3092
3094
3096
3098
3100
3102
3104
3106
3108
3110
3112
3114
3116
3117
3119
3121
3123
3125
3127
3129
3131
3133
3135
3137
3139
3141
3142
3144
3146
3148
3150
3152
3154
3156
3157
3159
3161
3163
3165
3167
3168
3170
3172
3174
3176
3177
3179
3181
3183
3184
3186
3188
3190
3191
3193
3195
3197
3198
3200
3202
3204
3205
3207
3209
3210
3212
3214
3216
3217
3219
3221
3222
3224
3226
3227
3229
3231
3233
3234
3236
3237
3239
3241
3242
3244
3245
3247
3249
3250
3252
3253
3255
3256
3258
3259
3261
3262
3264
3265
3267
3268
3270
3271
3273
3274
3275
3277
3278
3280
3281
3282
3284
3285
3287
3288
3289
3291
3292
3293
3295
3296
3298
3299
3300
3302
3303
3305
3306
3307
3309
3310
3312
3313
3314
3316
3317
3319
3320
3321
3323
3324
3325
3327
3328
3329
3331
3332
3333
3334
3336
3337
3338
3340
3341
3343
3344
3345
3347
3348
3349
3351
3352
3354
3355
3357
3358
3360
3361
3362
3364
3365
3367
3368
3369
3371
3372
3374
3375
3376
3378
3379
3380
3382
3383
3384
3385
3387
3388
3389
3391
3392
3393
3394
3396
3397
3398
3400
3401
3402
3403
3405
3406
3407
3408
3410
3411
3412
3413
3414
3416
3417
3418
3419
3420
3421
3422
3424
3425
3426
3427
3428
3429
3430
3431
3432
3433
3434
3435
3436
3437
3438
3439
3440
3440
3441
3442
3443
3444
3445
3446
3447
3448
3449
3450
3451
3452
3452
3453
3454
3455
3456
3457
3458
3458
3459
3460
3461
3462
3462
3463
3464
3465
3466
3466
3467
3468
3468
3469
3470
3471
3471
3472
3473
3473
3474
3475
3475
3476
3477
3477
3478
3479
3479
3480
3481
3481
3482
3482
3483
3483
3484
3485
3485
3486
3486
3487
3487
3488
3488
3489
3489
3490
3490
3491
3491
3492
3492
3493
3493
3494
3494
3495
3495
3496
3496
3497
3497
3498
3498
3499
3499
3500
3500
3501
3501
3502
3502
3503
3503
3504
3504
3505
3505
3506
3506
3507
3507
3508
3508
3509
3509
3510
3510
3511
3511
3512
3512
3513
3513
3514
3514
3515
3515
3515
3516
3516
3517
3517
3518
3518
3519
3519
3519
3520
3520
3521
3521
3521
3522
3522
3523
3523
3523
3524
3524
3524
3525
3525
3525
3526
3526
3526
3527
3527
3528
3528
3528
3529
3529
3529
3530
3530
3531
3531
3531
3532
3532
3533
3533
3533
3534
3534
3534
3535
3535
3535
3536
3536
3536
3537
3537
3537
3538
3538
3538
3539
3539
3539
3540
3540
3540
3540
3541
3541
3541
3542
3542
3542
3542
3543
3543
3543
3543
3544
3544
3544
3544
3544
3545
3545
3545
3545
3545
3546
3546
3546
3546
3546
3546
3547
3547
3547
3547
3547
3547
3547
3547
3548
3548
3548
3548
3548
3548
3548
3548
3548
3548
3548
3548
3549
3549
3549
3549
3549
3549
3549
3548
3548
3548
3548
3548
3548
3548
3548
3548
3548
3548
3548
3548
3548
3547
3547
3547
3547
3547
3547
3547
3547
3547
3547
3547
3547
3546
3546
3546
3546
3546
3546
3546
3546
3545
3545
3545
3545
3545
3545
3544
3544
3544
3544
3544
3543
3543
3543
3543
3542
3542
3542
3542
3541
3541
3541
3541
3541
3540
3540
3540
3540
3539
3539
3539
3539
3538
3538
3538
3538
3537
3537
3537
3537
3536
3536
3536
3536
3535
3535
3535
3535
3534
3534
3534
3533
3533
3533
3533
3532
3532
3532
3531
3531
3531
3530
3530
3530
3530
3529
3529
3529
3528
3528
3528
3527
3527
3527
3526
3526
3526
3525
3525
3525
3524
3524
3524
3523
3523
3523
3522
3522
3522
3521
3521
3521
3520
3520
3520
3519
3519
3518
3518
3518
3517
3517
3517
3516
3516
3516
3515
3515
3515
3514
3514
3513
3513
3513
3512
3512
3511
3511
3511
3510
3510
3510
3509
3509
3509
3508
3508
3507
3507
3507
3506
3506
3506
3505
3505
3504
3504
3504
3503
3503
3502
3502
3502
3501
3501
3500
3500
3499
3499
3498
3498
3497
3497
3496
3496
3495
3495
3494
3494
3493
3493
3492
3492
3491
3490
3490
3489
3489
3488
3487
3487
3486
3485
3485
3484
3483
3483
3482
3481
3481
3480
3479
3479
3478
3477
3477
3476
3475
3474
3474
3473
3472
3471
3471
3470
3469
3468
3467
3467
3466
3465
3464
3464
3463
3462
3461
3460
3460
3459
3458
3457
3457
3456
3455
3454
3453
3453
3452
3451
3450
3449
3448
3448
3447
3446
3445
3444
3443
3443
3442
3441
3440
3439
3438
3437
3437
3436
3435
3434
3433
3432
3431
3430
3429
3428
3428
3427
3426
3425
3424
3423
3422
3421
3421
3420
3419
3418
3417
3416
3415
3415
3414
3413
3412
3411
3410
3410
3409
3408
3407
3406
3405
3405
3404
3403
3402
3401
3400
3400
3399
3398
3397
3396
3396
3395
3394
3393
3392
3391
3390
3390
3389
3388
3387
3386
3385
3384
3384
3383
3382
3381
3380
3379
3378
3378
3377
3376
3375
3374
3373
3372
3371
3370
3369
3368
3368
3367
3366
3365
3364
3363
3362
3361
3360
3359
3358
3357
3356
3355
3354
3353
3352
3351
3350
3349
3349
3348
3347
3346
3345
3344
3343
3342
3341
3340
3339
3338
3337
3336
3335
3334
3333
3332
3331
3330
3330
3329
3328
3327
3326
3325
3324
3323
3322
3321
3320
3319
3318
3317
3316
3315
3314
3313
3312
3311
3310
3309
3308
3307
3306
3305
3304
3303
3302
3301
3300
3299
3298
3297
3296
3295
3294
3293
3292
3291
3290
3289
3288
3287
3286
3285
3284
3283
3282
3281
3280
3279
3278
3276
3275
3274
3273
3272
3271
3270
3269
3268
3267
3266
3265
3263
3262
3261
3260
3259
3258
3257
3256
3254
3253
3252
3251
3250
3249
3248
3246
3245
3244
3243
3242
3241
3240
3238
3237
3236
3235
3234
3233
3232
3230
3229
3228
3227
3226
3225
3223
3222
3221
3220
3219
3218
3216
3215
3214
3213
3212
3211
3209
3208
3207
3206
3205
3204
3202
3201
3200
3199
3198
3197
3195
3194
3193
3192
3191
3190
3188
3187
3186
3185
3184
3183
3181
3180
3179
3178
3177
3176
3174
3173
3172
3171
3170
3168
3167
3166
3165
3164
3162
3161
3160
3159
3158
3156
3155
3154
3153
3152
3150
3149
3148
3147
3146
3144
3143
3142
3141
3140
3138
3137
3136
3135
3133
3132
3131
3130
3129
3127
3126
3125
3124
3123
3121
3120
3119
3118
3117
3115
3114
3113
3112
3111
3109
3108
3107
3106
3104
3103
3102
3101
3099
3098
3097
3096
3094
3093
3092
3091
3089
3088
3087
3086
3085
3083
3082
3081
3080
3078
3077
3076
3075
3073
3072
3071
3070
3068
3067
3066
3065
3063
3062
3061
3060
3058
3057
3056
3055
3053
3052
3051
3049
3048
3047
3046
3044
3043
3042
3040
3039
3038
3037
3035
3034
3033
3032
3030
3029
3028
3026
3025
3024
3023
3021
3020
3019
3017
3016
3015
3014
3012
3011
3010
3008
3007
3006
3004
3003
3002
3001
2999
2998
2997
2995
2994
2993
2992
2990
2989
2988
2986
2985
2984
2983
2981
2980
2979
2977
2976
2975
2974
2972
2971
2970
2969
2967
2966
2965
2964
2962
2961
2960
2958
2957
2956
2955
2953
2952
2951
2949
2948
2947
2946
2944
2943
2942
2940
2939
2938
2937
2935
2934
2933
2931
2930
2929
2928
2926
2925
2924
2923
2921
2920
2919
2917
2916
2915
2914
2912
2911
2910
2909
2907
2906
2905
2904
2902
2901
2900
2898
2897
2896
2895
2893
2892
2891
2890
2888
2887
2886
2885
2883
2882
2881
2880
2878
2877
2876
2875
2873
2872
2871
2870
2868
2867
2866
2865
2863
2862
2861
2860
2858
2857
2856
2854
2853
2852
2851
2849
2848
2847
2845
2844
2843
2842
2840
2839
2838
2836
2835
2834
2833
2831
2830
2829
2827
2826
2825
2823
2822
2821
2820
2818
2817
2816
2814
2813
2812
2810
2809
2808
2807
2805
2804
2803
2801
2800
2799
2797
2796
2795
2793
2792
2791
2790
2788
2787
2786
2784
2783
2782
2780
2779
2778
2777
2775
2774
2773
2771
2770
2769
2767
2766
2765
2764
2762
2761
2760
2758
2757
2756
2754
2753
2752
2751
2749
2748
2747
2745
2744
2743
2741
2740
2739
2738
2736
2735
2734
2732
2731
2730
2729
2727
2726
2725
2724
2722
2721
2720
2719
2717
2716
2715
2714
2712
2711
2710
2709
2707
2706
2705
2704
2702
2701
2700
2699
2698
2696
2695
2694
2693
2691
2690
2689
2688
2687
2685
2684
2683
2682
2680
2679
2678
2677
2676
2674
2673
2672
2671
2670
2668
2667
2666
2665
2663
2662
2661
2660
2659
2657
2656
2655
2654
2653
2651
2650
2649
2648
2646
2645
2644
2643
2642
2640
2639
2638
2637
2636
2634
2633
2632
2631
2629
2628
2627
2626
2625
2623
2622
2621
2620
2618
2617
2616
2615
2614
2612
2611
2610
2609
2607
2606
2605
2604
2602
2601
2600
2599
2598
2596
2595
2594
2593
2591
2590
2589
2588
2586
2585
2584
2583
2581
2580
2579
2578
2576
2575
2574
2573
2571
2570
2569
2568
2566
2565
2564
2562
2561
2560
2559
2557
2556
2555
2554
2552
2551
2550
2549
2547
2546
2545
2543
2542
2541
2540
2538
2537
2536
2535
2533
2532
2531
2529
2528
2527
2526
2524
2523
2522
2521
2519
2518
2517
2515
2514
2513
2512
2510
2509
2508
2507
2505
2504
2503
2501
2500
2499
2498
2496
2495
2494
2493
2491
2490
2489
2488
2486
2485
2484
2483
2481
2480
2479
2478
2476
2475
2474
2473
2471
2470
2469
2468
2466
2465
2464
2463
2462
2460
2459
2458
2457
2455
2454
2453
2452
2451
2449
2448
2447
2446
2444
2443
2442
2441
2440
2438
2437
2436
2435
2434
2432
2431
2430
2429
2428
2426
2425
2424
2423
2422
2421
2419
2418
2417
2416
2415
2413
2412
2411
2410
2409
2408
2406
2405
2404
2403
2402
2400
2399
2398
2397
2396
2395
2393
2392
2391
2390
2389
2388
2386
2385
2384
2383
2382
2381
2379
2378
2377
2376
2375
2374
2372
2371
2370
2369
2368
2367
2365
2364
2363
2362
2361
2360
2358
2357
2356
2355
2354
2352
2351
2350
2349
2348
2347
2345
2344
2343
2342
2341
2340
2338
2337
2336
2335
2334
2332
2331
2330
2329
2328
2326
2325
2324
2323
2322
2321
2319
2318
2317
2316
2315
2313
2312
2311
2310
2309
2307
2306
2305
2304
2303
2301
2300
2299
2298
2296
2295
2294
2293
2292
2290
2289
2288
2287
2285
2284
2283
2282
2281
2279
2278
2277
2276
2274
2273
2272
2271
2269
2268
2267
2266
2264
2263
2262
2261
2259
2258
2257
2256
2254
2253
2252
2251
2250
2248
2247
2246
2245
2243
2242
2241
2240
2238
2237
2236
2235
2233
2232
2231
2230
2228
2227
2226
2225
2223
2222
2221
2220
2219
2217
2216
2215
2214
2212
2211
2210
2209
2208
2206
2205
2204
2203
2202
2200
2199
2198
2197
2196
2194
2193
2192
2191
2189
2188
2187
2186
2185
2183
2182
2181
2180
2179
2177
2176
2175
2174
2173
2171
2170
2169
2168
2167
2165
2164
2163
2162
2161
2160
2158
2157
2156
2155
2154
2152
2151
2150
2149
2148
2147
2145
2144
2143
2142
2141
2140
2139
2137
2136
2135
2134
2133
2132
2130
2129
2128
2127
2126
2125
2124
2122
2121
2120
2119
2118
2117
2116
2114
2113
2112
2111
2110
2109
2107
2106
2105
2104
2103
2102
2101
2099
2098
2097
2096
2095
2094
2092
2091
2090
2089
2088
2087
2085
2084
2083
2082
2081
2080
2078
2077
2076
2075
2074
2072
2071
2070
2069
2068
2067
2065
2064
2063
2062
2061
2059
2058
2057
2056
2055
2054
2052
2051
2050
2049
2048
2046
2045
2044
2043
2042
2041
2039
2038
2037
2036
2035
2033
2032
2031
2030
2029
2028
2026
2025
2024
2023
2022
2020
2019
2018
2017
2016
2014
2013
2012
2011
2010
2009
2007
2006
2005
2004
2003
2001
2000
1999
1998
1997
1995
1994
1993
1992
1991
1989
1988
1987
1986
1985
1983
1982
1981
1980
1979
1977
1976
1975
1974
1973
1971
1970
1969
1968
1967
1965
1964
1963
1962
1961
1959
1958
1957
1956
1955
1953
1952
1951
1950
1949
1947
1946
1945
1944
1943
1941
1940
1939
1938
1937
1935
1934
1933
1932
1931
1930
1928
1927
1926
1925
1924
1922
1921
1920
1919
1918
1917
1915
1914
1913
1912
1911
1910
1908
1907
1906
1905
1904
1903
1902
1900
1899
1898
1897
1896
1895
1894
1892
1891
1890
1889
1888
1887
1886
1884
1883
1882
1881
1880
1879
1878
1876
1875
1874
1873
1872
1871
1870
1869
1867
1866
1865
1864
1863
1862
1861
1859
1858
1857
1856
1855
1854
1853
1852
1851
1849
1848
1847
1846
1845
1844
1843
1842
1840
1839
1838
1837
1836
1835
1834
1833
1831
1830
1829
1828
1827
1826
1825
1823
1822
1821
1820
1819
1818
1817
1816
1814
1813
1812
1811
1810
1809
1808
1807
1805
1804
1803
1802
1801
1800
1799
1798
1796
1795
1794
1793
1792
1791
1790
1788
1787
1786
1785
1784
1783
1782
1781
1779
1778
1777
1776
1775
1774
1773
1772
1770
1769
1768
1767
1766
1765
1764
1763
1761
1760
1759
1758
1757
1756
1755
1754
1752
1751
1750
1749
1748
1747
1746
1745
1744
1742
1741
1740
1739
1738
1737
1736
1735
1733
1732
1731
1730
1729
1728
1727
1726
1725
1723
1722
1721
1720
1719
1718
1717
1716
1715
1714
1712
1711
1710
1709
1708
1707
1706
1705
1704
1703
1701
1700
1699
1698
1697
1696
1695
1694
1693
1692
1691
1690
1689
1687
1686
1685
1684
1683
1682
1681
1680
1679
1678
1677
1676
1675
1674
1672
1671
1670
1669
1668
1667
1666
1665
1664
1663
1662
1661
1660
1659
1658
1657
1656
1655
1654
1653
1651
1650
1649
1648
1647
1646
1645
1644
1643
1642
1641
1640
1639
1638
1637
1636
1635
1634
1633
1632
1631
1630
1629
1628
1627
1626
1625
1624
1623
1622
1621
1620
1619
1618
1617
1616
1615
1614
1613
1612
1611
1610
1609
1608
1607
1606
1605
1604
1603
1602
1601
1600
1599
1598
1597
1596
1595
1594
1593
1592
1591
1590
1589
1588
1587
1586
1585
1584
1583
1582
1581
1580
1579
1578
1577
1576
1575
1574
1573
1572
1571
1570
1569
1568
1567
1566
1565
1564
1563
1562
1561
1560
1559
1558
1557
1556
1555
1554
1553
1552
1551
1550
1550
1549
1548
1547
1546
1545
1544
1543
1542
1541
1540
1539
1538
1537
1536
1535
1534
1533
1532
1531
1530
1529
1528
1527
1526
1525
1524
1523
1522
1522
1521
1520
1519
1518
1517
1516
1515
1514
1513
1512
1511
1510
1509
1508
1507
1506
1505
1504
1503
1502
1501
1500
1500
1499
1498
1497
1496
1495
1494
1493
1492
1491
1490
1489
1488
1487
1486
1485
1484
1484
1483
1482
1481
1480
1479
1478
1477
1476
1475
1474
1473
1472
1471
1471
1470
1469
1468
1467
1466
1465
1464
1463
1462
1461
1460
1459
1459
1458
1457
1456
1455
1454
1453
1452
1451
1450
1449
1449
1448
1447
1446
1445
1444
1443
1442
1441
1440
1439
1439
1438
1437
1436
1435
1434
1433
1432
1431
1430
1430
1429
1428
1427
1426
1425
1424
1423
1422
1421
1421
1420
1419
1418
1417
1416
1415
1414
1413
1413
1412
1411
1410
1409
1408
1407
1406
1406
1405
1404
1403
1402
1401
1400
1399
1398
1398
1397
1396
1395
1394
1393
1392
1391
1391
1390
1389
1388
1387
1386
1385
1385
1384
1383
1382
1381
1380
1379
1379
1378
1377
1376
1375
1374
1373
1373
1372
1371
1370
1369
1368
1367
1367
1366
1365
1364
1363
1362
1362
1361
1360
1359
1358
1357
1356
1356
1355
1354
1353
1352
1351
1351
1350
1349
1348
1347
1346
1346
1345
1344
1343
1342
1342
1341
1340
1339
1338
1337
1337
1336
1335
1334
1333
1333
1332
1331
1330
1329
1329
1328
1327
1326
1325
1325
1324
1323
1322
1321
1321
1320
1319
1318
1317
1317
1316
1315
1314
1313
1313
1312
1311
1310
1310
1309
1308
1307
1306
1306
1305
1304
1303
1303
1302
1301
1300
1300
1299
1298
1297
1297
1296
1295
1294
1294
1293
1292
1291
1291
1290
1289
1288
1288
1287
1286
1285
1285
1284
1283
1282
1282
1281
1280
1279
1279
1278
1277
1276
1276
1275
1274
1273
1273
1272
1271
1270
1270
1269
1268
1268
1267
1266
1265
1265
1264
1263
1262
1262
1261
1260
1259
1259
1258
1257
1257
1256
1255
1254
1254
1253
1252
1251
1251
1250
1249
1248
1248
1247
1246
1245
1245
1244
1243
1243
1242
1241
1240
1240
1239
1238
1237
1237
1236
1235
1235
1234
1233
1232
1232
1231
1230
1229
1229
1228
1227
1227
1226
1225
1224
1224
1223
1222
1222
1221
1220
1219
1219
1218
1217
1216
1216
1215
1214
1214
1213
1212
1211
1211
1210
1209
1209
1208
1207
1206
1206
1205
1204
1204
1203
1202
1201
1201
1200
1199
1199
1198
1197
1196
1196
1195
1194
1194
1193
1192
1192
1191
1190
1189
1189
1188
1187
1187
1186
1185
1185
1184
1183
1182
1182
1181
1180
1180
1179
1178
1178
1177
1176
1176
1175
1174
1174
1173
1172
1171
1171
1170
1169
1169
1168
1167
1167
1166
1165
1165
1164
1163
1163
1162
1161
1161
1160
1159
1159
1158
1157
1157
1156
1155
1155
1154
1153
1153
1152
1151
1151
1150
1149
1148
1148
1147
1146
1146
1145
1144
1144
1143
1142
1142
1141
1140
1140
1139
1138
1138
1137
1136
1136
1135
1134
1134
1133
1132
1132
1131
1130
1130
1129
1128
1128
1127
1126
1126
1125
1124
1124
1123
1122
1122
1121
1120
1120
1119
1118
1118
1117
1116
1116
1115
1114
1114
1113
1112
1112
1111
1110
1110
1109
1108
1108
1107
1106
1106
1105
1104
1104
1103
1102
1102
1101
1100
1100
1099
1098
1098
1097
1096
1096
1095
1094
1094
1093
1092
1092
1091
1090
1090
1089
1088
1088
1087
1086
1086
1085
1084
1084
1083
1082
1081
1081
1080
1079
1079
1078
1077
1077
1076
1075
1075
1074
1073
1073
1072
1072
1071
1070
1070
1069
1068
1068
1067
1066
1066
1065
1064
1064
1063
1062
1062
1061
1060
1060
1059
1058
1058
1057
1056
1056
1055
1054
1054
1053
1053
1052
1051
1051
1050
1049
1049
1048
1047
1047
1046
1045
1045
1044
1044
1043
1042
1042
1041
1040
1040
1039
1038
1038
1037
1037
1036
1035
1035
1034
1034
1033
1032
1032
1031
1030
1030
1029
1029
1028
1027
1027
1026
1026
1025
1024
1024
1023
1023
1022
1021
1021
1020
1020
1019
1018
1018
1017
1017
1016
1015
1015
1014
1014
1013
1012
1012
1011
1011
1010
1009
1009
1008
1008
1007
1007
1006
1005
1005
1004
1004
1003
1002
1002
1001
1001
1000
999
999
998
998
997
997
996
995
995
994
994
993
993
992
991
991
990
990
989
988
988
987
987
986
986
985
984
984
983
983
982
981
981
980
980
979
979
978
977
977
976
976
975
975
974
973
973
972
972
971
970
970
969
969
968
967
967
966
966
965
964
964
963
963
962
962
961
960
960
959
959
958
957
957
956
956
955
954
954
953
952
952
951
951
950
949
949
948
948
947
946
946
945
945
944
943
943
942
942
941
940
940
939
939
938
937
937
936
936
935
934
934
933
933
932
931
931
930
930
929
928
928
927
927
926
925
925
924
924
923
922
922
921
921
920
919
919
918
918
917
916
916
915
915
914
913
913
912
912
911
910
910
909
909
908
908
907
906
906
905
905
904
903
903
902
902
901
900
900
899
899
898
898
897
896
896
895
895
894
893
893
892
892
891
891
890
889
889
888
888
887
887
886
885
885
884
884
883
883
882
881
881
880
880
879
879
878
877
877
876
876
875
875
874
874
873
872
872
871
871
870
870
869
868
868
867
867
866
866
865
865
864
863
863
862
862
861
861
860
860
859
858
858
857
857
856
856
855
855
854
853
853
852
852
851
851
850
849
849
848
848
847
847
846
846
845
844
844
843
843
842
842
841
841
840
839
839
838
838
837
837
836
835
835
834
834
833
833
832
832
831
830
830
829
829
828
828
827
827
826
825
825
824
824
823
823
822
821
821
820
820
819
819
818
818
817
816
816
815
815
814
814
813
813
812
811
811
810
810
809
809
808
808
807
806
806
805
805
804
804
803
802
802
801
801
800
800
799
799
798
797
797
796
796
795
795
794
794
793
793
792
791
791
790
790
789
789
788
788
787
786
786
785
785
784
784
783
783
782
782
781
780
780
779
779
778
778
777
777
776
776
775
774
774
773
773
772
772
771
771
770
770
769
769
768
767
767
766
766
765
765
764
764
763
763
762
762
761
761
760
760
759
758
758
757
757
756
756
755
755
754
754
753
753
752
752
751
751
750
749
749
748
748
747
747
746
746
745
745
744
744
743
743
742
741
741
740
740
739
739
738
738
737
737
736
736
735
735
734
733
733
732
732
731
731
730
730
729
729
728
728
727
726
726
725
725
724
724
723
723
722
722
721
720
720
719
719
718
718
717
717
716
716
715
715
714
713
713
712
712
711
711
710
710
709
709
708
707
707
706
706
705
705
704
704
703
703
702
701
701
700
700
699
699
698
698
697
697
696
696
695
694
694
693
693
692
692
691
691
690
690
689
689
688
687
687
686
686
685
685
684
684
683
683
682
682
681
681
680
679
679
678
678
677
677
676
676
675
675
674
674
673
673
672
672
671
671
670
669
669
668
668
667
667
666
666
665
665
664
664
663
663
662
662
661
661
660
660
659
659
658
658
657
657
656
655
655
654
654
653
653
652
652
651
651
650
650
649
649
648
648
647
647
646
646
645
645
644
644
643
643
642
642
641
641
640
640
639
639
638
638
637
637
636
636
635
635
634
634
633
633
632
632
631
631
630
630
629
629
628
628
627
627
626
626
625
625
624
624
623
623
623
622
622
621
621
620
620
619
619
618
618
617
617
616
616
615
615
614
614
613
613
612
612
611
611
610
610
610
609
609
608
608
607
607
606
606
605
605
604
604
603
603
602
602
602
601
601
600
600
599
599
598
598
597
597
596
596
595
595
595
594
594
593
593
592
592
591
591
590
590
589
589
589
588
588
587
587
586
586
585
585
584
584
583
583
583
582
582
581
581
580
580
579
579
578
578
577
577
577
576
576
575
575
574
574
573
573
572
572
572
571
571
570
570
569
569
568
568
567
567
566
566
566
565
565
564
564
563
563
562
562
561
561
561
560
560
559
559
558
558
557
557
556
556
555
555
555
554
554
553
553
552
552
551
551
550
550
550
549
549
548
548
547
547
546
546
545
545
545
544
544
543
543
542
542
541
541
540
540
540
539
539
538
538
537
537
536
536
535
535
535
534
534
533
533
532
532
531
531
531
530
530
529
529
528
528
527
527
527
526
526
525
525
524
524
523
523
523
522
522
521
521
520
520
519
519
519
518
518
517
517
516
516
516
515
515
514
514
513
513
513
512
512
511
511
510
510
510
509
509
508
508
508
507
507
506
506
505
505
505
504
504
503
503
503
502
502
501
501
500
500
500
499
499
498
498
498
497
497
496
496
496
495
495
494
494
494
493
493
492
492
492
491
491
490
490
490
489
489
488
488
488
487
487
486
486
486
485
485
484
484
484
483
483
482
482
482
481
481
481
480
480
479
479
479
478
478
477
477
477
476
476
476
475
475
474
474
474
473
473
473
472
472
471
471
471
470
470
470
469
469
468
468
468
467
467
467
466
466
466
465
465
464
464
464
463
463
463
462
462
462
461
461
460
460
460
459
459
459
458
458
458
457
457
456
456
456
455
455
455
454
454
454
453
453
453
452
452
452
451
451
450
450
450
449
449
449
448
448
448
447
447
447
446
446
446
445
445
444
444
444
443
443
443
442
442
442
441
441
441
440
440
440
439
439
439
438
438
438
437
437
437
436
436
436
435
435
434
434
434
433
433
433
432
432
432
431
431
431
430
430
430
429
429
429
428
428
428
427
427
427
426
426
426
425
425
425
424
424
424
423
423
423
422
422
422
421
421
421
420
420
420
419
419
419
418
418
418
417
417
417
416
416
416
415
415
415
414
414
414
413
413
413
412
412
412
411
411
411
410
410
410
409
409
408
408
408
407
407
407
406
406
406
405
405
405
404
404
404
403
403
403
402
402
402
401
401
401
400
400
400
399
399
399
398
398
398
397
397
397
396
396
396
395
395
395
394
394
394
393
393
393
392
392
392
391
391
391
390
390
390
389
389
389
388
388
388
387
387
387
386
386
386
385
385
384
384
384
383
383
383
382
382
382
381
381
381
380
380
380
379
379
379
378
378
378
377
377
377
376
376
376
375
375
375
374
374
373
373
373
372
372
372
371
371
371
370
370
370
369
369
369
368
368
368
367
367
367
366
366
366
365
365
365
364
364
363
363
363
362
362
362
361
361
361
360
360
360
359
359
359
358
358
358
357
357
357
356
356
356
355
355
355
354
354
354
353
353
353
352
352
352
351
351
351
350
350
350
349
349
349
348
348
348
347
347
347
346
346
346
345
345
345
344
344
344
343
343
343
342
342
342
341
341
341
340
340
340
340
339
339
339
338
338
338
337
337
337
336
336
336
335
335
335
334
334
334
333
333
333
332
332
332
332
331
331
331
330
330
330
329
329
329
328
328
328
327
327
327
326
326
326
325
325
325
325
324
324
324
323
323
323
322
322
322
321
321
321
320
320
320
319
319
319
319
318
318
318
317
317
317
316
316
316
315
315
315
314
314
314
313
313
313
313
312
312
312
311
311
311
310
310
310
309
309
309
308
308
308
307
307
307
306
306
306
306
305
305
305
304
304
304
303
303
303
302
302
302
301
301
301
300
300
300
299
299
299
298
298
298
297
297
297
296
296
296
295
295
295
294
294
294
293
293
293
292
292
292
291
291
291
290
290
290
289
289
289
288
288
288
287
287
287
286
286
286
285
285
285
284
284
284
283
283
283
282
282
282
281
281
281
280
280
279
279
279
278
278
278
277
277
277
276
276
276
275
275
275
274
274
274
273
273
273
272
272
272
271
271
271
270
270
270
269
269
268
268
268
267
267
267
266
266
266
265
265
265
264
264
264
263
263
263
262
262
262
261
261
260
260
260
259
259
259
258
258
258
257
257
257
256
256
256
255
255
255
254
254
253
253
253
252
252
252
251
251
251
250
250
250
249
249
249
248
248
248
247
247
246
246
246
245
245
245
244
244
244
243
243
243
242
242
242
241
241
241
240
240
240
239
239
239
238
238
237
237
237
236
236
236
235
235
235
234
234
234
233
233
233
232
232
232
231
231
231
230
230
230
229
229
229
228
228
228
227
227
227
226
226
226
225
225
225
224
224
224
223
223
223
222
222
222
221
221
221
220
220
220
219
219
219
218
218
218
217
217
217
216
216
216
215
215
215
214
214
214
213
213
213
212
212
212
211
211
211
210
210
210
209
209
209
208
208
208
207
207
207
206
206
206
205
205
205
204
204
204
204
203
203
203
202
202
202
201
201
201
200
200
200
199
199
199
198
198
198
197
197
197
197
196
196
196
195
195
195
194
194
194
193
193
193
192
192
192
192
191
191
191
190
190
190
189
189
189
188
188
188
187
187
187
187
186
186
186
185
185
185
184
184
184
184
183
183
183
182
182
182
181
181
181
180
180
180
180
179
179
179
178
178
178
177
177
177
177
176
176
176
175
175
175
175
174
174
174
173
173
173
172
172
172
172
171
171
171
170
170
170
170
169
169
169
168
168
168
167
167
167
167
166
166
166
165
165
165
165
164
164
164
163
163
163
162
162
162
162
161
161
161
160
160
160
160
159
159
159
158
158
158
158
157
157
157
156
156
156
155
155
155
155
154
154
154
153
153
153
153
152
152
152
151
151
151
151
150
150
150
149
149
149
148
148
148
148
147
147
147
146
146
146
146
145
145
145
144
144
144
144
143
143
143
142
142
142
142
141
141
141
140
140
140
139
139
139
139
138
138
138
137
137
137
137
136
136
136
135
135
135
135
134
134
134
133
133
133
133
132
132
132
131
131
131
131
130
130
130
129
129
129
129
128
128
128
128
127
127
127
126
126
126
126
125
125
125
125
124
124
124
123
123
123
123
122
122
122
122
121
121
121
120
120
120
120
119
119
119
119
118
118
118
118
117
117
117
117
116
116
116
115
115
115
115
114
114
114
114
113
113
113
113
112
112
112
112
111
111
111
111
110
110
110
110
109
109
109
109
108
108
108
108
107
107
107
107
106
106
106
106
106
105
105
105
105
104
104
104
104
103
103
103
103
102
102
102
102
101
101
101
101
101
100
100
100
100
99
99
99
99
98
98
98
98
98
97
97
97
97
96
96
96
96
96
95
95
95
95
94
94
94
94
94
93
93
93
93
92
92
92
92
92
91
91
91
91
90
90
90
90
90
89
89
89
89
88
88
88
88
88
87
87
87
87
87
86
86
86
86
85
85
85
85
85
84
84
84
84
84
83
83
83
83
83
82
82
82
82
81
81
81
81
81
80
80
80
80
80
79
79
79
79
79
78
78
78
78
77
77
77
77
77
76
76
76
76
76
75
75
75
75
75
74
74
74
74
74
73
73
73
73
72
72
72
72
72
71
71
71
71
71
70
70
70
70
70
69
69
69
69
69
68
68
68
68
68
67
67
67
67
67
66
66
66
66
66
65
65
65
65
65
64
64
64
64
63
63
63
63
63
62
62
62
62
62
61
61
61
61
61
60
60
60
60
60
59
59
59
59
59
58
58
58
58
58
57
57
57
57
57
56
56
56
56
56
55
55
55
55
55
54
54
54
54
54
53
53
53
53
53
52
52
52
52
52
51
51
51
51
51
50
50
50
50
49
49
49
49
49
48
48
48
48
48
47
47
47
47
47
47
46
46
46
46
46
45
45
45
45
45
44
44
44
44
44
43
43
43
43
43
42
42
42
42
42
41
41
41
41
41
40
40
40
40
40
39
39
39
39
39
38
38
38
38
38
37
37
37
37
37
36
36
36
36
36
36
35
35
35
35
35
34
34
34
34
34
33
33
33
33
33
32
32
32
32
32
31
31
31
31
31
31
30
30
30
30
30
29
29
29
29
29
28
28
28
28
28
27
27
27
27
27
27
26
26
26
26
26
25
25
25
25
25
25
24
24
24
24
24
23
23
23
23
23
23
22
22
22
22
22
21
21
21
21
21
20
20
20
20
20
20
19
19
19
19
19
19
18
18
18
18
18
17
17
17
17
17
17
16
16
16
16
16
15
15
15
15
15
15
14
14
14
14
14
13
13
13
13
13
13
12
12
12
12
12
12
11
11
11
11
11
10
10
10
10
10
10
9
9
9
9
9
8
8
8
8
8
8
7
7
7
7
7
7
6
6
6
6
6
5
5
5
5
5
5
4
4
4
4
4
3
3
3
3
3
3
2
2
2
2
2
1
1
1
1
1
1
0
0
0
0
0
0
0
0
0
0
0
-1
-1
-1
-1
-1
-2
-2
-2
-2
-2
-3
-3
-3
-3
-3
-3
-4
-4
-4
-4
-4
-5
-5
-5
-5
-5
-6
-6
-6
-6
-6
-6
-7
-7
-7
-7
-7
-8
-8
-8
-8
-8
-9
-9
-9
-9
-9
-10
-10
-10
-10
-10
-10
-11
-11
-11
-11
-11
-12
-12
-12
-12
-12
-13
-13
-13
-13
-13
-14
-14
-14
-14
-14
-15
-15
-15
-15
-15
-15
-16
-16
-16
-16
-16
-17
-17
-17
-17
-17
-18
-18
-18
-18
-18
-19
-19
-19
-19
-19
-20
-20
-20
-20
-20
-20
-21
-21
-21
-21
-21
-22
-22
-22
-22
-22
-23
-23
-23
-23
-23
-24
-24
-24
-24
-24
-25
-25
-25
-25
-25
-25
-26
-26
-26
-26
-26
-27
-27
-27
-27
-27
-28
-28
-28
-28
-28
-29
-29
-29
-29
-29
-29
-30
-30
-30
-30
-30
-31
-31
-31
-31
-31
-32
-32
-32
-32
-32
-33
-33
-33
-33
-33
-34
-34
-34
-34
-34
-34
-35
-35
-35
-35
-35
-36
-36
-36
-36
-36
-37
-37
-37
-37
-37
-37
-38
-38
-38
-38
-38
-39
-39
-39
-39
-39
-40
-40
-40
-40
-40
-40
-41
-41
-41
-41
-41
-42
-42
-42
-42
-42
-42
-43
-43
-43
-43
-43
-44
-44
-44
-44
-44
-44
-45
-45
-45
-45
-45
-46
-46
-46
-46
-46
-47
-47
-47
-47
-47
-47
-48
-48
-48
-48
-48
-48
-49
-49
-49
-49
-49
-50
-50
-50
-50
-50
-50
-51
-51
-51
-51
-51
-52
-52
-52
-52
-52
-52
-53
-53
-53
-53
-53
-54
-54
-54
-54
-54
-54
-55
-55
-55
-55
-55
-56
-56
-56
-56
-56
-56
-57
-57
-57
-57
-57
-57
-58
-58
-58
-58
-58
-59
-59
-59
-59
-59
-59
-60
-60
-60
-60
-60
-60
-61
-61
-61
-61
-61
-62
-62
-62
-62
-62
-62
-63
-63
-63
-63
-63
-64
-64
-64
-64
-64
-64
-65
-65
-65
-65
-65
-65
-66
-66
-66
-66
-66
-67
-67
-67
-67
-67
-67
-68
-68
-68
-68
-68
-69
-69
-69
-69
-69
-69
-70
-70
-70
-70
-70
-70
-71
-71
-71
-71
-71
-72
-72
-72
-72
-72
-72
-73
-73
-73
-73
-73
-73
-74
-74
-74
-74
-74
-75
-75
-75
-75
-75
-75
-76
-76
-76
-76
-76
-77
-77
-77
-77
-77
-77
-78
-78
-78
-78
-78
-79
-79
-79
-79
-79
-79
-80
-80
-80
-80
-80
-80
-81
-81
-81
-81
-81
-82
-82
-82
-82
-82
-82
-83
-83
-83
-83
-83
-84
-84
-84
-84
-84
-84
-85
-85
-85
-85
-85
-85
-86
-86
-86
-86
-86
-87
-87
-87
-87
-87
-87
-88
-88
-88
-88
-88
-88
-89
-89
-89
-89
-89
-90
-90
-90
-90
-90
-90
-91
-91
-91
-91
-91
-91
-92
-92
-92
-92
-92
-93
-93
-93
-93
-93
-93
-94
-94
-94
-94
-94
-94
-95
-95
-95
-95
-95
-96
-96
-96
-96
-96
-96
-97
-97
-97
-97
-97
-97
-98
-98
-98
-98
-98
-98
-99
-99
-99
-99
-99
-100
-100
-100
-100
-100
-100
-101
-101
-101
-101
-101
-101
-102
-102
-102
-102
-102
-103
-103
-103
-103
-103
-103
-104
-104
-104
-104
-104
-104
-105
-105
-105
-105
-105
-105
-106
-106
-106
-106
-106
-106
-107
-107
-107
-107
-107
-108
-108
-108
-108
-108
-108
-109
-109
-109
-109
-109
-109
-110
-110
-110
-110
-110
-110
-111
-111
-111
-111
-111
-111
-112
-112
-112
-112
-112
-112
-113
-113
-113
-113
-113
-113
-114
-114
-114
-114
-114
-115
-115
-115
-115
-115
-115
-116
-116
-116
-116
-116
-116
-117
-117
-117
-117
-117
-117
-118
-118
-118
-118
-118
-118
-119
-119
-119
-119
-119
-119
-120
-120
-120
-120
-120
-120
-121
-121
-121
-121
-121
-121
-122
-122
-122
-122
-122
-122
-123
-123
-123
-123
-123
-124
-124
-124
-124
-124
-124
-125
-125
-125
-125
-125
-125
-126
-126
-126
-126
-126
-126
-127
-127
-127
-127
-127
-127
-128
-128
-128
-128
-128
-128
-129
-129
-129
-129
-129
-129
-130
-130
-130
-130
-130
-131
-131
-131
-131
-131
-131
-132
-132
-132
-132
-132
-132
-133
-133
-133
-133
-133
-133
-134
-134
-134
-134
-134
-135
-135
-135
-135
-135
-135
-136
-136
-136
-136
-136
-136
-137
-137
-137
-137
-137
-137
-138
-138
-138
-138
-138
-139
-139
-139
-139
-139
-139
-140
-140
-140
-140
-140
-141
-141
-141
-141
-141
-141
-142
-142
-142
-142
-142
-142
-143
-143
-143
-143
-143
-144
-144
-144
-144
-144
-144
-145
-145
-145
-145
-145
-146
-146
-146
-146
-146
-146
-147
-147
-147
-147
-147
-148
-148
-148
-148
-148
-148
-149
-149
-149
-149
-149
-150
-150
-150
-150
-150
-150
-151
-151
-151
-151
-151
-152
-152
-152
-152
-152
-152
-153
-153
-153
-153
-153
-154
-154
-154
-154
-154
-154
-155
-155
-155
-155
-155
-156
-156
-156
-156
-156
-156
-157
-157
-157
-157
-157
-158
-158
-158
-158
-158
-159
-159
-159
-159
-159
-159
-160
-160
-160
-160
-160
-161
-161
-161
-161
-161
-161
-162
-162
-162
-162
-162
-163
-163
-163
-163
-163
-163
-164
-164
-164
-164
-164
-164
-165
-165
-165
-165
-165
-166
-166
-166
-166
-166
-166
-167
-167
-167
-167
-167
-168
-168
-168
-168
-168
-168
-169
-169
-169
-169
-169
-170
-170
-170
-170
-170
-170
-171
-171
-171
-171
-171
-171
-172
-172
-172
-172
-172
-173
-173
-173
-173
-173
-173
-174
-174
-174
-174
-174
-174
-175
-175
-175
-175
-175
-176
-176
-176
-176
-176
-176
-177
-177
-177
-177
-177
-177
-178
-178
-178
-178
-178
-179
-179
-179
-179
-179
-179
-180
-180
-180
-180
-180
-180
-181
-181
-181
-181
-181
-182
-182
-182
-182
-182
-182
-183
-183
-183
-183
-183
-183
-184
-184
-184
-184
-184
-185
-185
-185
-185
-185
-185
-186
-186
-186
-186
-186
-186
-187
-187
-187
-187
-187
-188
-188
-188
-188
-188
-188
-189
-189
-189
-189
-189
-189
-190
-190
-190
-190
-190
-191
-191
-191
-191
-191
-191
-192
-192
-192
-192
-192
-193
-193
-193
-193
-193
-193
-194
-194
-194
-194
-194
-194
-195
-195
-195
-195
-195
-196
-196
-196
-196
-196
-196
-197
-197
-197
-197
-197
-197
-198
-198
-198
-198
-198
-199
-199
-199
-199
-199
-199
-200
-200
-200
-200
-200
-200
-201
-201
-201
-201
-201
-202
-202
-202
-202
-202
-202
-203
-203
-203
-203
-203
-203
-204
-204
-204
-204
-204
-205
-205
-205
-205
-205
-205
-206
-206
-206
-206
-206
-206
-207
-207
-207
-207
-207
-208
-208
-208
-208
-208
-208
-209
-209
-209
-209
-209
-209
-210
-210
-210
-210
-210
-211
-211
-211
-211
-211
-211
-212
-212
-212
-212
-212
-212
-213
-213
-213
-213
-213
-214
-214
-214
-214
-214
-214
-215
-215
-215
-215
-215
-215
-216
-216
-216
-216
-216
-217
-217
-217
-217
-217
-217
-218
-218
-218
-218
-218
-219
-219
-219
-219
-219
-219
-220
-220
-220
-220
-220
-220
-221
-221
-221
-221
-221
-222
-222
-222
-222
-222
-222
-223
-223
-223
-223
-223
-223
-224
-224
-224
-224
-224
-225
-225
-225
-225
-225
-225
-226
-226
-226
-226
-226
-226
-227
-227
-227
-227
-227
-228
-228
-228
-228
-228
-228
-229
-229
-229
-229
-229
-229
-230
-230
-230
-230
-230
-230
-231
-231
-231
-231
-231
-232
-232
-232
-232
-232
-232
-233
-233
-233
-233
-233
-233
-234
-234
-234
-234
-234
-234
-235
-235
-235
-235
-235
-235
-236
-236
-236
-236
-236
-236
-237
-237
-237
-237
-237
-237
-238
-238
-238
-238
-238
-238
-239
-239
-239
-239
-239
-239
-240
-240
-240
-240
-240
-240
-241
-241
-241
-241
-241
-241
-242
-242
-242
-242
-242
-242
-243
-243
-243
-243
-243
-243
-244
-244
-244
-244
-244
-244
-244
-245
-245
-245
-245
-245
-245
-246
-246
-246
-246
-246
-246
-247
-247
-247
-247
-247
-247
-248
-248
-248
-248
-248
-248
-248
-249
-249
-249
-249
-249
-249
-250
-250
-250
-250
-250
-250
-251
-251
-251
-251
-251
-251
-251
-252
-252
-252
-252
-252
-252
-253
-253
-253
-253
-253
-253
-253
-254
-254
-254
-254
-254
-254
-255
-255
-255
-255
-255
-255
-256
-256
-256
-256
-256
-256
-256
-257
-257
-257
-257
-257
-257
-258
-258
-258
-258
-258
-258
-258
-259
-259
-259
-259
-259
-259
-260
-260
-260
-260
-260
-260
-260
-261
-261
-261
-261
-261
-261
-262
-262
-262
-262
-262
-262
-262
-263
-263
-263
-263
-263
-263
-264
-264
-264
-264
-264
-264
-264
-265
-265
-265
-265
-265
-265
-266
-266
-266
-266
-266
-266
-266
-267
-267
-267
-267
-267
-267
-268
-268
-268
-268
-268
-268
-268
-269
-269
-269
-269
-269
-269
-270
-270
-270
-270
-270
-270
-270
-271
-271
-271
-271
-271
-271
-272
-272
-272
-272
-272
-272
-272
-273
-273
-273
-273
-273
-273
-274
-274
-274
-274
-274
-274
-274
-275
-275
-275
-275
-275
-275
-276
-276
-276
-276
-276
-276
-276
-277
-277
-277
-277
-277
-277
-278
-278
-278
-278
-278
-278
-278
-279
-279
-279
-279
-279
-279
-280
-280
-280
-280
-280
-280
-281
-281
-281
-281
-281
-281
-281
-282
-282
-282
-282
-282
-282
-283
-283
-283
-283
-283
-283
-283
-284
-284
-284
-284
-284
-284
-285
-285
-285
-285
-285
-285
-285
-286
-286
-286
-286
-286
-286
-287
-287
-287
-287
-287
-287
-288
-288
-288
-288
-288
-288
-288
-289
-289
-289
-289
-289
-289
-290
-290
-290
-290
-290
-290
-291
-291
-291
-291
-291
-291
-291
-292
-292
-292
-292
-292
-292
-293
-293
-293
-293
-293
-293
-293
-294
-294
-294
-294
-294
-294
-295
-295
-295
-295
-295
-295
-296
-296
-296
-296
-296
-296
-296
-297
-297
-297
-297
-297
-297
-298
-298
-298
-298
-298
-298
-299
-299
-299
-299
-299
-299
-299
-300
-300
-300
-300
-300
-300
-301
-301
-301
-301
-301
-301
-301
-302
-302
-302
-302
-302
-302
-303
-303
-303
-303
-303
-303
-304
-304
-304
-304
-304
-304
-304
-305
-305
-305
-305
-305
-305
-306
-306
-306
-306
-306
-306
-307
-307
-307
-307
-307
-307
-307
-308
-308
-308
-308
-308
-308
-309
-309
-309
-309
-309
-309
-310
-310
-310
-310
-310
-310
-310
-311
-311
-311
-311
-311
-311
-312
-312
-312
-312
-312
-312
-313
-313
-313
-313
-313
-313
-313
-314
-314
-314
-314
-314
-314
-315
-315
-315
-315
-315
-315
-316
-316
-316
-316
-316
-316
-316
-317
-317
-317
-317
-317
-317
-318
-318
-318
-318
-318
-318
-319
-319
-319
-319
-319
-319
-320
-320
-320
-320
-320
-320
-321
-321
-321
-321
-321
-321
-321
-322
-322
-322
-322
-322
-322
-323
-323
-323
-323
-323
-323
-324
-324
-324
-324
-324
-324
-325
-325
-325
-325
-325
-325
-326
-326
-326
-326
-326
-326
-327
-327
-327
-327
-327
-327
-328
-328
-328
-328
-328
-328
-329
-329
-329
-329
-329
-329
-330
-330
-330
-330
-330
-330
-331
-331
-331
-331
-331
-331
-332
-332
-332
-332
-332
-332
-333
-333
-333
-333
-333
-333
-334
-334
-334
-334
-334
-334
-335
-335
-335
-335
-335
-335
-336
-336
-336
-336
-336
-336
-337
-337
-337
-337
-337
-337
-338
-338
-338
-338
-338
-338
-339
-339
-339
-339
-339
-339
-340
-340
-340
-340
-340
-340
-341
-341
-341
-341
-341
-341
-342
-342
-342
-342
-342
-342
-343
-343
-343
-343
-343
-343
-344
-344
-344
-344
-344
-344
-345
-345
-345
-345
-345
-345
-346
-346
-346
-346
-346
-346
-347
-347
-347
-347
-347
-347
-348
-348
-348
-348
-348
-348
-349
-349
-349
-349
-349
-349
-350
-350
-350
-350
-350
-350
-351
-351
-351
-351
-351
-351
-352
-352
-352
-352
-352
-352
-353
-353
-353
-353
-353
-353
-354
-354
-354
-354
-354
-354
-355
-355
-355
-355
-355
-355
-356
-356
-356
-356
-356
-356
-357
-357
-357
-357
-357
-357
-358
-358
-358
-358
-358
-358
-359
-359
-359
-359
-359
-359
-360
-360
-360
-360
-360
-360
-361
-361
-361
-361
-361
-361
-362
-362
-362
-362
-362
-362
-363
-363
-363
-363
-363
-363
-363
-364
-364
-364
-364
-364
-364
-365
-365
-365
-365
-365
-365
-366
-366
-366
-366
-366
-366
-366
-367
-367
-367
-367
-367
-367
-368
-368
-368
-368
-368
-368
-369
-369
-369
-369
-369
-369
-369
-370
-370
-370
-370
-370
-370
-371
-371
-371
-371
-371
-371
-371
-372
-372
-372
-372
-372
-372
-373
-373
-373
-373
-373
-373
-373
-374
-374
-374
-374
-374
-374
-374
-375
-375
-375
-375
-375
-375
-376
-376
-376
-376
-376
-376
-376
-377
-377
-377
-377
-377
-377
-377
-378
-378
-378
-378
-378
-378
-378
-379
-379
-379
-379
-379
-379
-379
-380
-380
-380
-380
-380
-380
-381
-381
-381
-381
-381
-381
-381
-382
-382
-382
-382
-382
-382
-382
-383
-383
-383
-383
-383
-383
-383
-383
-384
-384
-384
-384
-384
-384
-384
-385
-385
-385
-385
-385
-385
-385
-386
-386
-386
-386
-386
-386
-386
-387
-387
-387
-387
-387
-387
-387
-387
-388
-388
-388
-388
-388
-388
-388
-389
-389
-389
-389
-389
-389
-389
-389
-390
-390
-390
-390
-390
-390
-390
-390
-391
-391
-391
-391
-391
-391
-391
-391
-392
-392
-392
-392
-392
-392
-392
-392
-393
-393
-393
-393
-393
-393
-393
-393
-394
-394
-394
-394
-394
-394
-394
-394
-395
-395
-395
-395
-395
-395
-395
-395
-396
-396
-396
-396
-396
-396
-396
-396
-396
-397
-397
-397
-397
-397
-397
-397
-397
-397
-398
-398
-398
-398
-398
-398
-398
-398
-398
-399
-399
-399
-399
-399
-399
-399
-399
-399
-400
-400
-400
-400
-400
-400
-400
-400
-400
-400
-401
-401
-401
-401
-401
-401
-401
-401
-401
-401
-402
-402
-402
-402
-402
-402
-402
-402
-402
-402
-403
-403
-403
-403
-403
-403
-403
-403
-403
-403
-404
-404
-404
-404
-404
-404
-404
-404
-404
-404
-404
-405
-405
-405
-405
-405
-405
-405
-405
-405
-405
-405
-406
-406
-406
-406
-406
-406
-406
-406
-406
-406
-406
-406
-407
-407
-407
-407
-407
-407
-407
-407
-407
-407
-407
-407
-408
-408
-408
-408
-408
-408
-408
-408
-408
-408
-408
-408
-408
-409
-409
-409
-409
-409
-409
-409
-409
-409
-409
-409
-409
-409
-410
-410
-410
-410
-410
-410
-410
-410
-410
-410
-410
-410
-410
-410
-411
-411
-411
-411
-411
-411
-411
-411
-411
-411
-411
-411
-411
-411
-412
-412
-412
-412
-412
-412
-412
-412
-412
-412
-412
-412
-412
-412
-412
-413
-413
-413
-413
-413
-413
-413
-413
-413
-413
-413
-413
-413
-413
-413
-413
-414
-414
-414
-414
-414
-414
-414
-414
-414
-414
-414
-414
-414
-414
-414
-414
-414
-415
-415
-415
-415
-415
-415
-415
-415
-415
-415
-415
-415
-415
-415
-415
-415
-415
-415
-416
-416
-416
-416
-416
-416
-416
-416
-416
-416
-416
-416
-416
-416
-416
-416
-416
-416
-417
-417
-417
-417
-417
-417
-417
-417
-417
-417
-417
-417
-417
-417
-417
-417
-417
-417
-417
-417
-418
-418
-418
-418
-418
-418
-418
-418
-418
-418
-418
-418
-418
-418
-418
-418
-418
-418
-418
-418
-418
-418
-419
-419
-419
-419
-419
-419
-419
-419
-419
-419
-419
-419
-419
-419
-419
-419
-419
-419
-419
-419
-419
-419
-420
-420
-420
-420
-420
-420
-420
-420
-420
-420
-420
-420
-420
-420
-420
-420
-420
-420
-420
-420
-420
-420
-420
-421
-421
-421
-421
-421
-421
-421
-421
-421
-421
-421
-421
-421
-421
-421
-421
-421
-421
-421
-421
-421
-421
-421
-421
-421
-422
-422
-422
-422
-422
-422
-422
-422
-422
-422
-422
-422
-422
-422
-422
-422
-422
-422
-422
-422
-422
-422
-422
-422
-422
-422
-423
-423
-423
-423
-423
-423
-423
-423
-423
-423
-423
-423
-423
-423
-423
-423
-423
-423
-423
-423
-423
-423
-423
-423
-423
-423
-423
-423
-423
-423
-424
-424
-424
-424
-424
-424
-424
-424
-424
-424
-424
-424
-424
-424
-424
-424
-424
-424
-424
-424
-424
-424
-424
-424
-424
-424
-424
-424
-424
-424
-424
-424
-424
-424
-425
-425
-425
-425
-425
-425
-425
-425
-425
-425
-425
-425
-425
-425
-425
-425
-425
-425
-425
-425
-425
-425
-425
-425
-425
-425
-425
-425
-425
-425
-425
-425
-425
-425
-425
-425
-425
-426
-426
-426
-426
-426
-426
-426
-426
-426
-426
-426
-426
-426
-426
-426
-426
-426
-426
-426
-426
-426
-426
-426
-426
-426
-426
-426
-426
-426
-426
-426
-426
-426
-426
-426
-426
-426
-426
-426
-426
-427
-427
-427
-427
-427
-427
-427
-427
-427
-427
-427
-427
-427
-427
-427
-427
-427
-427
-427
-427
-427
-427
-427
-427
-427
-427
-427
-427
-427
-427
-427
-427
-427
-427
-427
-427
-427
-427
-427
-427
-428
-428
-428
-428
-428
-428
-428
-428
-428
-428
-428
-428
-428
-428
-428
-428
-428
-428
-428
-428
-428
-428
-428
-428
-428
-428
-428
-428
-428
-428
-428
-428
-428
-428
-428
-428
-428
-428
-428
-428
-429
-429
-429
-429
-429
-429
-429
-429
-429
-429
-429
-429
-429
-429
-429
-429
-429
-429
-429
-429
-429
-429
-429
-429
-429
-429
-429
-429
-429
-429
-429
-429
-429
-429
-429
-429
-429
-429
-429
-429
-429
-430
-430
-430
-430
-430
-430
-430
-430
-430
-430
-430
-430
-430
-430
-430
-430
-430
-430
-430
-430
-430
-430
-430
-430
-430
-430
-430
-430
-430
-430
-430
-430
-430
-430
-430
-430
-430
-430
-430
-430
-430
-431
-431
-431
-431
-431
-431
-431
-431
-431
-431
-431
-431
-431
-431
-431
-431
-431
-431
-431
-431
-431
-431
-431
-431
-431
-431
-431
-431
-431
-431
-431
-431
-431
-431
-431
-431
-431
-431
-431
-432
-432
-432
-432
-432
-432
-432
-432
-432
-432
-432
-432
-432
-432
-432
-432
-432
-432
-432
-432
-432
-432
-432
-432
-432
-432
-432
-432
-432
-432
-432
-432
-432
-432
-432
-432
-432
-433
-433
-433
-433
-433
-433
-433
-433
-433
-433
-433
-433
-433
-433
-433
-433
-433
-433
-433
-433
-433
-433
-433
-433
-433
-433
-433
-433
-433
-433
-433
-433
-433
-433
-433
-433
-434
-434
-434
-434
-434
-434
-434
-434
-434
-434
-434
-434
-434
-434
-434
-434
-434
-434
-434
-434
-434
-434
-434
-434
-434
-434
-434
-434
-434
-434
-434
-434
-434
-434
-434
-435
-435
-435
-435
-435
-435
-435
-435
-435
-435
-435
-435
-435
-435
-435
-435
-435
-435
-435
-435
-435
-435
-435
-435
-435
-435
-435
-435
-435
-435
-435
-435
-435
-435
-436
-436
-436
-436
-436
-436
-436
-436
-436
-436
-436
-436
-436
-436
-436
-436
-436
-436
-436
-436
-436
-436
-436
-436
-436
-436
-436
-436
-436
-436
-436
-436
-436
-437
-437
-437
-437
-437
-437
-437
-437
-437
-437
-437
-437
-437
-437
-437
-437
-437
-437
-437
-437
-437
-437
-437
-437
-437
-437
-437
-437
-437
-437
-438
-438
-438
-438
-438
-438
-438
-438
-438
-438
-438
-438
-438
-438
-438
-438
-438
-438
-438
-438
-438
-438
-438
-438
-438
-438
-438
-439
-439
-439
-439
-439
-439
-439
-439
-439
-439
-439
-439
-439
-439
-439
-439
-439
-439
-439
-439
-439
-439
-439
-439
-439
-439
-440
-440
-440
-440
-440
-440
-440
-440
-440
-440
-440
-440
-440
-440
-440
-440
-440
-440
-440
-440
-440
-440
-440
-440
-441
-441
-441
-441
-441
-441
-441
-441
-441
-441
-441
-441
-441
-441
-441
-441
-441
-441
-441
-441
-441
-441
-442
-442
-442
-442
-442
-442
-442
-442
-442
-442
-442
-442
-442
-442
-442
-442
-442
-442
-442
-442
-443
-443
-443
-443
-443
-443
-443
-443
-443
-443
-443
-443
-443
-443
-443
-443
-443
-443
-444
-444
-444
-444
-444
-444
-444
-444
-444
-444
-444
-444
-444
-444
-444
-444
-444
-445
-445
-445
-445
-445
-445
-445
-445
-445
-445
-445
-445
-445
-445
-445
-445
-445
-446
-446
-446
-446
-446
-446
-446
-446
-446
-446
-446
-446
-446
-446
-446
-447
-447
-447
-447
-447
-447
-447
-447
-447
-447
-447
-447
-447
-447
-447
-448
-448
-448
-448
-448
-448
-448
-448
-448
-448
-448
-448
-448
-448
-449
-449
-449
-449
-449
-449
-449
-449
-449
-449
-449
-449
-449
-449
-450
-450
-450
-450
-450
-450
-450
-450
-450
-450
-450
-450
-450
-450
-451
-451
-451
-451
-451
-451
-451
-451
-451
-451
-451
-451
-451
-452
-452
-452
-452
-452
-452
-452
-452
-452
-452
-452
-452
-452
-453
-453
-453
-453
-453
-453
-453
-453
-453
-453
-453
-453
-453
-454
-454
-454
-454
-454
-454
-454
-454
-454
-454
-454
-454
-454
-455
-455
-455
-455
-455
-455
-455
-455
-455
-455
-455
-455
-455
-456
-456
-456
-456
-456
-456
-456
-456
-456
-456
-456
-456
-457
-457
-457
-457
-457
-457
-457
-457
-457
-457
-457
-457
-458
-458
-458
-458
-458
-458
-458
-458
-458
-458
-458
-458
-458
-459
-459
-459
-459
-459
-459
-459
-459
-459
-459
-459
-460
-460
-460
-460
-460
-460
-460
-460
-460
-460
-460
-460
-461
-461
-461
-461
-461
-461
-461
-461
-461
-461
-461
-461
-462
-462
-462
-462
-462
-462
-462
-462
-462
-462
-462
-463
-463
-463
-463
-463
-463
-463
-463
-463
-463
-463
-464
-464
-464
-464
-464
-464
-464
-464
-464
-464
-464
-465
-465
-465
-465
-465
-465
-465
-465
-465
-465
-465
-466
-466
-466
-466
-466
-466
-466
-466
-466
-466
-467
-467
-467
-467
-467
-467
-467
-467
-467
-467
-467
-468
-468
-468
-468
-468
-468
-468
-468
-468
-468
-469
-469
-469
-469
-469
-469
-469
-469
-469
-469
-469
-470
-470
-470
-470
-470
-470
-470
-470
-470
-470
-471
-471
-471
-471
-471
-471
-471
-471
-471
-471
-472
-472
-472
-472
-472
-472
-472
-472
-472
-472
-473
-473
-473
-473
-473
-473
-473
-473
-473
-473
-474
-474
-474
-474
-474
-474
-474
-474
-474
-474
-475
-475
-475
-475
-475
-475
-475
-475
-475
-475
-476
-476
-476
-476
-476
-476
-476
-476
-476
-476
-477
-477
-477
-477
-477
-477
-477
-477
-477
-477
-477
-478
-478
-478
-478
-478
-478
-478
-478
-478
-478
-479
-479
-479
-479
-479
-479
-479
-479
-479
-479
-480
-480
-480
-480
-480
-480
-480
-480
-480
-480
-481
-481
-481
-481
-481
-481
-481
-481
-481
-481
-482
-482
-482
-482
-482
-482
-482
-482
-482
-482
-483
-483
-483
-483
-483
-483
-483
-483
-483
-483
-484
-484
-484
-484
-484
-484
-484
-484
-484
-484
-484
-485
-485
-485
-485
-485
-485
-485
-485
-485
-485
-486
-486
-486
-486
-486
-486
-486
-486
-486
-486
-487
-487
-487
-487
-487
-487
-487
-487
-487
-487
-487
-488
-488
-488
-488
-488
-488
-488
-488
-488
-488
-489
-489
-489
-489
-489
-489
-489
-489
-489
-489
-489
-490
-490
-490
-490
-490
-490
-490
-490
-490
-490
-490
-491
-491
-491
-491
-491
-491
-491
-491
-491
-491
-492
-492
-492
-492
-492
-492
-492
-492
-492
-492
-492
-493
-493
-493
-493
-493
-493
-493
-493
-493
-493
-493
-494
-494
-494
-494
-494
-494
-494
-494
-494
-494
-494
-495
-495
-495
-495
-495
-495
-495
-495
-495
-495
-495
-496
-496
-496
-496
-496
-496
-496
-496
-496
-496
-496
-497
-497
-497
-497
-497
-497
-497
-497
-497
-497
-497
-497
-498
-498
-498
-498
-498
-498
-498
-498
-498
-498
-498
-499
-499
-499
-499
-499
-499
-499
-499
-499
-499
-499
-500
-500
-500
-500
-500
-500
-500
-500
-500
-500
-500
-500
-501
-501
-501
-501
-501
-501
-501
-501
-501
-501
-501
-502
-502
-502
-502
-502
-502
-502
-502
-502
-502
-502
-503
-503
-503
-503
-503
-503
-503
-503
-503
-503
-503
-503
-504
-504
-504
-504
-504
-504
-504
-504
-504
-504
-504
-505
-505
-505
-505
-505
-505
-505
-505
-505
-505
-505
-506
-506
-506
-506
-506
-506
-506
-506
-506
-506
-506
-506
-507
-507
-507
-507
-507
-507
-507
-507
-507
-507
-507
-508
-508
-508
-508
-508
-508
-508
-508
-508
-508
-508
-508
-509
-509
-509
-509
-509
-509
-509
-509
-509
-509
-509
-510
-510
-510
-510
-510
-510
-510
-510
-510
-510
-510
-510
-511
-511
-511
-511
-511
-511
-511
-511
-511
-511
-511
-512
-512
-512
-512
-512
-512
-512
-512
-512
-512
-512
-512
-513
-513
-513
-513
-513
-513
-513
-513
-513
-513
-513
-513
-514
-514
-514
-514
-514
-514
-514
-514
-514
-514
-514
-514
-515
-515
-515
-515
-515
-515
-515
-515
-515
-515
-515
-515
-515
-516
-516
-516
-516
-516
-516
-516
-516
-516
-516
-516
-516
-517
-517
-517
-517
-517
-517
-517
-517
-517
-517
-517
-517
-517
-518
-518
-518
-518
-518
-518
-518
-518
-518
-518
-518
-518
-519
-519
-519
-519
-519
-519
-519
-519
-519
-519
-519
-519
-519
-520
-520
-520
-520
-520
-520
-520
-520
-520
-520
-520
-520
-520
-520
-521
-521
-521
-521
-521
-521
-521
-521
-521
-521
-521
-521
-521
-522
-522
-522
-522
-522
-522
-522
-522
-522
-522
-522
-522
-522
-523
-523
-523
-523
-523
-523
-523
-523
-523
-523
-523
-523
-523
-523
-524
-524
-524
-524
-524
-524
-524
-524
-524
-524
-524
-524
-524
-525
-525
-525
-525
-525
-525
-525
-525
-525
-525
-525
-525
-525
-525
-526
-526
-526
-526
-526
-526
-526
-526
-526
-526
-526
-526
-526
-526
-527
-527
-527
-527
-527
-527
-527
-527
-527
-527
-527
-527
-527
-527
-528
-528
-528
-528
-528
-528
-528
-528
-528
-528
-528
-528
-528
-528
-528
-529
-529
-529
-529
-529
-529
-529
-529
-529
-529
-529
-529
-529
-529
-529
-530
-530
-530
-530
-530
-530
-530
-530
-530
-530
-530
-530
-530
-530
-530
-531
-531
-531
-531
-531
-531
-531
-531
-531
-531
-531
-531
-531
-531
-531
-532
-532
-532
-532
-532
-532
-532
-532
-532
-532
-532
-532
-532
-532
-532
-533
-533
-533
-533
-533
-533
-533
-533
-533
-533
-533
-533
-533
-533
-533
-533
-533
-534
-534
-534
-534
-534
-534
-534
-534
-534
-534
-534
-534
-534
-534
-534
-534
-535
-535
-535
-535
-535
-535
-535
-535
-535
-535
-535
-535
-535
-535
-535
-535
-535
-535
-536
-536
-536
-536
-536
-536
-536
-536
-536
-536
-536
-536
-536
-536
-536
-536
-536
-536
-537
-537
-537
-537
-537
-537
-537
-537
-537
-537
-537
-537
-537
-537
-537
-537
-537
-537
-537
-537
-538
-538
-538
-538
-538
-538
-538
-538
-538
-538
-538
-538
-538
-538
-538
-538
-538
-538
-538
-538
-538
-539
-539
-539
-539
-539
-539
-539
-539
-539
-539
-539
-539
-539
-539
-539
-539
-539
-539
-539
-539
-539
-539
-539
-539
-539
-540
-540
-540
-540
-540
-540
-540
-540
-540
-540
-540
-540
-540
-540
-540
-540
-540
-540
-540
-540
-540
-540
-540
-540
-540
-540
-540
-540
-540
-541
-541
-541
-541
-541
-541
-541
-541
-541
-541
-541
-541
-541
-541
-541
-541
-541
-541
-541
-541
-541
-541
-541
-541
-541
-541
-541
-541
-541
-541
-541
-541
-541
-541
-541
-541
-541
-541
-542
-542
-542
-542
-542
-542
-542
-542
-542
-542
-542
-542
-542
-542
-542
-542
-542
-542
-542
-542
-542
-542
-542
-542
-542
-542
-542
-542
-542
-542
-542
-542
-542
-542
-542
-542
-542
-542
-542
-542
-542
-542
-542
-542
-542
-542
-542
-542
-542
-542
-542
-542
-542
-542
-542
-542
-542
-542
-542
-542
-542
-542
-543
-543
-543
-543
-543
-543
-543
-543
-543
-543
-543
-543
-543
-543
-543
-543
-543
-543
-543
-543
-543
-543
-543
-543
-543
-543
-543
-543
-543
-543
-543
-543
-543
-543
-543
-543
-543
-543
-543
-543
-543
-543
-543
-543
-543
-543
-543
-543
-543
-543
-543
-543
-543
-543
-543
-543
-543
-543
-543
-543
-543
-543
-543
-543
-543
-543
-543
-543
-543
-543
-543
-543
-543
-543
-543
-543
-543
-543
-543
-543
-543
-543
-543
-543
-543
-543
-543
-543
-543
-543
-543
-543
-543
-543
-543
-543
-543
-543
-543
-543
-543
-543
-543
-543
-543
-543
-543
-543
-543
-543
-543
-543
-543
-543
-543
-543
-543
-543
-543
-543
-543
-543
-543
-543
-543
-543
-543
-543
-543
-543
-543
-543
-543
-543
-543
-543
-543
-543
-543
-543
-543
-543
-543
-543
-543
-543
-543
-543
-543
-543
-543
-543
-543
-543
-543
-543
-543
-543
-543
-543
-543
-543
-543
-543
-542
-542
-542
-542
-542
-542
-542
-542
-542
-542
-542
-542
-542
-542
-542
-542
-542
-542
-542
-542
-542
-542
-542
-542
-542
-542
-542
-542
-542
-542
-542
-542
-542
-542
-542
-542
-542
-542
-542
-542
-542
-542
-542
-542
-542
-542
-542
-542
-542
-542
-542
-542
-542
-542
-542
-542
-542
-542
-542
-542
-542
-542
-542
-542
-542
-542
-542
-542
-542
-542
-542
-542
-542
-542
-542
-542
-542
-542
-542
-542
-542
-542
-542
-542
-542
-542
-542
-542
-542
-542
-541
-541
-541
-541
-541
-541
-541
-541
-541
-541
-541
-541
-541
-541
-541
-541
-541
-541
-541
-541
-541
-541
-541
-541
-541
-541
-541
-541
-541
-541
-541
-541
-541
-541
-541
-541
-541
-541
-541
-541
-541
-541
-541
-541
-541
-541
-541
-541
-541
-541
-541
-541
-541
-541
-541
-541
-541
-541
-541
-541
-541
-541
-541
-541
-541
-541
-541
-541
-541
-541
-540
-540
-540
-540
-540
-540
-540
-540
-540
-540
-540
-540
-540
-540
-540
-540
-540
-540
-540
-540
-540
-540
-540
-540
-540
-540
-540
-540
-540
-540
-540
-540
-540
-540
-540
-540
-540
-540
-540
-540
-540
-540
-540
-540
-540
-540
-540
-540
-540
-540
-540
-540
-540
-540
-540
-540
-540
-540
-540
-540
-540
-540
-540
-540
-540
-540
-540
-540
-540
-540
-540
-540
-540
-540
-540
-540
-540
-539
-539
-539
-539
-539
-539
-539
-539
-539
-539
-539
-539
-539
-539
-539
-539
-539
-539
-539
-539
-539
-539
-539
-539
-539
-539
-539
-539
-539
-539
-539
-539
-539
-539
-539
-539
-539
-539
-539
-539
-539
-539
-539
-539
-539
-539
-539
-539
-539
-539
-539
-539
-539
-539
-539
-539
-539
-539
-539
-539
-539
-539
-539
-539
-539
-539
-539
-539
-539
-539
-539
-539
-539
-539
-539
-539
-539
-539
-539
-539
-539
-539
-539
-539
-539
-539
-539
-539
-539
-539
-539
-539
-539
-539
-539
-539
-539
-539
-539
-539
-539
-539
-539
-539
-539
-539
-539
-539
-539
-539
-539
-539
-540
-540
-540
-540
-540
-540
-540
-540
-540
-540
-540
-540
-540
-540
-540
-540
-540
-540
-540
-540
-540
-540
-540
-540
-540
-540
-540
-540
-540
-540
-540
-540
-540
-540
-540
-540
-540
-540
-540
-540
-540
-540
-540
-540
-540
-540
-540
-540
-540
-540
-540
-540
-540
-540
-540
-540
-540
-540
-540
-540
-540
-540
-540
-540
-540
-541
-541
-541
-541
-541
-541
-541
-541
-541
-541
-541
-541
-541
-541
-541
-541
-541
-541
-541
-541
-541
-541
-541
-541
-541
-541
-541
-541
-541
-541
-541
-541
-541
-541
-541
-541
-541
-541
-541
-541
-541
-541
-541
-542
-542
-542
-542
-542
-542
-542
-542
-542
-542
-542
-542
-542
-542
-542
-542
-542
-542
-542
-542
-542
-542
-542
-542
-542
-542
-542
-542
-542
-542
-542
-542
-542
-542
-542
-542
-542
-543
-543
-543
-543
-543
-543
-543
-543
-543
-543
-543
-543
-543
-543
-543
-543
-543
-543
-543
-543
-543
-543
-543
-543
-543
-543
-543
-543
-543
-543
-543
-543
-543
-543
-543
-543
-544
-544
-544
-544
-544
-544
-544
-544
-544
-544
-544
-544
-544
-544
-544
-544
-544
-544
-544
-544
-544
-544
-544
-544
-544
-544
-544
-544
-544
-544
-544
-544
-544
-544
-544
-545
-545
-545
-545
-545
-545
-545
-545
-545
-545
-545
-545
-545
-545
-545
-545
-545
-545
-545
-545
-545
-545
-545
-545
-545
-545
-545
-545
-545
-545
-545
-545
-545
-545
-546
-546
-546
-546
-546
-546
-546
-546
-546
-546
-546
-546
-546
-546
-546
-546
-546
-546
-546
-546
-546
-546
-546
-546
-546
-546
-546
-546
-546
-546
-546
-546
-547
-547
-547
-547
-547
-547
-547
-547
-547
-547
-547
-547
-547
-547
-547
-547
-547
-547
-547
-547
-547
-547
-547
-547
-547
-547
-547
-547
-547
-547
-547
-547
-548
-548
-548
-548
-548
-548
-548
-548
-548
-548
-548
-548
-548
-548
-548
-548
-548
-548
-548
-548
-548
-548
-548
-548
-548
-548
-548
-548
-548
-548
-548
-548
-548
-549
-549
-549
-549
-549
-549
-549
-549
-549
-549
-549
-549
-549
-549
-549
-549
-549
-549
-549
-549
-549
-549
-549
-549
-549
-549
-549
-549
-549
-549
-549
-549
-549
-550
-550
-550
-550
-550
-550
-550
-550
-550
-550
-550
-550
-550
-550
-550
-550
-550
-550
-550
-550
-550
-550
-550
-550
-550
-550
-550
-550
-550
-550
-550
-550
-550
-550
-550
-550
-551
-551
-551
-551
-551
-551
-551
-551
-551
-551
-551
-551
-551
-551
-551
-551
-551
-551
-551
-551
-551
-551
-551
-551
-551
-551
-551
-551
-551
-551
-551
-551
-551
-551
-551
-551
-551
-551
-551
-551
-552
-552
-552
-552
-552
-552
-552
-552
-552
-552
-552
-552
-552
-552
-552
-552
-552
-552
-552
-552
-552
-552
-552
-552
-552
-552
-552
-552
-552
-552
-552
-552
-552
-552
-552
-552
-552
-552
-552
-552
-552
-552
-552
-552
-552
-552
-552
-552
-552
-552
-552
-552
-552
-552
-552
-552
-552
-552
-552
-552
-552
-552
-553
-553
-553
-553
-553
-553
-553
-553
-553
-553
-553
-553
-553
-553
-553
-553
-553
-553
-553
-553
-553
-553
-553
-553
-553
-553
-553
-553
-553
-553
-553
-553
-553
-553
-553
-553
-553
-553
-553
-553
-553
-553
-553
-553
-553
-553
-553
-553
-553
-553
-553
-553
-553
-553
-553
-553
-553
-553
-553
-553
-553
-553
-553
-553
-553
-553
-553
-553
-553
-553
-553
-553
-553
-553
-553
-553
-553
-553
-553
-553
-553
-553
-553
-553
-553
-553
-553
-553
-553
-553
-553
-553
-553
-553
-553
-553
-553
-553
-553
-553
-553
-553
-553
-553
-553
-553
-553
-553
-553
-553
-553
-553
-553
-553
-553
-552
-552
-552
-552
-552
-552
-552
-552
-552
-552
-552
-552
-552
-552
-552
-552
-552
-552
-552
-552
-552
-552
-552
-552
-552
-552
-552
-552
-552
-552
-552
-552
-552
-552
-552
-552
-552
-552
-552
-552
-552
-552
-552
-552
-552
-552
-552
-552
-552
-552
-552
-552
-552
-552
-552
-552
-552
-552
-552
-552
-552
-552
-552
-552
-552
-552
-552
-552
-552
-552
-552
-551
-551
-551
-551
-551
-551
-551
-551
-551
-551
-551
-551
-551
-551
-551
-551
-551
-551
-551
-551
-551
-551
-551
-551
-551
-551
-551
-551
-551
-551
-551
-551
-551
-551
-551
-551
-551
-551
-551
-551
-551
-551
-551
-551
-551
-551
-551
-551
-551
-550
-550
-550
-550
-550
-550
-550
-550
-550
-550
-550
-550
-550
-550
-550
-550
-550
-550
-550
-550
-550
-550
-550
-550
-550
-550
-550
-550
-550
-550
-550
-550
-550
-550
-550
-550
-550
-550
-550
-550
-550
-550
-550
-550
-549
-549
-549
-549
-549
-549
-549
-549
-549
-549
-549
-549
-549
-549
-549
-549
-549
-549
-549
-549
-549
-549
-549
-549
-549
-549
-549
-549
-549
-549
-549
-549
-549
-549
-549
-549
-549
-549
-549
-549
-549
-548
-548
-548
-548
-548
-548
-548
-548
-548
-548
-548
-548
-548
-548
-548
-548
-548
-548
-548
-548
-548
-548
-548
-548
-548
-548
-548
-548
-548
-548
-548
-548
-548
-548
-548
-548
-548
-548
-548
-547
-547
-547
-547
-547
-547
-547
-547
-547
-547
-547
-547
-547
-547
-547
-547
-547
-547
-547
-547
-547
-547
-547
-547
-547
-547
-547
-547
-547
-547
-547
-547
-547
-547
-547
-547
-547
-547
-546
-546
-546
-546
-546
-546
-546
-546
-546
-546
-546
-546
-546
-546
-546
-546
-546
-546
-546
-546
-546
-546
-546
-546
-546
-546
-546
-546
-546
-546
-546
-546
-546
-546
-546
-546
-546
-546
-546
-545
-545
-545
-545
-545
-545
-545
-545
-545
-545
-545
-545
-545
-545
-545
-545
-545
-545
-545
-545
-545
-545
-545
-545
-545
-545
-545
-545
-545
-545
-545
-545
-545
-545
-545
-545
-545
-545
-545
-545
-545
-545
-545
-544
-544
-544
-544
-544
-544
-544
-544
-544
-544
-544
-544
-544
-544
-544
-544
-544
-544
-544
-544
-544
-544
-544
-544
-544
-544
-544
-544
-544
-544
-544
-544
-544
-544
-544
-544
-544
-544
-544
-544
-544
-544
-544
-544
-544
-544
-544
-544
-544
-544
-544
-544
-544
-544
-544
-544
-544
-544
-544
-544
-544
-543
-543
-543
-543
-543
-543
-543
-543
-543
-543
-543
-543
-543
-543
-543
-543
-543
-543
-543
-543
-543
-543
-543
-543
-543
-543
-543
-543
-543
-543
-543
-543
-543
-543
-543
-543
-543
-543
-543
-543
-543
-543
-543
-543
-543
-543
-543
-543
-543
-543
-543
-543
-543
-543
-543
-543
-543
-543
-543
-543
-543
-543
-543
-543
-543
-543
-543
-543
-543
-543
-543
-543
-543
-543
-543
-543
-543
-543
-543
-543
-543
-543
-543
-543
-543
-543
-543
-543
-543
-543
-543
-543
-543
-543
-543
-543
-543
-543
-543
-543
-543
-543
-543
-543
-543
-543
-543
-543
-543
-543
-543
-543
-543
-543
-543
-543
-543
-543
-543
-543
-544
-544
-544
-544
-544
-544
-544
-544
-544
-544
-544
-544
-544
-544
-544
-544
-544
-544
-544
-544
-544
-544
-544
-544
-544
-544
-544
-544
-544
-544
-544
-544
-544
-544
-544
-544
-544
-544
-544
-544
-544
-544
-544
-544
-544
-544
-544
-544
-544
-544
-544
-544
-544
-544
-544
-544
-544
-544
-544
-544
-544
-544
-544
-544
-544
-544
-544
-544
-544
-544
-544
-544
-544
-544
-545
-545
-545
-545
-545
-545
-545
-545
-545
-545
-545
-545
-545
-545
-545
-545
-545
-545
-545
-545
-545
-545
-545
-545
-545
-545
-545
-545
-545
-545
-545
-545
-545
-545
-545
-545
-545
-545
-545
-545
-545
-545
-545
-545
-545
-545
-545
-545
-545
-545
-546
-546
-546
-546
-546
-546
-546
-546
-546
-546
-546
-546
-546
-546
-546
-546
-546
-546
-546
-546
-546
-546
-546
-546
-546
-546
-546
-546
-546
-546
-546
-546
-546
-546
-546
-546
-546
-546
-546
-546
-546
-546
-547
-547
-547
-547
-547
-547
-547
-547
-547
-547
-547
-547
-547
-547
-547
-547
-547
-547
-547
-547
-547
-547
-547
-547
-547
-547
-547
-547
-547
-547
-547
-547
-547
-547
-547
-547
-548
-548
-548
-548
-548
-548
-548
-548
-548
-548
-548
-548
-548
-548
-548
-548
-548
-548
-548
-548
-548
-548
-548
-548
-548
-548
-548
-548
-548
-548
-548
-548
-548
-549
-549
-549
-549
-549
-549
-549
-549
-549
-549
-549
-549
-549
-549
-549
-549
-549
-549
-549
-549
-549
-549
-549
-549
-549
-549
-549
-549
-549
-549
-549
-550
-550
-550
-550
-550
-550
-550
-550
-550
-550
-550
-550
-550
-550
-550
-550
-550
-550
-550
-550
-550
-550
-550
-550
-550
-550
-550
-550
-550
-551
-551
-551
-551
-551
-551
-551
-551
-551
-551
-551
-551
-551
-551
-551
-551
-551
-551
-551
-551
-551
-551
-551
-551
-551
-551
-551
-551
-551
-552
-552
-552
-552
-552
-552
-552
-552
-552
-552
-552
-552
-552
-552
-552
-552
-552
-552
-552
-552
-552
-552
-552
-552
-552
-552
-552
-552
-552
-552
-553
-553
-553
-553
-553
-553
-553
-553
-553
-553
-553
-553
-553
-553
-553
-553
-553
-553
-553
-553
-553
-553
-553
-553
-553
-553
-553
-553
-553
-553
-553
-554
-554
-554
-554
-554
-554
-554
-554
-554
-554
-554
-554
-554
-554
-554
-554
-554
-554
-554
-554
-554
-554
-554
-554
-554
-554
-554
-554
-554
-554
-554
-554
-554
-554
-554
-554
-555
-555
-555
-555
-555
-555
-555
-555
-555
-555
-555
-555
-555
-555
-555
-555
-555
-555
-555
-555
-555
-555
-555
-555
-555
-555
-555
-555
-555
-555
-555
-555
-555
-555
-555
-555
-555
-555
-555
-555
-555
-555
-555
-555
-555
-555
-555
-555
-555
-555
-555
-556
-556
-556
-556
-556
-556
-556
-556
-556
-556
-556
-556
-556
-556
-556
-556
-556
-556
-556
-556
-556
-556
-556
-556
-556
-556
-556
-556
-556
-556
-556
-556
-556
-556
-556
-556
-556
-556
-556
-556
-556
-556
-556
-556
-556
-556
-556
-556
-556
-556
-556
-556
-556
-556
-556
-556
-556
-556
-556
-556
-556
-556
-556
-556
-556
-556
-556
-556
-556
-556
-556
-556
-556
-556
-556
-556
-556
-556
-556
-556
-556
-556
-556
-556
-556
-556
-556
-556
-556
-556
-556
-556
-556
-556
-556
-556
-556
-556
-556
-556
-556
-556
-556
-556
-556
-556
-556
-556
-556
-556
-556
-556
-556
-556
-556
-556
-556
-556
-556
-556
-556
-556
-556
-556
-556
-556
-556
-556
-556
-556
-556
-556
-556
-556
-556
-556
-556
-556
-556
-556
-556
-556
-556
-556
-556
-556
-556
-556
-556
-556
-556
-556
-556
-556
-556
-556
-556
-556
-556
-556
-556
-556
-556
-556
-556
-556
-556
-556
-556
-556
-556
-556
-556
-556
-556
-556
-556
-556
-556
-556
-556
-556
-556
-556
-556
-556
-556
-556
-556
-556
-556
-556
-556
-556
-556
-556
-556
-555
-555
-555
-555
-555
-555
-555
-555
-555
-555
-555
-555
-555
-555
-555
-555
-555
-555
-555
-555
-555
-555
-555
-555
-555
-555
-555
-555
-555
-555
-555
-555
-555
-555
-555
-555
-555
-555
-555
-555
-555
-555
-555
-555
-555
-555
-555
-555
-555
-555
-555
-555
-555
-555
-555
-555
-555
-555
-555
-555
-555
-555
-555
-555
-555
-555
-555
-555
-555
-555
-555
-555
-555
-555
-555
-555
-555
-555
-555
-555
-555
-555
-555
-555
-555
-555
-555
-555
-555
-555
-555
-555
-555
-555
-555
-555
-555
-555
-555
-555
-555
-555
-555
-555
-555
-555
-555
-555
-555
-555
-555
-555
-555
-555
-555
-555
-555
-555
-555
-555
-555
-555
-555
-555
-555
-555
-555
-555
-555
-555
-555
-555
-555
-555
-555
-555
-555
-555
-555
-555
-555
-555
-555
-555
-555
-555
-554
-554
-554
-554
-554
-554
-554
-554
-554
-554
-554
-554
-554
-554
-554
-554
-554
-554
-554
-554
-554
-554
-554
-554
-554
-554
-554
-554
-554
-554
-554
-554
-554
-554
-554
-554
-554
-554
-554
-554
-554
-554
-554
-554
-554
-554
-554
-554
-554
-554
-554
-554
-554
-554
-554
-554
-554
-554
-554
-554
-554
-554
-554
-554
-554
-554
-554
-554
-554
-554
-554
-554
-554
-554
-554
-554
-554
-554
-554
-554
-554
-554
-554
-554
-554
-554
-554
-554
-554
-554
-554
-554
-554
-554
-554
-554
-554
-554
-554
-554
-554
-554
-554
-554
-554
-554
-554
-554
-554
-554
-554
-554
-554
-554
-554
-554
-554
-554
-554
-554
-554
-554
-554
-554
-554
-554
-554
-554
-554
-554
-554
-554
-554
-554
-554
-554
-554
-554
-554
-554
-554
-554
-554
-554
-554
-554
-554
-554
-554
-554
-554
-554
-554
-554
-554
-554
-553
-553
-553
-553
-553
-553
-553
-553
-553
-553
-553
-553
-553
-553
-553
-553
-553
-553
-553
-553
-553
-553
-553
-553
-553
-554
-554
-554
-554
-554
-554
-554
-554
-554
-554
-554
-554
-554
-554
-554
-554
-554
-554
-554
-554
-554
-554
-554
-554
-554
-554
-554
-554
-554
-554
-554
-554
-554
-554
-554
-554
-554
-554
-554
-554
-554
-554
-554
-554
-554
-554
-554
-554
-554
-554
-554
-554
-554
-554
-554
-554
-554
-554
-554
-554
-554
-554
-554
-554
-554
-554
-554
-554
-554
-554
-554
-554
-554
-554
-554
-554
-554
-554
-554
-554
-554
-554
-554
-554
-554
-554
-554
-554
-554
-554
-554
-554
-554
-554
-554
-554
-554
-554
-554
-554
-554
-554
-554
-554
-554
-554
-554
-554
-554
-554
-554
-554
-554
-554
-554
-554
-554
-554
-554
-554
-554
-554
-554
-554
-554
-554
-554
-554
-554
-554
-554
-554
-554
-554
-554
-554
-554
-554
-554
-554
-554
-554
-554
-554
-554
-554
-554
-554
-554
-554
-554
-554
-554
-554
-554
-554
-554
-554
-555
-555
-555
-555
-555
-555
-555
-555
-555
-555
-555
-555
-555
-555
-555
-555
-555
-555
-555
-555
-555
-555
-555
-555
-555
-555
-555
-555
-555
-555
-555
-555
-555
-555
-555
-555
-555
-555
-555
-555
-555
-555
-555
-555
-555
-555
-555
-555
-555
-555
-555
-555
-555
-555
-555
-555
-555
-555
-555
-555
-555
-555
-555
-555
-555
-555
-555
-555
-555
-555
-555
-555
-555
-555
-555
-555
-555
-555
-555
-555
-555
-555
-555
-555
-555
-555
-555
-555
-555
-555
-555
-555
-555
-555
-555
-555
-555
-555
-555
-555
-555
-555
-555
-555
-555
-555
-555
-555
-555
-555
-555
-555
-555
-555
-555
-555
-555
-555
-555
-555
-555
-555
-555
-555
-555
-555
-555
-555
-554
-554
-554
-554
-554
-554
-554
-554
-554
-554
-554
-554
-554
-554
-554
-554
-554
-554
-554
-554
-554
-554
-554
-554
-554
-554
-554
-554
-554
-554
-554
-554
-554
-554
-554
-554
-554
-554
-554
-554
-554
-554
-554
-554
-554
-554
-554
-554
-554
-554
-554
-554
-554
-554
-554
-554
-554
-554
-554
-554
-554
-554
-554
-554
-554
-554
-554
-554
-554
-554
-554
-554
-554
-554
-554
-554
-554
-553
-553
-553
-553
-553
-553
-553
-553
-553
-553
-553
-553
-553
-553
-553
-553
-553
-553
-553
-553
-553
-553
-553
-553
-553
-553
-553
-553
-553
-553
-553
-553
-553
-553
-553
-553
-553
-553
-553
-553
-553
-553
-553
-553
-553
-553
-553
-553
-552
-552
-552
-552
-552
-552
-552
-552
-552
-552
-552
-552
-552
-552
-552
-552
-552
-552
-552
-552
-552
-552
-552
-552
-552
-552
-552
-552
-552
-552
-552
-552
-552
-552
-552
-552
-551
-551
-551
-551
-551
-551
-551
-551
-551
-551
-551
-551
-551
-551
-551
-551
-551
-551
-551
-551
-551
-551
-551
-551
-551
-551
-551
-551
-551
-551
-551
-551
-550
-550
-550
-550
-550
-550
-550
-550
-550
-550
-550
-550
-550
-550
-550
-550
-550
-550
-550
-550
-550
-550
-550
-550
-550
-550
-550
-550
-549
-549
-549
-549
-549
-549
-549
-549
-549
-549
-549
-549
-549
-549
-549
-549
-549
-549
-549
-549
-549
-549
-549
-549
-549
-549
-548
-548
-548
-548
-548
-548
-548
-548
-548
-548
-548
-548
-548
-548
-548
-548
-548
-548
-548
-548
-548
-548
-548
-547
-547
-547
-547
-547
-547
-547
-547
-547
-547
-547
-547
-547
-547
-547
-547
-547
-547
-547
-547
-547
-547
-546
-546
-546
-546
-546
-546
-546
-546
-546
-546
-546
-546
-546
-546
-546
-546
-546
-546
-546
-546
-546
-546
-545
-545
-545
-545
-545
-545
-545
-545
-545
-545
-545
-545
-545
-545
-545
-545
-545
-545
-545
-545
-544
-544
-544
-544
