P_X:
0
0
0
0
0
0
0
0
0
0
0
0
0
0
0
0
0
0
0
0
0
0
0
0
0
0
0
0
0
0
0
0
0
0
0
0
0
0
0
0
0
0
0
0
0
0
0
0
0
0
0
0
0
0
0
0
0
0
0
0
0
0
0
0
0
0
0
0
0
0
0
0
0
0
0
0
0
0
0
0
0
0
0
0
0
0
0
0
0
0
0
4000
4000
4000
4000
4000
4000
4000
7000
7000
7000
7000
7000
7000
7000
7000
7000
7000
7000
7000
7000
7000
7000
7000
7000
7000
7000
7000
7000
7000
7000
7000
7000
7000
7000
7000
7000
7000
7000
7000
7000
7000
7000
7000
7000
7000
7000
7000
7000
7000
7000
7000
7000
7000
7000
7000
7000
7000
7000
7000
7000
7000
7000
7000
7000
7000
7000
7000
7000
7000
7000
7000
7000
7000
7000
7000
7000
7000
7000
7000
7000
7000
7000
7000
7000
7000
7000
7000
3994
4000
4000
4000
4000
4000
7000
7000
3000
3000
3000
3000
3000
3000
3000
3000
3000
3000
3000
3000
3000
3000
3000
3000
3000
3000
3000
3000
3000
3000
3000
3000
3000
3000
3000
3000
3000
3000
3000
3000
3000
3000
3000
3000
3000
3000
3000
3000
3000
3000
3000
3000
3000
3000
3000
3000
3000
3000
3000
3000
3000
3000
3000
3000
3000
3000
3000
3000
3000
3000
3000
3000
3000
3000
3000
3000
3000
3000
3000
3000
3000
3000
3000
3000
3000
3000
3000
3000
3000
3000
3000
3000
0
0
0
0
0
0
0
0
0
0
750
2058
2058
2139
2139
2139
2139
2139
2139
2139
2139
2139
2139
2139
2139
2139
2139
3000
3000
3000
3000
3000
3000
3000
3000
3000
3000
3000
3000
3000
3000
3000
3000
3000
3000
3000
0
0
0
0
0
0
0
0
0
0
0
0
0
0
0
0
0
0
0
0
0
0
0
0
0
0
0
0
0
0
0
0
0
0
ACC_X:
0.17
0.01
0.01
0.19
0.10
0.10
-0.00
-0.00
0.16
0.16
0.21
0.04
0.04
0.03
0.03
0.13
0.13
0.01
-0.00
-0.00
0.15
0.15
0.16
0.16
0.08
0.10
0.10
0.16
0.16
0.05
0.05
-0.01
-0.01
0.11
0.14
0.14
0.03
0.03
0.08
0.19
0.19
0.04
0.04
-0.03
-0.03
0.18
0.18
0.25
0.11
0.11
0.02
0.02
0.11
0.11
0.05
-0.01
-0.01
0.16
0.16
0.15
0.15
0.04
0.04
0.13
0.18
0.18
0.03
0.03
0.03
0.18
0.18
0.11
0.11
0.03
0.03
0.12
0.12
0.15
0.05
0.05
0.08
0.08
0.17
0.17
0.17
0.17
0.02
0.15
0.15
0.20
0.08
0.08
0.05
0.05
-0.20
-0.20
-0.68
-0.72
-0.72
-0.05
-0.05
0.54
0.54
0.51
0.51
0.59
0.20
0.20
-0.20
-0.20
0.02
0.02
0.02
0.02
0.51
0.48
0.48
0.32
0.32
0.10
0.04
0.04
0.14
0.14
0.16
0.16
0.14
0.05
0.05
-0.02
-0.02
-0.14
-0.14
-0.23
-0.23
-0.16
-0.16
-0.16
-0.17
-0.17
-0.24
-0.24
-0.31
-0.30
-0.30
-0.23
-0.23
-0.17
-0.17
-0.19
-0.28
-0.28
-0.36
-0.36
-0.38
-0.38
-0.32
-0.26
-0.26
-0.27
-0.27
-0.34
-0.34
-0.45
-0.45
-0.52
-0.52
-0.52
-0.53
-0.53
-0.56
-0.56
-0.56
-0.56
-0.76
-0.89
-0.89
-0.82
-0.59
-0.59
-0.79
-0.79
-1.84
-1.84
-2.61
-1.66
-1.66
0.23
0.23
0.60
0.60
-0.10
-0.10
-0.22
-0.39
-0.39
-0.73
-0.73
-0.71
-0.71
-0.41
-0.22
-0.22
-0.02
-0.02
0.15
0.15
0.13
0.13
0.03
-0.07
-0.07
-0.15
-0.15
-0.19
-0.19
-0.19
-0.19
-0.11
-0.02
-0.02
0.06
0.07
0.07
0.03
0.03
-0.07
-0.07
-0.13
-0.12
-0.12
-0.19
-0.19
-0.38
-0.38
-0.21
-0.21
0.68
1.90
1.90
2.24
2.24
0.97
0.97
-0.70
-1.31
-1.31
-0.95
-0.95
-0.48
-0.48
-0.20
-0.20
-0.23
-0.41
-0.41
-0.48
-0.48
-0.49
-0.49
-0.49
-0.49
-0.52
-0.63
-0.63
-1.06
-1.48
-1.48
-1.13
-1.13
-0.63
-0.63
-0.68
-0.81
-0.81
-0.78
-0.78
-0.69
-0.69
-0.65
-0.65
-0.60
-0.53
-0.53
-0.51
-0.51
-0.49
-0.49
-0.54
-0.65
-0.65
-0.71
-0.71
-0.71
-0.71
-0.39
-0.39
0.90
1.74
1.74
1.27
1.27
1.05
0.97
0.97
0.96
0.96
1.27
1.27
1.28
1.28
1.01
1.01
1.01
0.84
0.84
0.96
0.96
0.83
0.66
0.66
0.64
0.64
0.64
0.64
0.63
0.63
0.58
0.48
0.48
0.38
0.38
0.29
0.21
0.21
0.16
0.16
0.14
0.14
0.13
0.13
0.13
0.13
0.13
0.15
0.15
0.18
0.18
0.18
0.18
0.24
ACC_Y:
0.12
0.02
0.02
0.05
0.12
0.12
0.04
0.04
0.06
0.06
0.18
0.10
0.10
0.00
0.00
0.11
0.11
0.15
0.08
0.08
0.09
0.09
0.15
0.15
0.11
0.01
0.01
0.05
0.05
0.10
0.10
0.06
0.06
0.07
0.20
0.20
0.15
0.15
0.02
0.13
0.13
0.15
0.15
0.03
0.03
0.03
0.03
0.11
0.10
0.10
0.02
0.02
0.13
0.13
0.20
0.08
0.08
0.09
0.09
0.17
0.17
0.12
0.12
0.05
0.13
0.13
0.12
0.12
0.02
0.10
0.10
0.19
0.19
0.13
0.13
0.08
0.08
0.14
0.12
0.12
0.01
0.01
0.07
0.07
0.07
0.07
0.09
0.07
0.07
0.13
0.07
0.07
-0.02
-0.02
0.22
0.22
0.17
0.14
0.14
-0.17
-0.17
-0.18
-0.18
0.45
0.45
0.31
0.13
0.13
-0.06
-0.06
-0.10
-0.10
-0.10
-0.10
0.35
0.09
0.09
0.19
0.19
0.17
0.05
0.05
0.19
0.19
0.29
0.29
0.17
0.08
0.08
0.06
0.06
0.06
0.06
0.07
0.07
0.09
0.10
0.10
0.06
0.06
0.05
0.05
0.10
0.07
0.07
0.05
0.05
0.07
0.07
0.08
0.10
0.10
0.10
0.10
0.05
0.05
0.06
0.06
0.06
0.02
0.02
0.04
0.04
0.10
0.10
0.14
0.18
0.18
0.21
0.21
0.22
0.22
0.22
0.22
0.25
0.26
0.26
0.19
0.10
0.10
-0.44
-0.44
-0.14
-0.14
1.68
2.37
2.37
0.89
0.89
0.09
0.09
0.37
0.37
0.24
-0.20
-0.20
-0.55
-0.55
-0.27
-0.27
-0.19
-0.40
-0.40
-0.29
-0.29
-0.14
-0.14
-0.18
-0.18
-0.21
-0.13
-0.13
-0.03
-0.03
-0.06
-0.06
-0.06
-0.06
-0.19
-0.18
-0.18
-0.13
-0.08
-0.08
-0.13
-0.13
-0.17
-0.17
-0.15
-0.12
-0.12
-0.07
-0.07
0.12
0.12
0.55
0.55
1.17
1.39
1.39
1.10
1.10
0.72
0.72
0.39
0.36
0.36
0.26
0.26
-0.03
-0.03
-0.16
-0.16
-0.18
-0.18
-0.18
-0.15
-0.15
-0.12
-0.12
-0.12
-0.12
-0.36
-0.48
-0.48
-0.55
-0.68
-0.68
-0.64
-0.64
-0.48
-0.48
-0.48
-0.57
-0.57
-0.55
-0.55
-0.40
-0.40
-0.26
-0.26
-0.12
0.01
0.01
0.09
0.09
0.14
0.14
0.17
0.19
0.19
0.10
0.10
-0.26
-0.26
-0.71
-0.71
-1.16
-1.27
-1.27
-0.79
-0.79
-0.58
-0.53
-0.53
-0.09
-0.09
0.31
0.31
0.23
0.23
0.00
0.00
0.00
0.16
0.16
0.23
0.23
0.24
0.23
0.23
0.25
0.25
0.31
0.31
0.37
0.37
0.34
0.31
0.31
0.35
0.35
0.38
0.40
0.40
0.40
0.40
0.37
0.37
0.35
0.35
0.34
0.31
0.31
0.29
0.29
0.25
0.25
0.25
0.25
0.19
ACC_Z:
0.92
1.05
1.05
0.95
0.98
0.98
1.06
1.06
1.01
1.01
0.96
0.97
0.97
0.99
0.99
0.94
0.94
0.98
1.07
1.07
1.04
1.04
0.97
0.97
0.95
1.02
1.02
0.97
0.97
0.97
0.97
1.07
1.07
1.00
0.97
0.97
1.04
1.04
1.03
0.95
0.95
1.00
1.00
1.07
1.07
1.01
1.01
0.94
0.92
0.92
0.97
0.97
0.96
0.96
0.98
1.01
1.01
0.98
0.98
0.98
0.98
1.03
1.03
1.05
0.97
0.97
0.94
0.94
0.98
0.94
0.94
0.98
0.98
1.05
1.05
1.03
1.03
0.98
1.00
1.00
1.06
1.06
0.99
0.99
0.99
0.99
1.01
0.97
0.97
0.92
0.98
0.98
1.05
1.05
0.81
0.81
0.32
0.03
0.03
-0.15
-0.15
-0.21
-0.21
-0.31
-0.31
-0.28
-0.13
-0.13
-0.15
-0.15
-0.13
-0.13
-0.13
-0.13
0.09
0.02
0.02
0.01
0.01
0.03
0.00
0.00
-0.02
-0.02
0.02
0.02
0.08
0.05
0.05
-0.02
-0.02
-0.05
-0.05
-0.04
-0.04
-0.03
-0.06
-0.06
-0.05
-0.05
-0.04
-0.04
-0.08
-0.11
-0.11
-0.09
-0.09
-0.07
-0.07
-0.05
-0.05
-0.05
-0.13
-0.13
-0.13
-0.13
-0.09
-0.02
-0.02
0.01
0.01
-0.04
-0.04
-0.12
-0.12
-0.19
-0.20
-0.20
-0.20
-0.20
-0.22
-0.22
-0.22
-0.22
-0.33
-0.40
-0.40
-0.38
-0.37
-0.37
-1.29
-1.29
-3.05
-3.05
-3.69
-3.14
-3.14
-1.31
-1.31
0.18
0.18
0.46
0.46
0.27
-0.21
-0.21
-0.30
-0.30
-0.45
-0.45
-0.34
-0.16
-0.16
-0.03
-0.03
0.06
0.06
0.12
0.12
0.13
0.05
0.05
-0.04
-0.04
-0.11
-0.11
-0.11
-0.11
-0.09
-0.06
-0.06
-0.04
-0.05
-0.05
-0.10
-0.10
-0.16
-0.16
-0.19
-0.23
-0.23
-0.34
-0.34
-0.68
-0.68
-1.31
-1.31
-2.42
-3.54
-3.54
-3.97
-3.97
-3.74
-3.74
-2.90
-1.88
-1.88
-1.01
-1.01
-0.41
-0.41
-0.14
-0.14
-0.07
-0.13
-0.13
-0.17
-0.17
-0.17
-0.17
-0.17
-0.17
-0.14
-0.19
-0.19
-0.33
-0.48
-0.48
-0.46
-0.46
-0.29
-0.29
-0.15
-0.02
-0.02
0.07
0.07
0.10
0.10
0.14
0.14
0.16
0.18
0.18
0.20
0.20
0.25
0.25
0.32
0.39
0.39
0.79
0.79
1.32
1.32
1.12
1.12
1.10
1.34
1.34
0.87
0.87
0.66
0.57
0.57
0.51
0.51
0.70
0.70
0.67
0.67
0.58
0.58
0.58
0.55
0.55
0.70
0.70
0.71
0.65
0.65
0.69
0.69
0.76
0.76
0.74
0.74
0.75
0.86
0.86
0.94
0.94
0.92
0.88
0.88
0.88
0.88
0.90
0.90
0.91
0.91
0.92
0.92
0.92
0.91
0.91
0.91
0.91
0.91
0.91
0.91
PIEZO:
0.00
0.00
0.00
0.00
0.00
0.00
0.00
0.00
0.00
0.00
0.00
0.00
0.00
0.00
0.00
0.00
0.00
0.00
0.00
0.00
0.00
0.00
0.00
0.00
0.00
0.00
0.00
0.00
0.00
0.00
0.00
0.00
0.00
0.00
0.00
0.00
0.00
0.00
0.00
0.00
0.00
0.00
0.00
0.00
0.00
0.00
0.00
0.00
0.00
0.00
0.00
0.00
0.00
0.00
0.00
0.00
0.00
0.00
0.00
0.00
0.00
0.00
0.00
0.00
0.00
0.00
0.00
0.00
0.00
0.00
0.00
0.00
0.00
0.00
0.00
0.00
0.00
0.00
0.00
0.00
0.00
0.00
0.00
0.00
0.00
0.00
0.00
0.00
0.00
0.00
0.00
0.00
0.00
0.00
0.00
0.00
0.00
0.00
0.00
0.00
0.00
0.00
0.00
0.00
0.00
0.00
0.00
0.00
0.00
0.00
0.00
0.00
0.00
0.00
0.00
0.00
0.00
0.00
0.00
0.00
0.00
0.00
0.00
0.00
0.00
0.00
0.00
0.00
0.00
0.00
0.00
0.00
0.00
0.00
0.00
0.00
0.00
0.00
0.00
0.00
0.00
0.00
0.00
0.00
0.00
0.00
0.00
0.00
0.00
0.00
0.00
0.00
0.00
0.00
0.00
0.00
0.00
0.00
0.00
0.00
0.00
0.00
0.00
0.00
0.00
0.00
0.00
0.00
0.00
0.00
0.00
0.00
0.00
0.00
0.00
0.00
0.00
0.00
0.00
0.00
0.00
0.00
0.00
0.00
0.00
0.00
0.00
0.00
0.00
0.00
0.00
0.00
0.00
0.00
0.00
0.00
0.00
0.00
0.00
0.00
0.00
0.00
0.00
0.00
0.00
0.00
0.00
0.00
0.00
0.00
0.00
0.00
0.00
0.00
0.00
0.00
0.00
0.00
0.00
0.00
0.00
0.00
0.00
0.00
0.00
0.00
0.00
0.00
0.00
0.00
0.00
0.00
0.00
0.00
0.00
0.00
0.00
0.00
0.00
0.00
0.00
0.00
0.00
0.00
0.00
0.00
0.00
0.00
0.00
0.00
0.00
0.00
0.00
0.00
0.00
0.00
0.00
0.00
0.00
0.00
0.00
0.00
0.00
0.00
0.00
0.00
0.00
0.00
0.00
0.00
0.00
0.00
0.00
0.00
0.00
0.00
0.00
0.00
0.00
0.00
0.00
0.00
0.00
0.00
0.00
0.00
0.00
0.00
0.00
0.00
0.00
0.00
0.00
0.00
0.00
0.00
0.00
0.00
0.00
0.00
0.00
0.00
0.00
0.00
0.00
0.00
0.00
0.00
0.00
0.00
0.00
0.00
0.00
0.00
0.00
0.00
0.00
0.00
0.00
0.00
0.00
0.00
0.00
0.00
0.00
0.00
0.00
0.00
0.00
0.00
0.00
0.00
0.00
0.00
0.00
0.00
0.00
0.00
0.00
0.00
0.00
0.00
0.00
0.00
0.00
0.00
0.00
0.00
0.00
0.00
PROXIMITY:
0
0
0
0
0
0
0
0
0
0
0
0
0
0
0
0
0
0
0
0
0
0
0
0
0
0
0
0
0
0
0
0
0
0
0
0
0
0
0
0
0
0
0
0
0
0
0
0
0
0
0
0
0
0
0
0
0
0
0
0
0
0
0
0
0
0
0
0
0
0
0
0
0
0
0
0
0
0
0
0
0
0
0
0
0
0
0
0
0
0
0
225
225
91
91
195
195
201
201
234
234
226
226
194
194
178
178
196
196
219
219
220
220
210
210
191
191
185
185
211
211
219
219
214
214
198
198
192
192
200
200
211
211
218
218
211
211
200
200
200
200
207
207
214
214
213
213
205
205
201
201
204
204
213
213
214
214
211
211
201
201
202
202
202
202
210
210
202
202
196
196
188
188
176
176
147
147
0
0
0
0
0
0
0
0
0
0
0
0
0
0
0
0
0
0
0
0
0
0
0
0
0
0
0
0
0
0
0
0
0
0
0
0
0
0
0
0
0
0
0
0
0
0
0
0
0
0
0
0
0
0
0
0
0
0
0
0
0
0
0
0
0
0
0
0
0
0
0
0
0
0
0
0
0
0
0
0
0
0
0
0
0
0
0
0
0
0
0
0
0
0
0
0
0
0
0
0
0
0
0
0
0
0
0
0
0
0
0
0
0
0
0
0
0
0
0
0
0
0
0
0
0
0
0
0
0
0
0
0
0
0
0
0
0
0
0
0
0
0
0
0
0
0
0
0
0
0
0
0
0
0
0
0
0
0
0
0
0
0
0
0
0
0
0
0
0
0
0
0
0
