P_X:
0
0
0
0
0
0
0
0
0
0
0
0
0
0
0
0
0
0
0
0
0
0
0
0
0
0
0
0
0
0
0
0
0
0
0
0
0
0
0
0
0
0
0
0
0
0
0
0
0
0
0
0
0
0
0
4000
4000
4000
4000
4000
4000
4000
4000
4000
4000
7000
7000
7000
7000
7000
7000
7000
7000
7000
7000
7000
7000
7000
7000
7000
7000
7000
7000
7000
7000
7000
7000
7000
7000
7000
7000
7000
7000
7000
7000
7000
7000
7000
7000
7000
7000
7000
7000
7000
7000
7000
7000
7000
7000
7000
7000
7000
7000
7000
7000
7000
7000
7000
7000
7000
7000
7000
7000
7000
7000
7000
7000
7000
7000
7000
7000
7000
7000
7000
7000
7000
7000
7000
7000
7000
7000
7000
7000
7000
7000
7000
7000
7000
7000
7000
7000
7000
7000
7000
7000
7000
7000
7000
7000
7000
7000
7000
3000
3000
3000
3000
3000
3000
3000
3000
3000
3000
3000
3000
3000
3000
3000
3000
3000
3000
3000
3000
3000
3000
3000
3000
3000
3000
3000
0
66
66
3000
3000
3000
3000
3000
3000
3000
3000
3000
3000
3000
3000
3000
3000
3000
3000
3000
3000
0
0
0
0
0
0
0
0
0
0
0
0
0
0
0
0
0
0
0
0
0
0
0
0
0
0
0
0
0
0
0
0
0
0
0
0
0
0
0
0
0
0
0
0
0
0
0
0
0
0
0
0
0
0
0
0
0
0
0
0
0
0
0
0
0
0
0
0
0
0
0
0
0
0
0
0
0
0
0
0
0
0
0
0
0
0
0
0
0
0
0
0
0
0
0
0
0
0
0
0
0
0
0
0
0
0
0
0
0
0
0
0
0
0
0
0
0
0
0
0
0
0
0
0
0
0
0
0
0
0
0
0
0
0
0
0
0
0
0
0
ACC_X:
0.06
0.04
0.04
0.13
0.13
0.13
0.08
0.08
0.09
0.09
0.10
0.06
0.06
0.08
0.08
0.08
0.08
0.02
0.02
0.08
0.15
0.15
0.15
0.15
0.08
0.02
0.02
0.06
0.06
0.13
0.13
0.14
0.14
0.09
0.04
0.04
0.08
0.08
0.16
0.16
0.14
0.08
0.08
0.04
0.04
0.02
0.02
0.09
0.09
0.09
0.09
0.15
0.11
0.03
0.03
0.07
0.07
-0.29
-0.29
-0.96
-0.96
-1.33
-0.66
-0.66
1.11
1.11
2.36
2.36
1.99
0.92
0.92
0.39
0.39
0.21
0.21
-0.04
-0.04
-0.11
-0.11
-0.11
-0.28
-0.28
-0.30
-0.30
-0.24
-0.24
-0.24
-0.22
-0.22
-0.08
-0.08
0.08
0.08
0.11
0.02
0.02
-0.03
-0.03
0.00
0.00
0.00
0.04
0.04
0.05
0.05
0.05
0.05
0.05
0.06
0.06
0.04
0.04
0.02
0.02
0.04
0.05
0.05
0.04
0.04
0.02
0.02
0.04
0.07
0.07
0.07
0.07
0.04
0.04
0.01
0.01
0.01
0.01
0.01
0.06
0.06
0.08
0.08
0.11
0.13
0.13
0.02
0.02
-0.08
0.01
0.01
0.77
0.77
1.96
1.96
2.16
2.16
1.59
0.51
0.51
-0.35
-0.35
0.14
0.14
0.50
0.18
0.18
0.22
0.22
0.46
0.46
0.32
0.32
0.12
-0.02
-0.02
-0.05
-0.05
0.04
0.15
0.15
0.33
0.33
0.44
0.44
0.38
0.38
0.20
-0.08
-0.08
-0.46
-0.46
-0.76
-0.76
-0.76
-0.76
-0.57
-0.34
-0.34
-0.26
-0.30
-0.30
-0.41
-0.41
-0.61
-0.61
-0.75
-0.73
-0.73
-0.55
-0.55
-0.25
-0.25
0.02
0.02
0.21
0.21
0.43
0.66
0.66
0.76
0.76
0.70
0.56
0.56
0.53
0.53
0.52
0.52
0.38
0.38
0.26
0.19
0.19
0.13
0.13
0.08
0.08
0.08
0.08
-0.01
-0.05
-0.05
-0.06
-0.04
-0.04
-0.01
-0.01
-0.00
-0.00
0.01
0.04
0.04
0.09
0.09
0.14
0.14
0.21
0.21
0.26
0.26
0.26
0.26
0.30
0.31
0.31
0.31
0.27
0.27
0.21
0.21
0.15
0.15
0.13
0.13
0.14
0.17
0.17
0.20
0.20
0.21
0.21
0.21
0.19
0.19
0.18
0.18
0.16
0.16
0.15
0.15
0.16
0.18
0.18
0.20
0.20
0.20
0.19
0.19
0.18
0.18
0.17
0.17
0.17
0.17
0.17
0.18
0.18
0.18
0.18
0.18
0.19
0.19
0.19
0.19
0.19
0.19
0.18
0.18
0.18
0.18
0.18
0.18
0.18
0.18
0.18
0.18
0.18
0.18
0.18
0.18
0.18
0.18
0.18
0.18
0.18
0.18
0.18
0.18
0.18
0.18
0.18
0.18
0.18
0.18
0.18
0.18
0.18
0.18
0.18
0.18
0.18
0.18
0.18
0.18
0.18
0.18
ACC_Y:
0.20
0.20
0.20
0.11
0.11
0.08
0.14
0.14
0.17
0.17
0.14
0.16
0.16
0.14
0.14
0.16
0.16
0.23
0.23
0.21
0.13
0.13
0.11
0.11
0.18
0.22
0.22
0.15
0.15
0.08
0.08
0.07
0.07
0.14
0.23
0.23
0.20
0.20
0.13
0.13
0.12
0.15
0.15
0.24
0.24
0.24
0.24
0.16
0.16
0.16
0.16
0.15
0.18
0.20
0.20
0.13
0.13
0.14
0.14
0.55
0.55
0.72
0.28
0.28
0.02
0.02
-0.04
-0.04
0.03
0.26
0.26
0.03
0.03
-0.09
-0.09
0.21
0.21
0.11
0.11
0.11
0.23
0.23
0.21
0.21
0.25
0.27
0.27
0.23
0.23
0.16
0.16
0.09
0.09
0.03
0.04
0.04
0.04
0.04
0.02
0.05
0.05
0.05
0.05
0.05
0.05
0.06
0.06
0.07
0.06
0.06
0.06
0.06
0.06
0.06
0.03
0.03
0.03
0.05
0.05
0.05
0.05
0.06
0.02
0.02
0.01
0.01
0.14
0.14
0.08
0.00
0.00
0.13
0.13
0.18
0.18
0.09
0.09
-0.02
-0.06
-0.06
-0.06
-0.06
-0.11
0.07
0.07
0.21
0.21
1.20
1.20
2.21
2.21
1.62
0.45
0.45
-0.44
-0.44
-0.29
-0.29
-0.05
-0.57
-0.57
-0.39
-0.39
-0.10
-0.10
0.11
0.11
0.41
0.05
0.05
-0.09
-0.09
-0.21
-0.53
-0.53
-0.95
-0.95
-1.28
-1.28
-1.39
-1.39
-1.30
-1.06
-1.06
-0.91
-0.91
-0.95
-0.95
-0.95
-0.95
-0.89
-0.55
-0.55
-0.27
-0.15
-0.15
-0.11
-0.11
0.02
0.02
0.20
0.37
0.37
0.61
0.61
0.94
0.94
1.20
1.20
1.28
1.28
1.27
1.25
1.25
1.21
1.21
1.12
0.96
0.96
0.85
0.85
0.79
0.79
0.67
0.67
0.55
0.45
0.45
0.39
0.39
0.36
0.36
0.36
0.36
0.24
0.19
0.19
0.13
0.05
0.05
-0.01
-0.01
-0.07
-0.07
-0.11
-0.12
-0.12
-0.14
-0.14
-0.16
-0.16
-0.20
-0.20
-0.23
-0.23
-0.23
-0.23
-0.27
-0.30
-0.32
-0.32
-0.32
-0.32
-0.30
-0.30
-0.29
-0.29
-0.29
-0.29
-0.27
-0.22
-0.22
-0.17
-0.17
-0.14
-0.12
-0.12
-0.11
-0.11
-0.12
-0.12
-0.12
-0.12
-0.14
-0.14
-0.16
-0.18
-0.18
-0.19
-0.19
-0.19
-0.18
-0.18
-0.17
-0.17
-0.16
-0.16
-0.15
-0.15
-0.15
-0.15
-0.15
-0.16
-0.16
-0.17
-0.17
-0.17
-0.17
-0.17
-0.17
-0.17
-0.16
-0.16
-0.16
-0.16
-0.16
-0.16
-0.16
-0.17
-0.17
-0.17
-0.17
-0.17
-0.17
-0.17
-0.16
-0.16
-0.16
-0.16
-0.16
-0.16
-0.16
-0.16
-0.16
-0.17
-0.17
-0.17
-0.17
-0.17
-0.16
-0.16
-0.16
-0.16
-0.16
-0.16
-0.16
-0.16
-0.16
-0.17
-0.17
-0.17
ACC_Z:
1.01
0.99
0.99
1.03
1.03
1.01
1.01
1.01
1.01
1.01
1.02
1.04
1.04
1.05
1.05
0.94
0.94
0.88
0.88
0.93
1.00
1.00
1.02
1.02
0.99
1.00
1.00
1.03
1.03
1.04
1.04
1.02
1.02
0.97
0.94
0.94
0.98
0.98
1.01
1.01
0.99
0.98
0.98
0.93
0.93
0.94
0.94
0.99
0.99
0.99
0.99
0.96
0.93
0.96
0.96
1.01
1.01
0.78
0.78
0.47
0.47
-0.08
-0.43
-0.43
-0.27
-0.27
-0.48
-0.48
-0.41
-0.31
-0.31
-0.16
-0.16
0.11
0.11
-0.09
-0.09
-0.02
-0.02
-0.02
-0.02
-0.02
-0.08
-0.08
-0.21
-0.19
-0.19
-0.19
-0.19
-0.16
-0.16
-0.13
-0.13
-0.06
0.00
0.00
-0.00
-0.00
0.01
0.01
0.01
0.01
0.01
0.04
0.04
0.02
0.02
-0.01
-0.01
-0.01
-0.01
-0.01
-0.02
-0.02
-0.00
0.03
0.03
0.03
0.03
0.01
0.01
0.04
0.05
0.05
-0.02
-0.02
-0.11
-0.11
-0.03
0.04
0.04
-0.05
-0.05
-0.06
-0.06
0.00
0.00
0.06
0.05
0.05
-0.03
-0.03
-0.13
-0.13
-0.13
0.07
0.07
-0.54
-0.54
-1.27
-1.27
-1.32
-0.78
-0.78
0.22
0.22
-0.06
-0.06
-0.08
0.07
0.07
-0.13
-0.13
0.16
0.16
-0.12
-0.12
-0.25
-0.07
-0.07
0.01
0.01
0.13
0.27
0.27
0.41
0.41
0.46
0.46
0.37
0.37
0.21
0.10
0.10
0.13
0.13
0.32
0.32
0.32
0.32
0.38
0.23
0.23
0.24
0.42
0.42
0.64
0.64
0.87
0.87
1.05
1.09
1.09
1.06
1.06
1.04
1.04
1.01
1.01
0.99
0.99
0.98
0.96
0.96
0.88
0.88
0.76
0.59
0.59
0.49
0.49
0.50
0.50
0.57
0.57
0.70
0.81
0.81
0.86
0.86
0.88
0.88
0.88
0.88
0.98
1.03
1.03
1.06
1.08
1.08
1.09
1.09
1.08
1.08
1.04
0.98
0.98
0.94
0.94
0.92
0.92
0.93
0.93
0.97
0.97
0.97
0.97
1.03
1.03
1.01
1.01
0.97
0.97
0.95
0.95
0.94
0.94
0.95
0.95
0.96
0.98
0.98
0.98
0.98
0.98
0.98
0.98
0.98
0.98
0.97
0.97
0.97
0.97
0.97
0.97
0.98
0.98
0.98
0.97
0.97
0.98
0.98
0.98
0.98
0.98
0.97
0.97
0.97
0.97
0.97
0.98
0.98
0.98
0.98
0.97
0.98
0.98
0.98
0.98
0.98
0.98
0.98
0.98
0.97
0.97
0.97
0.97
0.97
0.97
0.97
0.97
0.98
0.98
0.98
0.98
0.97
0.97
0.98
0.98
0.98
0.97
0.97
0.97
0.97
0.97
0.97
0.97
0.97
0.97
0.97
0.97
0.97
0.97
0.97
0.97
0.97
0.98
0.98
0.98
0.97
0.97
PIEZO:
0.00
0.00
0.00
0.00
0.00
0.00
0.00
0.00
0.00
0.00
0.00
0.00
0.00
0.00
0.00
0.00
0.00
0.00
0.00
0.00
0.00
0.00
0.00
0.00
0.00
0.00
0.00
0.00
0.00
0.00
0.00
0.00
0.00
0.00
0.00
0.00
0.00
0.00
0.00
0.00
0.00
0.00
0.00
0.00
0.00
0.00
0.00
0.00
0.00
0.00
0.00
0.00
0.00
0.00
0.00
4.00
0.00
2.00
0.00
0.00
0.00
0.00
0.00
0.00
0.00
0.00
0.00
0.00
0.00
0.00
0.00
0.00
0.00
0.00
0.00
0.00
0.00
0.00
0.00
0.00
0.00
0.00
0.00
0.00
0.00
0.00
0.00
0.00
0.00
0.00
0.00
0.00
0.00
0.00
0.00
0.00
0.00
0.00
0.00
0.00
0.00
0.00
0.00
0.00
0.00
0.00
0.00
0.00
0.00
0.00
0.00
0.00
0.00
0.00
0.00
0.00
0.00
0.00
0.00
0.00
0.00
0.00
0.00
0.00
0.00
0.00
0.00
0.00
0.00
0.00
0.00
0.00
0.00
0.00
0.00
0.00
0.00
0.00
0.00
0.00
0.00
0.00
0.00
0.00
0.00
0.00
0.00
0.00
0.00
0.00
0.00
0.00
0.00
0.00
0.00
0.00
0.00
0.00
0.00
0.00
0.00
0.00
0.00
0.00
0.00
0.00
0.00
0.00
0.00
0.00
0.00
0.00
0.00
0.00
0.00
0.00
0.00
0.00
0.00
0.00
0.00
0.00
0.00
0.00
0.00
0.00
0.00
0.00
0.00
0.00
0.00
0.00
0.00
0.00
0.00
0.00
0.00
0.00
0.00
0.00
0.00
1.00
0.00
0.00
0.00
0.00
0.00
0.00
0.00
0.00
0.00
0.00
0.00
0.00
0.00
0.00
0.00
0.00
0.00
0.00
0.00
0.00
0.00
0.00
0.00
0.00
0.00
0.00
0.00
0.00
0.00
0.00
0.00
0.00
0.00
0.00
0.00
0.00
0.00
0.00
0.00
0.00
0.00
0.00
0.00
0.00
0.00
0.00
0.00
0.00
0.00
0.00
0.00
0.00
0.00
0.00
0.00
0.00
0.00
0.00
0.00
0.00
0.00
0.00
0.00
0.00
0.00
0.00
0.00
0.00
0.00
0.00
0.00
0.00
0.00
0.00
0.00
0.00
0.00
0.00
0.00
0.00
0.00
0.00
0.00
0.00
0.00
0.00
0.00
0.00
0.00
0.00
0.00
0.00
0.00
0.00
0.00
0.00
0.00
0.00
0.00
0.00
0.00
0.00
0.00
0.00
0.00
0.00
0.00
0.00
0.00
0.00
0.00
0.00
0.00
0.00
0.00
0.00
0.00
0.00
0.00
0.00
0.00
0.00
0.00
0.00
0.00
0.00
0.00
0.00
0.00
0.00
0.00
0.00
0.00
0.00
0.00
0.00
0.00
0.00
0.00
0.00
0.00
0.00
0.00
0.00
0.00
0.00
0.00
0.00
PROXIMITY:
0
0
0
0
0
0
0
0
0
0
0
0
0
0
0
0
0
0
0
0
0
0
0
0
0
0
0
0
0
0
0
0
0
0
0
0
0
0
0
0
0
0
0
0
0
0
0
0
0
0
0
0
0
0
0
240
240
234
234
0
0
0
0
237
237
240
240
241
241
239
239
241
241
240
240
237
237
234
234
229
229
229
229
230
230
231
231
234
234
235
235
237
237
235
235
234
234
232
232
234
234
236
236
237
237
240
240
236
236
236
236
235
235
237
237
236
236
237
237
237
237
242
242
241
241
244
244
243
243
242
242
242
242
242
242
241
241
242
242
242
242
240
240
230
230
0
0
0
0
0
0
0
0
0
0
0
0
0
0
0
0
0
0
0
0
0
0
0
0
0
0
0
0
0
0
0
0
0
0
0
0
0
0
0
0
0
0
0
0
28
28
42
42
46
46
46
46
43
43
45
45
43
43
43
43
42
42
39
39
30
30
10
10
3
3
1
1
10
10
29
29
37
37
41
41
41
41
35
35
31
31
30
30
31
31
33
33
31
31
28
28
26
26
24
24
23
23
21
21
22
22
23
23
21
21
20
20
20
20
19
19
17
17
18
18
16
16
16
16
16
16
17
17
16
16
16
16
16
16
18
18
20
20
23
23
24
24
25
25
25
25
24
24
24
24
22
22
21
21
18
18
17
17
19
19
19
19
19
19
17
17
19
19
20
20
20
20
20
20
19
19
20
20
20
20
21
21
21
21
20
20
21
21
22
22
22
22
20
20
20
20
20
20
19
19
19
19
19
19
19
