PIEZO:
0.00
0.00
0.00
0.00
0.00
0.00
2.00
0.00
0.00
0.00
0.00
20.00
2.00
0.00
0.00
20.00
15.00
1.00
0.00
14.00
7.00
1.00
18.00
21.00
0.00
0.00
0.00
16.00
0.00
0.00
0.00
0.00
0.00
1.00
0.00
0.00
2.00
0.00
2.00
4.00
0.00
5.00
6.00
5.00
11.00
0.00
9.00
2.00
0.00
4.00
0.00
0.00
1.00
44.00
1.00
5.00
0.00
2.00
0.00
11.00
2.00
21.00
0.00
27.00
0.00
4.00
2.00
1.00
1.00
0.00
4.00
1.00
0.00
2.00
1.00
2.00
0.00
0.00
7.00
4.00
0.00
2.00
0.00
0.00
2.00
0.00
13.00
1.00
0.00
0.00
2.00
0.00
0.00
0.00
1.00
1.00
1.00
4.00
0.00
2.00
0.00
0.00
3.00
0.00
0.00
0.00
1.00
2.00
7.00
0.00
0.00
0.00
13.00
7.00
23.00
0.00
21.00
0.00
0.00
0.00
1.00
0.00
9.00
0.00
0.00
0.00
1.00
3.00
4.00
4.00
0.00
0.00
0.00
0.00
0.00
6.00
3.00
20.00
0.00
0.00
0.00
5.00
0.00
4.00
4.00
20.00
0.00
0.00
32.00
12.00
3.00
0.00
0.00
10.00
0.00
0.00
32.00
10.00
4.00
0.00
0.00
0.00
3.00
5.00
0.00
16.00
0.00
1.00
0.00
0.00
7.00
12.00
0.00
0.00
0.00
0.00
1.00
10.00
4.00
1.00
1.00
2.00
0.00
4.00
0.00
0.00
2.00
2.00
3.00
2.00
0.00
1.00
2.00
0.00
0.00
0.00
0.00
0.00
8.00
0.00
3.00
2.00
0.00
11.00
0.00
0.00
1.00
0.00
4.00
0.00
1.00
0.00
1.00
11.00
19.00
0.00
9.00
0.00
8.00
0.00
0.00
9.00
1.00
5.00
0.00
0.00
0.00
9.00
0.00
0.00
4.00
20.00
0.00
0.00
22.00
1.00
12.00
0.00
0.00
0.00
0.00
6.00
20.00
27.00
1.00
0.00
0.00
0.00
10.00
14.00
0.00
2.00
0.00
0.00
1.00
0.00
0.00
4.00
23.00
0.00
1.00
25.00
3.00
6.00
0.00
14.00
0.00
5.00
4.00
0.00
5.00
0.00
36.00
0.00
0.00
1.00
0.00
22.00
0.00
5.00
48.00
5.00
9.00
5.00
0.00
0.00
9.00
4.00
13.00
0.00
0.00
28.00
5.00
9.00
0.00
5.00
0.00
2.00
4.00
0.00
2.00
0.00
28.00
0.00
0.00
0.00
4.00
0.00
1.00
20.00
0.00
14.00
12.00
0.00
0.00
0.00
0.00
0.00
0.00
0.00
3.00
0.00
3.00
0.00
1.00
0.00
0.00
0.00
1.00
37.00
0.00
4.00
0.00
0.00
0.00
9.00
0.00
0.00
7.00
17.00
13.00
0.00
0.00
0.00
1.00
21.00
5.00
0.00
4.00
0.00
10.00
0.00
0.00
0.00
9.00
4.00
16.00
6.00
0.00
1.00
12.00
6.00
8.00
0.00
0.00
0.00
9.00
0.00
0.00
8.00
0.00
0.00
1.00
7.00
7.00
11.00
7.00
0.00
0.00
8.00
7.00
29.00
0.00
3.00
0.00
9.00
0.00
0.00
6.00
1.00
2.00
0.00
4.00
7.00
4.00
7.00
0.00
0.00
27.00
6.00
14.00
0.00
0.00
0.00
2.00
0.00
1.00
4.00
0.00
3.00
0.00
8.00
0.00
2.00
0.00
0.00
7.00
16.00
8.00
0.00
0.00
0.00
0.00
0.00
0.00
0.00
0.00
0.00
0.00
0.00
2.00
2.00
0.00
2.00
0.00
0.00
12.00
0.00
2.00
0.00
0.00
3.00
1.00
4.00
0.00
0.00
10.00
0.00
8.00
0.00
5.00
12.00
6.00
1.00
0.00
4.00
2.00
0.00
6.00
11.00
0.00
3.00
0.00
1.00
9.00
0.00
5.00
15.00
0.00
1.00
8.00
7.00
2.00
0.00
6.00
12.00
0.00
0.00
0.00
0.00
0.00
0.00
20.00
0.00
0.00
1.00
5.00
3.00
0.00
4.00
0.00
2.00
0.00
0.00
0.00
0.00
1.00
0.00
0.00
1.00
