MIC:
-183
-183
-183
-183
-183
-183
-183
-183
-183
-183
-183
-183
-183
-183
-183
-183
-183
-183
-183
-183
-183
-183
-183
-183
-183
-183
-183
-184
-184
-184
-184
-184
-184
-184
-184
-184
-184
-184
-184
-184
-184
-184
-184
-184
-184
-184
-184
-184
-184
-184
-184
-184
-184
-184
-184
-184
-184
-184
-185
-185
-185
-185
-185
-185
-185
-185
-185
-185
-185
-185
-185
-185
-185
-185
-185
-185
-185
-185
-185
-185
-185
-185
-185
-185
-185
-185
-185
-185
-185
-185
-185
-186
-186
-186
-186
-186
-186
-186
-186
-186
-186
-186
-186
-186
-186
-186
-186
-186
-186
-186
-186
-186
-186
-186
-186
-186
-186
-186
-186
-186
-186
-186
-186
-186
-186
-186
-186
-186
-186
-187
-187
-187
-187
-187
-187
-187
-187
-187
-187
-187
-187
-187
-187
-187
-187
-187
-187
-187
-187
-187
-187
-187
-187
-187
-187
-187
-187
-187
-187
-187
-187
-187
-187
-187
-187
-187
-187
-187
-187
-187
-188
-188
-188
-188
-188
-188
-188
-188
-188
-188
-188
-188
-188
-188
-188
-188
-188
-188
-188
-188
-188
-188
-188
-188
-188
-188
-188
-188
-188
-188
-188
-188
-188
-188
-188
-188
-188
-188
-188
-188
-188
-188
-188
-189
-189
-189
-189
-189
-189
-189
-189
-189
-189
-189
-189
-189
-189
-189
-189
-189
-189
-189
-189
-189
-189
-189
-189
-189
-189
-189
-189
-189
-189
-189
-189
-189
-189
-189
-189
-189
-189
-189
-189
-189
-189
-189
-189
-189
-189
-189
-189
-189
-189
-189
-190
-190
-190
-190
-190
-190
-190
-190
-190
-190
-190
-190
-190
-190
-190
-190
-190
-190
-190
-190
-190
-190
-190
-190
-190
-190
-190
-190
-190
-190
-190
-190
-190
-190
-190
-190
-190
-190
-190
-190
-190
-190
-190
-190
-190
-190
-190
-190
-190
-190
-190
-190
-190
-190
-190
-190
-190
-190
-190
-190
-190
-190
-190
-190
-190
-190
-191
-191
-191
-191
-191
-191
-191
-191
-191
-191
-191
-191
-191
-191
-191
-191
-191
-191
-191
-191
-191
-191
-191
-191
-191
-191
-191
-191
-191
-191
-191
-191
-191
-191
-191
-191
-191
-191
-191
-191
-191
-191
-191
-191
-191
-191
-191
-191
-191
-191
-191
-191
-191
-191
-191
-191
-191
-191
-191
-191
-191
-191
-191
-191
-191
-191
-191
-191
-191
-191
-191
-191
-191
-192
-192
-192
-192
-192
-192
-192
-192
-192
-192
-192
-192
-192
-192
-192
-192
-192
-192
-192
-192
-192
-192
-192
-192
-192
-192
-192
-192
-192
-192
-192
-192
-192
-192
-192
-192
-192
-192
-192
-192
-192
-192
-192
-192
-192
-192
-192
-192
-192
-192
-192
-192
-192
-192
-192
-192
-192
-192
-192
-192
-192
-192
-192
-192
-192
-192
-192
-192
-192
-192
-192
-192
-192
-192
-192
-192
-192
-192
-192
-192
-192
-192
-192
-192
-192
-192
-192
-192
-192
-192
-192
-192
-192
-192
-192
-192
-192
-192
-192
-192
-192
-192
-192
-193
-193
-193
-193
-193
-193
-193
-193
-193
-193
-193
-193
-193
-193
-193
-193
-193
-193
-193
-193
-193
-193
-193
-193
-193
-193
-193
-193
-193
-193
-193
-193
-193
-193
-193
-193
-193
-193
-193
-193
-193
-193
-193
-193
-193
-193
-193
-193
-193
-193
-193
-193
-193
-193
-193
-193
-193
-193
-193
-193
-193
-193
-193
-193
-193
-193
-193
-193
-193
-193
-193
-193
-193
-193
-193
-193
-193
-193
-193
-193
-193
-193
-193
-193
-193
-193
-193
-193
-193
-193
-193
-193
-193
-193
-193
-193
-193
-193
-193
-193
-193
-193
-193
-193
-193
-193
-193
-193
-193
-193
-193
-193
-193
-193
-193
-193
-193
-193
-193
-193
-193
-193
-194
-194
-194
-194
-194
-194
-194
-194
-194
-194
-194
-194
-194
-194
-194
-194
-194
-194
-194
-194
-194
-194
-194
-194
-194
-194
-194
-194
-194
-194
-194
-194
-194
-194
-194
-194
-194
-194
-194
-194
-194
-194
-194
-194
-194
-194
-194
-194
-194
-194
-194
-194
-194
-194
-194
-194
-194
-194
-194
-194
-194
-194
-194
-194
-194
-194
-194
-194
-194
-194
-194
-194
-194
-194
-194
-194
-194
-194
-194
-194
-194
-194
-194
-194
-194
-194
-194
-194
-194
-194
-194
-194
-194
-194
-194
-194
-194
-195
-195
-195
-195
-195
-195
-195
-195
-195
-195
-195
-195
-195
-195
-195
-195
-195
-195
-195
-195
-195
-195
-195
-195
-195
-195
-195
-195
-195
-195
-195
-195
-195
-195
-195
-195
-195
-195
-195
-195
-195
-195
-195
-195
-195
-195
-195
-195
-195
-195
-195
-195
-195
-195
-195
-195
-195
-195
-195
-195
-195
-195
-195
-195
-195
-195
-195
-195
-195
-195
-195
-195
-195
-195
-194
-194
-194
-193
-193
-193
-193
-193
-193
-193
-193
-193
-193
-193
-194
-194
-194
-194
-194
-195
-194
-194
-194
-194
-194
-194
-194
-194
-194
-194
-194
-195
-195
-195
-195
-196
-196
-196
-197
-197
-197
-197
-197
-197
-196
-196
-196
-196
-196
-195
-195
-195
-195
-195
-195
-195
-195
-196
-196
-196
-196
-196
-196
-196
-196
-196
-195
-195
-195
-195
-195
-195
-195
-195
-194
-194
-194
-193
-193
-193
-192
-191
-191
-190
-189
-188
-187
-186
-185
-184
-183
-182
-181
-179
-178
-177
-175
-174
-172
-171
-170
-168
-167
-166
-164
-163
-162
-160
-159
-157
-155
-154
-152
-150
-148
-146
-144
-142
-141
-139
-137
-134
-132
-130
-128
-126
-124
-121
-119
-117
-115
-112
-110
-108
-105
-103
-101
-98
-96
-94
-91
-89
-87
-85
-82
-80
-78
-75
-73
-71
-68
-66
-63
-61
-58
-55
-53
-50
-47
-44
-41
-38
-35
-32
-29
-26
-23
-20
-17
-14
-11
-8
-5
-2
0
3
6
9
12
15
18
21
24
28
31
34
37
40
43
46
49
52
55
59
62
65
69
72
75
79
83
86
90
93
97
101
105
108
112
116
120
123
127
131
134
138
142
145
149
153
156
160
164
167
171
175
179
182
186
190
194
198
202
206
210
215
219
223
227
231
235
239
243
247
251
255
259
263
267
271
275
279
283
287
291
296
300
304
308
312
317
321
325
330
334
339
343
348
352
357
361
366
370
375
380
384
389
393
398
403
407
412
417
422
426
431
436
441
446
451
456
461
466
471
476
481
486
491
496
501
507
512
517
522
527
532
538
543
548
553
559
564
569
574
579
584
589
594
599
604
609
614
619
625
630
635
640
645
650
656
661
666
671
676
682
687
692
697
703
708
713
718
723
729
734
739
744
750
755
760
766
771
776
782
787
792
798
803
808
813
818
823
829
834
839
844
849
855
860
865
871
876
882
887
893
898
904
909
915
920
926
932
937
943
949
955
960
966
972
978
984
990
996
1002
1008
1014
1019
1025
1031
1037
1043
1048
1054
1060
1066
1072
1078
1084
1090
1096
1102
1108
1115
1121
1127
1133
1139
1145
1151
1157
1163
1170
1176
1182
1188
1194
1201
1207
1213
1220
1226
1232
1238
1245
1251
1257
1263
1269
1275
1281
1287
1293
1299
1305
1312
1317
1323
1329
1335
1341
1347
1353
1359
1365
1371
1377
1383
1389
1395
1402
1408
1414
1420
1426
1432
1438
1445
1451
1457
1463
1469
1475
1481
1487
1493
1499
1505
1511
1517
1523
1529
1536
1542
1548
1554
1560
1566
1572
1578
1584
1590
1596
1603
1609
1615
1621
1628
1634
1640
1647
1653
1659
1666
1672
1678
1685
1691
1697
1703
1710
1716
1722
1728
1734
1741
1747
1753
1759
1765
1771
1777
1783
1789
1796
1802
1808
1814
1820
1826
1832
1838
1844
1850
1856
1863
1869
1875
1881
1887
1893
1899
1906
1912
1918
1924
1930
1936
1942
1948
1954
1960
1966
1972
1978
1984
1991
1997
2003
2009
2015
2021
2027
2033
2039
2045
2051
2058
2064
2070
2076
2082
2088
2095
2101
2107
2114
2120
2126
2133
2139
2145
2152
2158
2165
2171
2177
2184
2190
2196
2203
2209
2215
2222
2228
2234
2241
2247
2253
2260
2266
2272
2278
2285
2291
2297
2303
2309
2316
2322
2328
2334
2340
2346
2353
2359
2365
2371
2377
2383
2389
2395
2401
2407
2413
2419
2425
2431
2437
2443
2449
2455
2461
2467
2473
2479
2485
2491
2497
2503
2509
2515
2521
2527
2533
2539
2545
2551
2557
2563
2569
2575
2581
2587
2593
2599
2605
2611
2617
2623
2629
2635
2641
2646
2652
2658
2664
2670
2675
2681
2687
2693
2699
2705
2711
2717
2723
2729
2735
2741
2747
2753
2759
2765
2772
2778
2784
2790
2796
2802
2808
2814
2820
2826
2832
2838
2844
2850
2856
2862
2868
2874
2880
2886
2892
2897
2903
2909
2915
2921
2927
2933
2939
2945
2951
2957
2962
2968
2974
2980
2986
2991
2997
3003
3009
3014
3020
3026
3032
3037
3043
3049
3055
3061
3066
3072
3078
3084
3089
3095
3101
3107
3113
3118
3124
3130
3136
3142
3148
3154
3159
3165
3171
3177
3183
3189
3195
3200
3206
3212
3218
3224
3229
3235
3241
3247
3252
3258
3264
3270
3275
3281
3287
3292
3298
3304
3309
3315
3321
3326
3332
3338
3344
3349
3355
3360
3366
3372
3377
3383
3388
3394
3400
3405
3411
3416
3422
3427
3433
3439
3444
3450
3455
3461
3466
3472
3477
3483
3488
3494
3499
3505
3510
3515
3521
3526
3532
3537
3542
3548
3553
3558
3564
3569
3574
3579
3584
3590
3595
3600
3605
3610
3615
3621
3626
3631
3636
3641
3646
3651
3657
3662
3667
3672
3677
3682
3688
3693
3698
3703
3708
3714
3719
3724
3729
3734
3739
3745
3750
3755
3760
3765
3770
3776
3781
3786
3791
3796
3801
3806
3811
3816
3822
3827
3832
3837
3842
3847
3852
3857
3862
3867
3872
3877
3882
3887
3892
3897
3902
3907
3912
3917
3922
3927
3931
3936
3941
3946
3951
3956
3961
3966
3971
3975
3980
3985
3990
3995
4000
4005
4009
4014
4019
4024
4028
4033
4038
4042
4047
4052
4056
4061
4066
4070
4075
4079
4084
4089
4093
4097
4102
4106
4111
4115
4120
4124
4129
4133
4137
4142
4146
4151
4155
4160
4164
4169
4173
4178
4182
4187
4191
4196
4200
4205
4209
4214
4218
4223
4227
4232
4236
4241
4245
4249
4254
4258
4262
4267
4271
4275
4280
4284
4288
4292
4297
4301
4305
4309
4313
4317
4322
4326
4330
4334
4338
4343
4347
4351
4355
4359
4364
4368
4372
4376
4380
4384
4389
4393
4397
4401
4405
4409
4413
4417
4421
4425
4429
4433
4437
4440
4444
4448
4452
4456
4460
4463
4467
4471
4475
4478
4482
4486
4490
4494
4497
4501
4505
4509
4513
4517
4520
4524
4528
4532
4536
4540
4543
4547
4551
4555
4559
4562
4566
4570
4574
4577
4581
4585
4588
4592
4596
4599
4603
4607
4610
4614
4618
4621
4625
4629
4632
4636
4640
4643
4647
4651
4654
4658
4662
4665
4669
4673
4676
4680
4683
4687
4690
4694
4698
4701
4705
4708
4712
4716
4719
4723
4726
4730
4733
4737
4740
4743
4747
4750
4753
4757
4760
4763
4767
4770
4773
4777
4780
4783
4786
4790
4793
4796
4799
4803
4806
4809
4812
4815
4818
4821
4824
4827
4830
4833
4837
4840
4843
4846
4849
4852
4855
4858
4861
4864
4867
4870
4873
4876
4879
4882
4885
4888
4891
4894
4897
4900
4902
4905
4908
4911
4914
4917
4919
4922
4925
4928
4931
4934
4936
4939
4942
4945
4947
4950
4953
4956
4958
4961
4964
4967
4970
4972
4975
4978
4981
4983
4986
4989
4992
4994
4997
5000
5003
5005
5008
5011
5014
5016
5019
5022
5024
5027
5030
5032
5035
5038
5040
5043
5046
5048
5051
5053
5056
5059
5061
5064
5066
5069
5071
5074
5076
5079
5081
5084
5086
5089
5091
5094
5096
5099
5101
5104
5106
5109
5111
5113
5116
5118
5120
5123
5125
5128
5130
5132
5135
5137
5139
5141
5144
5146
5148
5150
5153
5155
5157
5159
5161
5164
5166
5168
5170
5172
5174
5176
5178
5180
5183
5185
5187
5189
5191
5193
5195
5197
5199
5201
5203
5205
5207
5209
5210
5212
5214
5216
5218
5220
5222
5224
5226
5228
5230
5231
5233
5235
5237
5239
5241
5243
5244
5246
5248
5250
5251
5253
5255
5256
5258
5260
5261
5263
5265
5266
5268
5270
5271
5273
5275
5276
5278
5279
5281
5282
5284
5286
5287
5289
5290
5292
5293
5295
5296
5297
5299
5300
5302
5303
5305
5306
5307
5309
5310
5312
5313
5315
5316
5317
5319
5320
5321
5323
5324
5326
5327
5328
5329
5331
5332
5333
5335
5336
5337
5338
5340
5341
5342
5343
5345
5346
5347
5348
5350
5351
5352
5353
5355
5356
5357
5358
5359
5361
5362
5363
5364
5365
5367
5368
5369
5370
5371
5372
5373
5375
5376
5377
5378
5379
5380
5381
5382
5383
5384
5385
5386
5387
5388
5389
5390
5391
5392
5393
5394
5395
5396
5397
5398
5399
5400
5401
5402
5403
5404
5405
5406
5407
5408
5409
5409
5410
5411
5412
5413
5414
5415
5416
5416
5417
5418
5419
5420
5420
5421
5422
5423
5423
5424
5425
5425
5426
5427
5428
5428
5429
5430
5431
5431
5432
5433
5433
5434
5435
5435
5436
5437
5437
5438
5439
5439
5440
5441
5441
5442
5442
5443
5444
5444
5445
5445
5446
5446
5447
5447
5448
5448
5449
5449
5450
5450
5451
5451
5452
5452
5453
5453
5454
5454
5455
5455
5456
5456
5457
5457
5457
5458
5458
5459
5459
5460
5460
5460
5461
5461
5462
5462
5462
5463
5463
5463
5464
5464
5465
5465
5465
5466
5466
5466
5467
5467
5468
5468
5468
5469
5469
5469
5470
5470
5470
5471
5471
5471
5472
5472
5472
5472
5473
5473
5473
5473
5474
5474
5474
5474
5474
5475
5475
5475
5475
5475
5476
5476
5476
5476
5476
5476
5476
5477
5477
5477
5477
5477
5477
5477
5478
5478
5478
5478
5478
5478
5478
5478
5478
5478
5478
5478
5478
5478
5478
5478
5478
5478
5478
5478
5478
5478
5478
5478
5478
5478
5478
5478
5478
5477
5477
5477
5477
5477
5477
5477
5476
5476
5476
5476
5476
5476
5475
5475
5475
5475
5474
5474
5474
5474
5473
5473
5473
5473
5472
5472
5472
5471
5471
5471
5470
5470
5470
5469
5469
5469
5468
5468
5468
5467
5467
5467
5466
5466
5466
5465
5465
5464
5464
5463
5463
5463
5462
5462
5461
5461
5460
5460
5460
5459
5459
5458
5458
5457
5457
5456
5456
5455
5455
5454
5454
5453
5453
5452
5452
5451
5451
5450
5450
5449
5449
5448
5448
5447
5447
5446
5446
5445
5445
5444
5444
5443
5443
5442
5441
5441
5440
5440
5439
5438
5438
5437
5437
5436
5435
5435
5434
5433
5433
5432
5432
5431
5430
5430
5429
5429
5428
5427
5427
5426
5425
5425
5424
5423
5423
5422
5421
5421
5420
5419
5419
5418
5417
5417
5416
5415
5415
5414
5413
5413
5412
5411
5410
5410
5409
5408
5408
5407
5406
5405
5405
5404
5403
5402
5401
5401
5400
5399
5398
5397
5397
5396
5395
5394
5393
5392
5391
5391
5390
5389
5388
5387
5386
5385
5385
5384
5383
5382
5381
5380
5379
5378
5378
5377
5376
5375
5374
5373
5372
5371
5370
5369
5368
5367
5366
5365
5364
5363
5362
5361
5360
5359
5358
5357
5356
5355
5354
5353
5352
5351
5350
5349
5348
5347
5346
5345
5344
5343
5342
5341
5340
5338
5337
5336
5335
5334
5333
5332
5331
5330
5329
5328
5327
5325
5324
5323
5322
5321
5320
5319
5318
5317
5315
5314
5313
5312
5311
5310
5309
5307
5306
5305
5304
5303
5302
5300
5299
5298
5297
5296
5294
5293
5292
5291
5290
5288
5287
5286
5285
5284
5282
5281
5280
5279
5278
5276
5275
5274
5273
5272
5270
5269
5268
5267
5266
5264
5263
5262
5261
5259
5258
5257
5256
5254
5253
5252
5251
5249
5248
5247
5246
5244
5243
5242
5241
5239
5238
5237
5236
5234
5233
5232
5231
5229
5228
5227
5226
5225
5223
5222
5221
5220
5218
5217
5216
5215
5213
5212
5211
5209
5208
5207
5206
5204
5203
5202
5200
5199
5198
5196
5195
5194
5192
5191
5190
5188
5187
5185
5184
5183
5181
5180
5178
5177
5176
5174
5173
5172
5170
5169
5167
5166
5165
5163
5162
5161
5159
5158
5156
5155
5154
5152
5151
5150
5148
5147
5145
5144
5142
5141
5140
5138
5137
5135
5134
5132
5131
5129
5128
5126
5125
5123
5122
5120
5119
5117
5116
5114
5113
5111
5110
5108
5107
5105
5104
5102
5101
5099
5098
5096
5095
5093
5092
5090
5089
5087
5085
5084
5082
5081
5079
5078
5076
5074
5073
5071
5070
5068
5066
5065
5063
5061
5060
5058
5057
5055
5053
5052
5050
5048
5047
5045
5043
5042
5040
5038
5037
5035
5033
5032
5030
5028
5027
5025
5023
5021
5020
5018
5016
5015
5013
5011
5009
5008
5006
5004
5002
5001
4999
4997
4995
4994
4992
4990
4988
4986
4985
4983
4981
4979
4977
4976
4974
4972
4970
4968
4967
4965
4963
4961
4959
4957
4956
4954
4952
4950
4948
4947
4945
4943
4941
4939
4937
4936
4934
4932
4930
4928
4927
4925
4923
4921
4919
4917
4916
4914
4912
4910
4908
4906
4905
4903
4901
4899
4897
4895
4893
4891
4890
4888
4886
4884
4882
4880
4878
4876
4874
4873
4871
4869
4867
4865
4863
4861
4859
4858
4856
4854
4852
4850
4848
4846
4845
4843
4841
4839
4837
4835
4834
4832
4830
4828
4826
4824
4823
4821
4819
4817
4815
4813
4811
4809
4808
4806
4804
4802
4800
4798
4796
4794
4793
4791
4789
4787
4785
4783
4781
4780
4778
4776
4774
4772
4770
4768
4767
4765
4763
4761
4759
4757
4755
4753
4752
4750
4748
4746
4744
4742
4740
4738
4736
4734
4733
4731
4729
4727
4725
4723
4721
4719
4717
4715
4713
4711
4709
4708
4706
4704
4702
4700
4698
4696
4694
4692
4690
4688
4686
4684
4682
4680
4678
4677
4675
4673
4671
4669
4667
4665
4663
4661
4659
4657
4655
4653
4651
4649
4647
4645
4643
4641
4639
4637
4635
4633
4631
4629
4627
4625
4623
4621
4619
4617
4615
4613
4611
4609
4607
4605
4603
4601
4599
4597
4595
4593
4591
4589
4587
4585
4583
4581
4579
4577
4575
4573
4571
4569
4567
4565
4563
4561
4559
4556
4554
4552
4550
4548
4546
4544
4542
4540
4538
4536
4534
4532
4530
4528
4526
4524
4522
4520
4518
4516
4514
4511
4509
4507
4505
4503
4501
4499
4497
4495
4493
4491
4489
4487
4485
4483
4480
4478
4476
4474
4472
4470
4468
4466
4464
4462
4460
4458
4456
4454
4452
4450
4448
4446
4444
4442
4440
4438
4436
4434
4432
4430
4427
4425
4423
4421
4419
4417
4415
4413
4411
4409
4407
4405
4403
4401
4399
4397
4395
4393
4391
4389
4387
4385
4383
4381
4378
4376
4374
4372
4370
4368
4366
4364
4362
4360
4358
4356
4354
4352
4350
4347
4345
4343
4341
4339
4337
4335
4333
4331
4329
4327
4325
4323
4321
4318
4316
4314
4312
4310
4308
4306
4304
4302
4300
4297
4295
4293
4291
4289
4287
4285
4283
4281
4278
4276
4274
4272
4270
4268
4266
4264
4261
4259
4257
4255
4253
4251
4249
4247
4245
4242
4240
4238
4236
4234
4232
4230
4228
4225
4223
4221
4219
4217
4215
4213
4211
4208
4206
4204
4202
4200
4198
4196
4194
4191
4189
4187
4185
4183
4181
4179
4177
4175
4172
4170
4168
4166
4164
4162
4160
4158
4156
4154
4151
4149
4147
4145
4143
4141
4139
4137
4135
4132
4130
4128
4126
4124
4122
4120
4118
4116
4113
4111
4109
4107
4105
4103
4101
4099
4097
4094
4092
4090
4088
4086
4084
4082
4080
4078
4076
4073
4071
4069
4067
4065
4063
4061
4059
4057
4055
4053
4051
4049
4047
4045
4043
4041
4038
4036
4034
4032
4030
4028
4026
4024
4022
4020
4018
4016
4014
4012
4010
4008
4006
4003
4001
3999
3997
3995
3993
3991
3989
3987
3985
3983
3981
3979
3977
3975
3973
3971
3969
3967
3965
3963
3961
3959
3956
3954
3952
3950
3948
3946
3944
3942
3940
3938
3936
3934
3932
3930
3928
3926
3924
3922
3920
3918
3916
3914
3912
3910
3908
3906
3903
3901
3899
3897
3895
3893
3891
3889
3887
3885
3883
3881
3879
3877
3875
3873
3871
3869
3867
3865
3863
3861
3859
3857
3855
3852
3850
3848
3846
3844
3842
3840
3838
3836
3834
3832
3830
3828
3826
3824
3822
3820
3818
3816
3814
3812
3810
3808
3806
3804
3802
3800
3798
3796
3794
3792
3790
3788
3786
3784
3782
3780
3778
3776
3774
3772
3770
3768
3766
3764
3762
3760
3758
3756
3754
3752
3750
3749
3747
3745
3743
3741
3739
3737
3735
3733
3731
3729
3727
3725
3723
3721
3719
3717
3715
3713
3711
3709
3708
3706
3704
3702
3700
3698
3696
3694
3692
3690
3688
3686
3685
3683
3681
3679
3677
3675
3673
3671
3669
3667
3665
3664
3662
3660
3658
3656
3654
3652
3650
3648
3646
3644
3643
3641
3639
3637
3635
3633
3631
3629
3627
3625
3623
3622
3620
3618
3616
3614
3612
3610
3608
3606
3604
3603
3601
3599
3597
3595
3593
3591
3589
3587
3585
3583
3582
3580
3578
3576
3574
3572
3570
3568
3566
3564
3563
3561
3559
3557
3555
3553
3551
3549
3547
3545
3543
3542
3540
3538
3536
3534
3532
3530
3528
3526
3524
3522
3521
3519
3517
3515
3513
3511
3509
3507
3505
3503
3502
3500
3498
3496
3494
3492
3490
3488
3486
3485
3483
3481
3479
3477
3475
3473
3471
3470
3468
3466
3464
3462
3460
3458
3456
3455
3453
3451
3449
3447
3445
3443
3442
3440
3438
3436
3434
3432
3430
3429
3427
3425
3423
3421
3419
3418
3416
3414
3412
3410
3408
3407
3405
3403
3401
3399
3397
3395
3394
3392
3390
3388
3386
3384
3383
3381
3379
3377
3375
3374
3372
3370
3368
3366
3364
3363
3361
3359
3357
3355
3353
3352
3350
3348
3346
3344
3343
3341
3339
3337
3335
3334
3332
3330
3328
3326
3325
3323
3321
3319
3317
3316
3314
3312
3310
3308
3307
3305
3303
3301
3299
3298
3296
3294
3292
3291
3289
3287
3285
3283
3282
3280
3278
3276
3274
3273
3271
3269
3267
3266
3264
3262
3260
3258
3257
3255
3253
3251
3250
3248
3246
3244
3243
3241
3239
3237
3236
3234
3232
3230
3229
3227
3225
3224
3222
3220
3218
3217
3215
3213
3212
3210
3208
3206
3205
3203
3201
3200
3198
3196
3195
3193
3191
3189
3188
3186
3184
3183
3181
3179
3178
3176
3174
3173
3171
3169
3168
3166
3164
3163
3161
3159
3158
3156
3154
3153
3151
3149
3148
3146
3144
3143
3141
3139
3138
3136
3134
3133
3131
3129
3128
3126
3124
3123
3121
3119
3117
3116
3114
3112
3111
3109
3107
3106
3104
3102
3101
3099
3097
3096
3094
3092
3091
3089
3087
3086
3084
3082
3081
3079
3077
3075
3074
3072
3070
3069
3067
3065
3064
3062
3060
3059
3057
3055
3053
3052
3050
3048
3047
3045
3043
3042
3040
3038
3037
3035
3033
3032
3030
3028
3026
3025
3023
3021
3020
3018
3016
3015
3013
3011
3010
3008
3006
3004
3003
3001
2999
2998
2996
2994
2993
2991
2989
2988
2986
2984
2983
2981
2979
2978
2976
2974
2973
2971
2969
2968
2966
2964
2963
2961
2959
2958
2956
2954
2953
2951
2949
2948
2946
2944
2943
2941
2939
2938
2936
2934
2933
2931
2929
2928
2926
2925
2923
2921
2920
2918
2917
2915
2913
2912
2910
2909
2907
2905
2904
2902
2901
2899
2897
2896
2894
2893
2891
2889
2888
2886
2885
2883
2882
2880
2878
2877
2875
2874
2872
2871
2869
2867
2866
2864
2863
2861
2860
2858
2857
2855
2853
2852
2850
2849
2847
2846
2844
2843
2841
2840
2838
2836
2835
2833
2832
2830
2829
2827
2826
2824
2822
2821
2819
2818
2816
2815
2813
2812
2810
2808
2807
2805
2804
2802
2801
2799
2798
2796
2794
2793
2791
2790
2788
2787
2785
2783
2782
2780
2779
2777
2776
2774
2772
2771
2769
2768
2766
2765
2763
2761
2760
2758
2757
2755
2754
2752
2750
2749
2747
2746
2744
2743
2741
2740
2738
2736
2735
2733
2732
2730
2729
2727
2725
2724
2722
2721
2719
2718
2716
2715
2713
2711
2710
2708
2707
2705
2704
2702
2701
2699
2698
2696
2694
2693
2691
2690
2688
2687
2685
2684
2682
2681
2679
2678
2676
2675
2673
2672
2670
2668
2667
2665
2664
2662
2661
2659
2658
2656
2655
2653
2652
2650
2649
2647
2646
2644
2643
2641
2640
2638
2637
2635
2634
2632
2631
2629
2628
2626
2625
2623
2622
2620
2619
2618
2616
2615
2613
2612
2610
2609
2607
2606
2604
2603
2601
2600
2599
2597
2596
2594
2593
2591
2590
2588
2587
2585
2584
2583
2581
2580
2578
2577
2575
2574
2573
2571
2570
2568
2567
2565
2564
2562
2561
2560
2558
2557
2555
2554
2552
2551
2550
2548
2547
2545
2544
2543
2541
2540
2538
2537
2535
2534
2533
2531
2530
2528
2527
2525
2524
2523
2521
2520
2518
2517
2516
2514
2513
2511
2510
2508
2507
2506
2504
2503
2501
2500
2499
2497
2496
2494
2493
2491
2490
2489
2487
2486
2484
2483
2482
2480
2479
2477
2476
2474
2473
2472
2470
2469
2467
2466
2465
2463
2462
2460
2459
2458
2456
2455
2453
2452
2450
2449
2448
2446
2445
2443
2442
2441
2439
2438
2436
2435
2433
2432
2431
2429
2428
2426
2425
2423
2422
2421
2419
2418
2416
2415
2414
2412
2411
2409
2408
2407
2405
2404
2402
2401
2400
2398
2397
2395
2394
2393
2391
2390
2388
2387
2386
2384
2383
2381
2380
2379
2377
2376
2374
2373
2372
2370
2369
2367
2366
2365
2363
2362
2360
2359
2358
2356
2355
2354
2352
2351
2350
2348
2347
2345
2344
2343
2341
2340
2339
2337
2336
2335
2333
2332
2330
2329
2328
2326
2325
2324
2322
2321
2320
2318
2317
2316
2314
2313
2312
2310
2309
2308
2306
2305
2304
2302
2301
2300
2298
2297
2296
2294
2293
2292
2290
2289
2288
2286
2285
2284
2282
2281
2280
2278
2277
2276
2274
2273
2272
2270
2269
2268
2266
2265
2264
2262
2261
2260
2259
2257
2256
2255
2253
2252
2251
2249
2248
2247
2245
2244
2243
2242
2240
2239
2238
2236
2235
2234
2232
2231
2230
2229
2227
2226
2225
2223
2222
2221
2220
2218
2217
2216
2215
2213
2212
2211
2210
2208
2207
2206
2204
2203
2202
2201
2199
2198
2197
2196
2195
2193
2192
2191
2190
2188
2187
2186
2185
2183
2182
2181
2180
2178
2177
2176
2175
2174
2172
2171
2170
2169
2168
2166
2165
2164
2163
2161
2160
2159
2158
2157
2155
2154
2153
2152
2151
2149
2148
2147
2146
2145
2143
2142
2141
2140
2138
2137
2136
2135
2134
2132
2131
2130
2129
2128
2126
2125
2124
2123
2122
2120
2119
2118
2117
2116
2114
2113
2112
2111
2110
2108
2107
2106
2105
2104
2102
2101
2100
2099
2098
2096
2095
2094
2093
2092
2090
2089
2088
2087
2086
2085
2083
2082
2081
2080
2079
2077
2076
2075
2074
2073
2072
2070
2069
2068
2067
2066
2064
2063
2062
2061
2060
2059
2057
2056
2055
2054
2053
2052
2050
2049
2048
2047
2046
2045
2043
2042
2041
2040
2039
2038
2036
2035
2034
2033
2032
2031
2030
2028
2027
2026
2025
2024
2023
2022
2020
2019
2018
2017
2016
2015
2014
2012
2011
2010
2009
2008
2007
2006
2004
2003
2002
2001
2000
1999
1998
1997
1995
1994
1993
1992
1991
1990
1989
1988
1987
1985
1984
1983
1982
1981
1980
1979
1978
1977
1975
1974
1973
1972
1971
1970
1969
1968
1967
1965
1964
1963
1962
1961
1960
1959
1958
1957
1956
1954
1953
1952
1951
1950
1949
1948
1947
1946
1945
1943
1942
1941
1940
1939
1938
1937
1936
1935
1934
1933
1931
1930
1929
1928
1927
1926
1925
1924
1923
1922
1921
1919
1918
1917
1916
1915
1914
1913
1912
1911
1910
1909
1908
1906
1905
1904
1903
1902
1901
1900
1899
1898
1897
1896
1895
1893
1892
1891
1890
1889
1888
1887
1886
1885
1884
1883
1882
1881
1879
1878
1877
1876
1875
1874
1873
1872
1871
1870
1869
1868
1867
1866
1864
1863
1862
1861
1860
1859
1858
1857
1856
1855
1854
1853
1852
1851
1850
1849
1848
1847
1846
1845
1844
1843
1841
1840
1839
1838
1837
1836
1835
1834
1833
1832
1831
1830
1829
1828
1827
1826
1825
1824
1823
1822
1821
1820
1819
1818
1817
1816
1815
1814
1813
1812
1811
1810
1809
1808
1807
1806
1805
1804
1803
1802
1801
1800
1799
1798
1797
1796
1795
1794
1793
1793
1792
1791
1790
1789
1788
1787
1786
1785
1784
1783
1782
1781
1780
1779
1778
1777
1776
1775
1774
1773
1773
1772
1771
1770
1769
1768
1767
1766
1765
1764
1763
1762
1761
1760
1760
1759
1758
1757
1756
1755
1754
1753
1752
1751
1750
1749
1749
1748
1747
1746
1745
1744
1743
1742
1741
1740
1739
1738
1738
1737
1736
1735
1734
1733
1732
1731
1730
1729
1729
1728
1727
1726
1725
1724
1723
1722
1721
1720
1719
1719
1718
1717
1716
1715
1714
1713
1712
1711
1710
1709
1709
1708
1707
1706
1705
1704
1703
1702
1701
1700
1700
1699
1698
1697
1696
1695
1694
1693
1692
1692
1691
1690
1689
1688
1687
1686
1685
1684
1684
1683
1682
1681
1680
1679
1678
1677
1677
1676
1675
1674
1673
1672
1671
1670
1670
1669
1668
1667
1666
1665
1664
1664
1663
1662
1661
1660
1659
1658
1658
1657
1656
1655
1654
1653
1652
1652
1651
1650
1649
1648
1647
1646
1646
1645
1644
1643
1642
1641
1640
1640
1639
1638
1637
1636
1635
1635
1634
1633
1632
1631
1630
1630
1629
1628
1627
1626
1625
1625
1624
1623
1622
1621
1620
1620
1619
1618
1617
1616
1615
1614
1614
1613
1612
1611
1610
1609
1609
1608
1607
1606
1605
1604
1604
1603
1602
1601
1600
1599
1599
1598
1597
1596
1595
1594
1594
1593
1592
1591
1590
1589
1589
1588
1587
1586
1585
1584
1583
1583
1582
1581
1580
1579
1578
1578
1577
1576
1575
1574
1573
1573
1572
1571
1570
1569
1568
1568
1567
1566
1565
1564
1563
1562
1562
1561
1560
1559
1558
1557
1557
1556
1555
1554
1553
1552
1552
1551
1550
1549
1548
1547
1547
1546
1545
1544
1543
1542
1542
1541
1540
1539
1538
1537
1537
1536
1535
1534
1533
1532
1532
1531
1530
1529
1528
1528
1527
1526
1525
1524
1523
1523
1522
1521
1520
1519
1519
1518
1517
1516
1515
1514
1514
1513
1512
1511
1510
1510
1509
1508
1507
1507
1506
1505
1504
1503
1503
1502
1501
1500
1499
1499
1498
1497
1496
1496
1495
1494
1493
1492
1492
1491
1490
1489
1489
1488
1487
1486
1485
1485
1484
1483
1482
1482
1481
1480
1479
1479
1478
1477
1476
1476
1475
1474
1473
1472
1472
1471
1470
1469
1469
1468
1467
1466
1466
1465
1464
1463
1463
1462
1461
1460
1460
1459
1458
1457
1457
1456
1455
1454
1454
1453
1452
1451
1451
1450
1449
1448
1448
1447
1446
1445
1445
1444
1443
1442
1442
1441
1440
1440
1439
1438
1437
1437
1436
1435
1434
1434
1433
1432
1432
1431
1430
1429
1429
1428
1427
1426
1426
1425
1424
1424
1423
1422
1421
1421
1420
1419
1419
1418
1417
1416
1416
1415
1414
1414
1413
1412
1411
1411
1410
1409
1409
1408
1407
1406
1406
1405
1404
1404
1403
1402
1402
1401
1400
1399
1399
1398
1397
1397
1396
1395
1394
1394
1393
1392
1392
1391
1390
1390
1389
1388
1387
1387
1386
1385
1385
1384
1383
1382
1382
1381
1380
1380
1379
1378
1378
1377
1376
1375
1375
1374
1373
1373
1372
1371
1370
1370
1369
1368
1368
1367
1366
1365
1365
1364
1363
1363
1362
1361
1360
1360
1359
1358
1358
1357
1356
1355
1355
1354
1353
1353
1352
1351
1350
1350
1349
1348
1348
1347
1346
1345
1345
1344
1343
1343
1342
1341
1340
1340
1339
1338
1338
1337
1336
1335
1335
1334
1333
1333
1332
1331
1330
1330
1329
1328
1328
1327
1326
1325
1325
1324
1323
1323
1322
1321
1321
1320
1319
1318
1318
1317
1316
1316
1315
1314
1313
1313
1312
1311
1311
1310
1309
1309
1308
1307
1306
1306
1305
1304
1304
1303
1302
1302
1301
1300
1299
1299
1298
1297
1297
1296
1295
1295
1294
1293
1293
1292
1291
1290
1290
1289
1288
1288
1287
1286
1286
1285
1284
1284
1283
1282
1281
1281
1280
1279
1279
1278
1277
1277
1276
1275
1275
1274
1273
1272
1272
1271
1270
1270
1269
1268
1268
1267
1266
1265
1265
1264
1263
1263
1262
1261
1261
1260
1259
1258
1258
1257
1256
1256
1255
1254
1254
1253
1252
1251
1251
1250
1249
1249
1248
1247
1247
1246
1245
1244
1244
1243
1242
1242
1241
1240
1240
1239
1238
1237
1237
1236
1235
1235
1234
1233
1233
1232
1231
1231
1230
1229
1228
1228
1227
1226
1226
1225
1224
1224
1223
1222
1222
1221
1220
1219
1219
1218
1217
1217
1216
1215
1215
1214
1213
1213
1212
1211
1211
1210
1209
1208
1208
1207
1206
1206
1205
1204
1204
1203
1202
1202
1201
1200
1200
1199
1198
1197
1197
1196
1195
1195
1194
1193
1193
1192
1191
1191
1190
1189
1189
1188
1187
1187
1186
1185
1185
1184
1183
1183
1182
1181
1181
1180
1179
1178
1178
1177
1176
1176
1175
1175
1174
1173
1173
1172
1171
1171
1170
1169
1169
1168
1167
1167
1166
1165
1165
1164
1163
1163
1162
1161
1161
1160
1159
1159
1158
1157
1157
1156
1155
1155
1154
1153
1153
1152
1152
1151
1150
1150
1149
1148
1148
1147
1146
1146
1145
1144
1144
1143
1142
1142
1141
1141
1140
1139
1139
1138
1137
1137
1136
1135
1135
1134
1133
1133
1132
1131
1131
1130
1129
1129
1128
1128
1127
1126
1126
1125
1124
1124
1123
1122
1122
1121
1120
1120
1119
1118
1118
1117
1116
1116
1115
1114
1114
1113
1112
1112
1111
1110
1110
1109
1108
1108
1107
1106
1106
1105
1104
1104
1103
1102
1102
1101
1100
1100
1099
1098
1098
1097
1096
1096
1095
1094
1094
1093
1092
1092
1091
1090
1090
1089
1088
1088
1087
1086
1086
1085
1084
1084
1083
1082
1082
1081
1080
1080
1079
1078
1078
1077
1076
1076
1075
1074
1073
1073
1072
1071
1071
1070
1069
1069
1068
1067
1067
1066
1065
1065
1064
1063
1063
1062
1061
1061
1060
1059
1059
1058
1057
1057
1056
1055
1055
1054
1053
1053
1052
1051
1051
1050
1049
1049
1048
1047
1047
1046
1045
1045
1044
1043
1043
1042
1041
1041
1040
1039
1039
1038
1037
1037
1036
1035
1035
1034
1033
1033
1032
1031
1031
1030
1029
1029
1028
1027
1027
1026
1025
1025
1024
1023
1023
1022
1021
1021
1020
1019
1019
1018
1017
1017
1016
1015
1015
1014
1013
1013
1012
1012
1011
1010
1010
1009
1008
1008
1007
1006
1006
1005
1004
1004
1003
1002
1002
1001
1000
1000
999
998
998
997
996
996
995
994
994
993
993
992
991
991
990
989
989
988
987
987
986
985
985
984
984
983
982
982
981
980
980
979
978
978
977
977
976
975
975
974
973
973
972
972
971
970
970
969
968
968
967
967
966
965
965
964
963
963
962
962
961
960
960
959
959
958
957
957
956
955
955
954
954
953
952
952
951
951
950
949
949
948
948
947
946
946
945
945
944
943
943
942
942
941
940
940
939
939
938
937
937
936
936
935
934
934
933
933
932
931
931
930
930
929
928
928
927
927
926
926
925
924
924
923
923
922
921
921
920
920
919
919
918
917
917
916
916
915
914
914
913
913
912
912
911
910
910
909
909
908
907
907
906
906
905
905
904
903
903
902
902
901
900
900
899
899
898
898
897
896
896
895
895
894
894
893
892
892
891
891
890
890
889
888
888
887
887
886
886
885
884
884
883
883
882
881
881
880
880
879
879
878
877
877
876
876
875
875
874
873
873
872
872
871
871
870
869
869
868
868
867
867
866
866
865
864
864
863
863
862
862
861
860
860
859
859
858
858
857
856
856
855
855
854
854
853
852
852
851
851
850
850
849
849
848
847
847
846
846
845
845
844
843
843
842
842
841
841
840
840
839
838
838
837
837
836
836
835
834
834
833
833
832
832
831
831
830
829
829
828
828
827
827
826
825
825
824
824
823
823
822
822
821
820
820
819
819
818
818
817
817
816
815
815
814
814
813
813
812
812
811
810
810
809
809
808
808
807
807
806
806
805
804
804
803
803
802
802
801
801
800
800
799
798
798
797
797
796
796
795
795
794
794
793
793
792
792
791
791
790
789
789
788
788
787
787
786
786
785
785
784
784
783
783
782
782
781
781
780
780
779
778
778
777
777
776
776
775
775
774
774
773
773
772
772
771
771
770
770
769
769
768
768
767
767
766
766
765
765
764
764
763
763
762
762
761
761
760
760
759
759
758
758
757
757
756
756
755
755
754
754
753
753
752
752
752
751
751
750
750
749
749
748
748
747
747
746
746
745
745
744
744
743
743
742
742
741
741
740
740
740
739
739
738
738
737
737
736
736
735
735
734
734
733
733
733
732
732
731
731
730
730
729
729
728
728
727
727
727
726
726
725
725
724
724
723
723
722
722
721
721
721
720
720
719
719
718
718
717
717
716
716
716
715
715
714
714
713
713
712
712
711
711
711
710
710
709
709
708
708
707
707
707
706
706
705
705
704
704
703
703
703
702
702
701
701
700
700
699
699
698
698
698
697
697
696
696
695
695
694
694
694
693
693
692
692
691
691
690
690
690
689
689
688
688
687
687
687
686
686
685
685
684
684
683
683
683
682
682
681
681
680
680
679
679
679
678
678
677
677
676
676
675
675
674
674
674
673
673
672
672
671
671
670
670
670
669
669
668
668
667
667
666
666
665
665
665
664
664
663
663
662
662
661
661
660
660
660
659
659
658
658
657
657
656
656
655
655
654
654
654
653
653
652
652
651
651
650
650
649
649
648
648
648
647
647
646
646
645
645
644
644
643
643
642
642
641
641
641
640
640
639
639
638
638
637
637
636
636
635
635
634
634
634
633
633
632
632
631
631
630
630
629
629
628
628
627
627
627
626
626
625
625
624
624
623
623
622
622
622
621
621
620
620
619
619
618
618
617
617
617
616
616
615
615
614
614
613
613
612
612
612
611
611
610
610
609
609
608
608
608
607
607
606
606
605
605
604
604
603
603
603
602
602
601
601
600
600
599
599
599
598
598
597
597
596
596
595
595
595
594
594
593
593
592
592
591
591
591
590
590
589
589
588
588
588
587
587
586
586
585
585
584
584
584
583
583
582
582
581
581
581
580
580
579
579
578
578
578
577
577
576
576
575
575
575
574
574
573
573
572
572
572
571
571
570
570
569
569
569
568
568
567
567
566
566
566
565
565
564
564
563
563
563
562
562
561
561
560
560
560
559
559
558
558
557
557
557
556
556
555
555
554
554
554
553
553
552
552
551
551
551
550
550
549
549
549
548
548
547
547
546
546
546
545
545
544
544
543
543
543
542
542
541
541
540
540
540
539
539
538
538
537
537
537
536
536
535
535
534
534
534
533
533
532
532
531
531
531
530
530
529
529
528
528
528
527
527
526
526
525
525
525
524
524
523
523
522
522
521
521
521
520
520
519
519
518
518
518
517
517
516
516
515
515
514
514
514
513
513
512
512
511
511
510
510
510
509
509
508
508
507
507
506
506
506
505
505
504
504
503
503
502
502
502
501
501
500
500
499
499
498
498
497
497
497
496
496
495
495
494
494
493
493
492
492
492
491
491
490
490
489
489
488
488
487
487
487
486
486
485
485
484
484
483
483
482
482
482
481
481
480
480
479
479
478
478
477
477
476
476
476
475
475
474
474
473
473
472
472
471
471
470
470
470
469
469
468
468
467
467
466
466
465
465
464
464
464
463
463
462
462
461
461
460
460
459
459
458
458
457
457
457
456
456
455
455
454
454
453
453
452
452
451
451
451
450
450
449
449
448
448
447
447
446
446
445
445
445
444
444
443
443
442
442
441
441
440
440
439
439
439
438
438
437
437
436
436
435
435
434
434
434
433
433
432
432
431
431
430
430
429
429
428
428
428
427
427
426
426
425
425
424
424
424
423
423
422
422
421
421
420
420
420
419
419
418
418
417
417
416
416
416
415
415
414
414
413
413
412
412
412
411
411
410
410
409
409
409
408
408
407
407
406
406
406
405
405
404
404
403
403
402
402
402
401
401
400
400
399
399
399
398
398
397
397
397
396
396
395
395
394
394
394
393
393
392
392
391
391
391
390
390
389
389
388
388
388
387
387
386
386
386
385
385
384
384
383
383
383
382
382
381
381
381
380
380
379
379
378
378
378
377
377
376
376
376
375
375
374
374
373
373
373
372
372
371
371
371
370
370
369
369
368
368
368
367
367
366
366
366
365
365
364
364
363
363
363
362
362
361
361
361
360
360
359
359
359
358
358
357
357
356
356
356
355
355
354
354
354
353
353
352
352
352
351
351
350
350
349
349
349
348
348
347
347
347
346
346
345
345
345
344
344
343
343
342
342
342
341
341
340
340
340
339
339
338
338
338
337
337
336
336
335
335
335
334
334
333
333
333
332
332
331
331
331
330
330
329
329
328
328
328
327
327
326
326
326
325
325
324
324
324
323
323
322
322
322
321
321
320
320
319
319
319
318
318
317
317
317
316
316
315
315
315
314
314
313
313
313
312
312
311
311
310
310
310
309
309
308
308
308
307
307
306
306
306
305
305
304
304
304
303
303
302
302
301
301
301
300
300
299
299
299
298
298
297
297
297
296
296
295
295
295
294
294
293
293
293
292
292
291
291
291
290
290
289
289
289
288
288
288
287
287
286
286
286
285
285
284
284
284
283
283
282
282
282
281
281
281
280
280
279
279
279
278
278
277
277
277
276
276
276
275
275
274
274
274
273
273
273
272
272
271
271
271
270
270
270
269
269
268
268
268
267
267
267
266
266
265
265
265
264
264
264
263
263
263
262
262
261
261
261
260
260
260
259
259
259
258
258
257
257
257
256
256
256
255
255
255
254
254
254
253
253
252
252
252
251
251
251
250
250
250
249
249
249
248
248
248
247
247
246
246
246
245
245
245
244
244
244
243
243
243
242
242
242
241
241
241
240
240
239
239
239
238
238
238
237
237
237
236
236
236
235
235
235
234
234
234
233
233
233
232
232
232
231
231
231
230
230
230
229
229
229
228
228
228
227
227
227
226
226
225
225
225
224
224
224
223
223
223
222
222
222
221
221
221
220
220
220
219
219
219
218
218
218
217
217
217
216
216
216
215
215
215
214
214
214
213
213
213
213
212
212
212
211
211
211
210
210
210
209
209
209
208
208
208
207
207
207
206
206
206
205
205
205
204
204
204
203
203
203
202
202
202
201
201
201
200
200
200
199
199
199
198
198
198
197
197
197
196
196
196
195
195
195
194
194
194
193
193
193
192
192
192
191
191
191
190
190
190
189
189
189
188
188
188
187
187
187
186
186
186
185
185
185
184
184
184
183
183
183
182
182
182
181
181
181
180
180
180
179
179
179
178
178
178
177
177
177
176
176
176
175
175
175
174
174
174
173
173
173
172
172
172
171
171
171
170
170
170
169
169
169
168
168
168
167
167
167
166
166
166
165
165
165
164
164
164
164
163
163
163
162
162
162
161
161
161
160
160
160
159
159
159
158
158
158
157
157
157
156
156
156
155
155
155
154
154
154
154
153
153
153
152
152
152
151
151
151
150
150
150
149
149
149
148
148
148
148
147
147
147
146
146
146
145
145
145
144
144
144
143
143
143
143
142
142
142
141
141
141
140
140
140
139
139
139
139
138
138
138
137
137
137
136
136
136
135
135
135
135
134
134
134
133
133
133
132
132
132
132
131
131
131
130
130
130
129
129
129
129
128
128
128
127
127
127
126
126
126
126
125
125
125
124
124
124
123
123
123
123
122
122
122
121
121
121
121
120
120
120
119
119
119
118
118
118
118
117
117
117
116
116
116
116
115
115
115
114
114
114
114
113
113
113
112
112
112
111
111
111
111
110
110
110
109
109
109
109
108
108
108
107
107
107
107
106
106
106
105
105
105
105
104
104
104
103
103
103
102
102
102
102
101
101
101
100
100
100
100
99
99
99
98
98
98
97
97
97
97
96
96
96
95
95
95
95
94
94
94
93
93
93
92
92
92
92
91
91
91
90
90
90
90
89
89
89
88
88
88
87
87
87
87
86
86
86
85
85
85
84
84
84
84
83
83
83
82
82
82
82
81
81
81
80
80
80
79
79
79
79
78
78
78
77
77
77
76
76
76
76
75
75
75
74
74
74
73
73
73
73
72
72
72
71
71
71
71
70
70
70
69
69
69
68
68
68
68
67
67
67
66
66
66
66
65
65
65
64
64
64
63
63
63
63
62
62
62
61
61
61
60
60
60
60
59
59
59
58
58
58
58
57
57
57
56
56
56
55
55
55
55
54
54
54
53
53
53
53
52
52
52
51
51
51
50
50
50
50
49
49
49
48
48
48
48
47
47
47
46
46
46
46
45
45
45
44
44
44
43
43
43
43
42
42
42
41
41
41
41
40
40
40
39
39
39
39
38
38
38
37
37
37
37
36
36
36
35
35
35
35
34
34
34
33
33
33
33
32
32
32
31
31
31
31
30
30
30
29
29
29
29
28
28
28
27
27
27
27
26
26
26
26
25
25
25
24
24
24
24
23
23
23
22
22
22
22
21
21
21
21
20
20
20
19
19
19
19
18
18
18
17
17
17
17
16
16
16
16
15
15
15
14
14
14
14
13
13
13
13
12
12
12
11
11
11
11
10
10
10
10
9
9
9
8
8
8
8
7
7
7
7
6
6
6
6
5
5
5
4
4
4
4
3
3
3
3
2
2
2
1
1
1
1
0
0
0
0
0
0
0
-1
-1
-1
-1
-2
-2
-2
-2
-3
-3
-3
-4
-4
-4
-4
-5
-5
-5
-5
-6
-6
-6
-6
-7
-7
-7
-8
-8
-8
-8
-9
-9
-9
-9
-10
-10
-10
-11
-11
-11
-11
-12
-12
-12
-12
-13
-13
-13
-14
-14
-14
-14
-15
-15
-15
-15
-16
-16
-16
-17
-17
-17
-17
-18
-18
-18
-18
-19
-19
-19
-20
-20
-20
-20
-21
-21
-21
-21
-22
-22
-22
-23
-23
-23
-23
-24
-24
-24
-24
-25
-25
-25
-26
-26
-26
-26
-27
-27
-27
-27
-28
-28
-28
-29
-29
-29
-29
-30
-30
-30
-30
-31
-31
-31
-32
-32
-32
-32
-33
-33
-33
-33
-34
-34
-34
-35
-35
-35
-35
-36
-36
-36
-36
-37
-37
-37
-38
-38
-38
-38
-39
-39
-39
-39
-40
-40
-40
-41
-41
-41
-41
-42
-42
-42
-42
-43
-43
-43
-44
-44
-44
-44
-45
-45
-45
-45
-46
-46
-46
-47
-47
-47
-47
-48
-48
-48
-48
-49
-49
-49
-50
-50
-50
-50
-51
-51
-51
-51
-52
-52
-52
-53
-53
-53
-53
-54
-54
-54
-54
-55
-55
-55
-56
-56
-56
-56
-57
-57
-57
-57
-58
-58
-58
-58
-59
-59
-59
-60
-60
-60
-60
-61
-61
-61
-61
-62
-62
-62
-62
-63
-63
-63
-64
-64
-64
-64
-65
-65
-65
-65
-66
-66
-66
-66
-67
-67
-67
-68
-68
-68
-68
-69
-69
-69
-69
-70
-70
-70
-70
-71
-71
-71
-71
-72
-72
-72
-73
-73
-73
-73
-74
-74
-74
-74
-75
-75
-75
-75
-76
-76
-76
-76
-77
-77
-77
-77
-78
-78
-78
-78
-79
-79
-79
-80
-80
-80
-80
-81
-81
-81
-81
-82
-82
-82
-82
-83
-83
-83
-83
-84
-84
-84
-84
-85
-85
-85
-85
-86
-86
-86
-86
-87
-87
-87
-87
-88
-88
-88
-89
-89
-89
-89
-90
-90
-90
-90
-91
-91
-91
-91
-92
-92
-92
-92
-93
-93
-93
-93
-94
-94
-94
-94
-95
-95
-95
-95
-96
-96
-96
-96
-97
-97
-97
-97
-98
-98
-98
-98
-99
-99
-99
-99
-100
-100
-100
-100
-101
-101
-101
-101
-102
-102
-102
-102
-103
-103
-103
-104
-104
-104
-104
-105
-105
-105
-105
-106
-106
-106
-106
-107
-107
-107
-107
-108
-108
-108
-108
-109
-109
-109
-109
-110
-110
-110
-110
-111
-111
-111
-111
-112
-112
-112
-112
-113
-113
-113
-113
-114
-114
-114
-114
-115
-115
-115
-115
-116
-116
-116
-116
-117
-117
-117
-117
-118
-118
-118
-118
-119
-119
-119
-119
-120
-120
-120
-120
-121
-121
-121
-122
-122
-122
-122
-123
-123
-123
-123
-124
-124
-124
-124
-125
-125
-125
-125
-126
-126
-126
-126
-127
-127
-127
-127
-128
-128
-128
-128
-129
-129
-129
-129
-130
-130
-130
-130
-131
-131
-131
-131
-132
-132
-132
-132
-133
-133
-133
-133
-134
-134
-134
-134
-135
-135
-135
-135
-136
-136
-136
-136
-137
-137
-137
-137
-138
-138
-138
-138
-139
-139
-139
-139
-140
-140
-140
-140
-141
-141
-141
-141
-142
-142
-142
-142
-143
-143
-143
-143
-144
-144
-144
-144
-145
-145
-145
-145
-146
-146
-146
-146
-147
-147
-147
-147
-148
-148
-148
-148
-149
-149
-149
-149
-150
-150
-150
-150
-150
-151
-151
-151
-151
-152
-152
-152
-152
-153
-153
-153
-153
-154
-154
-154
-154
-155
-155
-155
-155
-155
-156
-156
-156
-156
-157
-157
-157
-157
-158
-158
-158
-158
-159
-159
-159
-159
-159
-160
-160
-160
-160
-161
-161
-161
-161
-162
-162
-162
-162
-162
-163
-163
-163
-163
-164
-164
-164
-164
-165
-165
-165
-165
-165
-166
-166
-166
-166
-167
-167
-167
-167
-167
-168
-168
-168
-168
-169
-169
-169
-169
-170
-170
-170
-170
-170
-171
-171
-171
-171
-172
-172
-172
-172
-172
-173
-173
-173
-173
-174
-174
-174
-174
-174
-175
-175
-175
-175
-176
-176
-176
-176
-176
-177
-177
-177
-177
-177
-178
-178
-178
-178
-179
-179
-179
-179
-179
-180
-180
-180
-180
-181
-181
-181
-181
-181
-182
-182
-182
-182
-182
-183
-183
-183
-183
-183
-184
-184
-184
-184
-185
-185
-185
-185
-185
-186
-186
-186
-186
-186
-187
-187
-187
-187
-187
-188
-188
-188
-188
-189
-189
-189
-189
-189
-190
-190
-190
-190
-190
-191
-191
-191
-191
-191
-192
-192
-192
-192
-192
-193
-193
-193
-193
-194
-194
-194
-194
-194
-195
-195
-195
-195
-195
-196
-196
-196
-196
-196
-197
-197
-197
-197
-197
-198
-198
-198
-198
-198
-199
-199
-199
-199
-199
-200
-200
-200
-200
-200
-201
-201
-201
-201
-202
-202
-202
-202
-202
-203
-203
-203
-203
-203
-204
-204
-204
-204
-204
-205
-205
-205
-205
-205
-206
-206
-206
-206
-206
-207
-207
-207
-207
-207
-208
-208
-208
-208
-208
-209
-209
-209
-209
-209
-210
-210
-210
-210
-210
-211
-211
-211
-211
-211
-212
-212
-212
-212
-212
-213
-213
-213
-213
-213
-214
-214
-214
-214
-214
-215
-215
-215
-215
-215
-216
-216
-216
-216
-216
-217
-217
-217
-217
-217
-218
-218
-218
-218
-218
-219
-219
-219
-219
-219
-220
-220
-220
-220
-220
-221
-221
-221
-221
-221
-222
-222
-222
-222
-222
-222
-223
-223
-223
-223
-223
-224
-224
-224
-224
-224
-225
-225
-225
-225
-225
-226
-226
-226
-226
-226
-227
-227
-227
-227
-227
-227
-228
-228
-228
-228
-228
-229
-229
-229
-229
-229
-230
-230
-230
-230
-230
-231
-231
-231
-231
-231
-231
-232
-232
-232
-232
-232
-233
-233
-233
-233
-233
-233
-234
-234
-234
-234
-234
-235
-235
-235
-235
-235
-236
-236
-236
-236
-236
-236
-237
-237
-237
-237
-237
-238
-238
-238
-238
-238
-238
-239
-239
-239
-239
-239
-240
-240
-240
-240
-240
-240
-241
-241
-241
-241
-241
-241
-242
-242
-242
-242
-242
-243
-243
-243
-243
-243
-243
-244
-244
-244
-244
-244
-244
-245
-245
-245
-245
-245
-246
-246
-246
-246
-246
-246
-247
-247
-247
-247
-247
-247
-248
-248
-248
-248
-248
-248
-249
-249
-249
-249
-249
-250
-250
-250
-250
-250
-250
-251
-251
-251
-251
-251
-251
-252
-252
-252
-252
-252
-252
-253
-253
-253
-253
-253
-254
-254
-254
-254
-254
-254
-255
-255
-255
-255
-255
-255
-256
-256
-256
-256
-256
-256
-257
-257
-257
-257
-257
-257
-258
-258
-258
-258
-258
-259
-259
-259
-259
-259
-259
-260
-260
-260
-260
-260
-260
-261
-261
-261
-261
-261
-261
-262
-262
-262
-262
-262
-263
-263
-263
-263
-263
-263
-264
-264
-264
-264
-264
-264
-265
-265
-265
-265
-265
-265
-266
-266
-266
-266
-266
-267
-267
-267
-267
-267
-267
-268
-268
-268
-268
-268
-268
-269
-269
-269
-269
-269
-270
-270
-270
-270
-270
-270
-271
-271
-271
-271
-271
-271
-272
-272
-272
-272
-272
-272
-273
-273
-273
-273
-273
-274
-274
-274
-274
-274
-274
-275
-275
-275
-275
-275
-275
-276
-276
-276
-276
-276
-277
-277
-277
-277
-277
-277
-278
-278
-278
-278
-278
-279
-279
-279
-279
-279
-279
-280
-280
-280
-280
-280
-280
-281
-281
-281
-281
-281
-282
-282
-282
-282
-282
-282
-283
-283
-283
-283
-283
-284
-284
-284
-284
-284
-284
-285
-285
-285
-285
-285
-285
-286
-286
-286
-286
-286
-287
-287
-287
-287
-287
-287
-288
-288
-288
-288
-288
-289
-289
-289
-289
-289
-289
-290
-290
-290
-290
-290
-291
-291
-291
-291
-291
-291
-292
-292
-292
-292
-292
-293
-293
-293
-293
-293
-293
-294
-294
-294
-294
-294
-295
-295
-295
-295
-295
-295
-296
-296
-296
-296
-296
-297
-297
-297
-297
-297
-297
-298
-298
-298
-298
-298
-299
-299
-299
-299
-299
-299
-300
-300
-300
-300
-300
-301
-301
-301
-301
-301
-301
-302
-302
-302
-302
-302
-303
-303
-303
-303
-303
-303
-304
-304
-304
-304
-304
-305
-305
-305
-305
-305
-305
-306
-306
-306
-306
-306
-307
-307
-307
-307
-307
-307
-308
-308
-308
-308
-308
-309
-309
-309
-309
-309
-309
-310
-310
-310
-310
-310
-311
-311
-311
-311
-311
-311
-312
-312
-312
-312
-312
-313
-313
-313
-313
-313
-313
-314
-314
-314
-314
-314
-315
-315
-315
-315
-315
-315
-316
-316
-316
-316
-316
-317
-317
-317
-317
-317
-317
-318
-318
-318
-318
-318
-319
-319
-319
-319
-319
-319
-320
-320
-320
-320
-320
-321
-321
-321
-321
-321
-321
-322
-322
-322
-322
-322
-323
-323
-323
-323
-323
-324
-324
-324
-324
-324
-324
-325
-325
-325
-325
-325
-326
-326
-326
-326
-326
-326
-327
-327
-327
-327
-327
-328
-328
-328
-328
-328
-328
-329
-329
-329
-329
-329
-330
-330
-330
-330
-330
-331
-331
-331
-331
-331
-331
-332
-332
-332
-332
-332
-333
-333
-333
-333
-333
-333
-334
-334
-334
-334
-334
-335
-335
-335
-335
-335
-335
-336
-336
-336
-336
-336
-337
-337
-337
-337
-337
-338
-338
-338
-338
-338
-338
-339
-339
-339
-339
-339
-340
-340
-340
-340
-340
-340
-341
-341
-341
-341
-341
-342
-342
-342
-342
-342
-342
-343
-343
-343
-343
-343
-344
-344
-344
-344
-344
-344
-345
-345
-345
-345
-345
-346
-346
-346
-346
-346
-346
-347
-347
-347
-347
-347
-348
-348
-348
-348
-348
-348
-349
-349
-349
-349
-349
-350
-350
-350
-350
-350
-350
-351
-351
-351
-351
-351
-351
-352
-352
-352
-352
-352
-353
-353
-353
-353
-353
-353
-354
-354
-354
-354
-354
-355
-355
-355
-355
-355
-355
-356
-356
-356
-356
-356
-356
-357
-357
-357
-357
-357
-357
-358
-358
-358
-358
-358
-359
-359
-359
-359
-359
-359
-360
-360
-360
-360
-360
-360
-361
-361
-361
-361
-361
-361
-362
-362
-362
-362
-362
-363
-363
-363
-363
-363
-363
-364
-364
-364
-364
-364
-364
-365
-365
-365
-365
-365
-365
-366
-366
-366
-366
-366
-366
-367
-367
-367
-367
-367
-367
-368
-368
-368
-368
-368
-368
-369
-369
-369
-369
-369
-369
-370
-370
-370
-370
-370
-370
-371
-371
-371
-371
-371
-371
-372
-372
-372
-372
-372
-372
-373
-373
-373
-373
-373
-373
-374
-374
-374
-374
-374
-374
-375
-375
-375
-375
-375
-375
-375
-376
-376
-376
-376
-376
-376
-377
-377
-377
-377
-377
-377
-378
-378
-378
-378
-378
-378
-379
-379
-379
-379
-379
-379
-379
-380
-380
-380
-380
-380
-380
-381
-381
-381
-381
-381
-381
-382
-382
-382
-382
-382
-382
-382
-383
-383
-383
-383
-383
-383
-384
-384
-384
-384
-384
-384
-384
-385
-385
-385
-385
-385
-385
-386
-386
-386
-386
-386
-386
-387
-387
-387
-387
-387
-387
-387
-388
-388
-388
-388
-388
-388
-389
-389
-389
-389
-389
-389
-389
-390
-390
-390
-390
-390
-390
-391
-391
-391
-391
-391
-391
-391
-392
-392
-392
-392
-392
-392
-392
-393
-393
-393
-393
-393
-393
-394
-394
-394
-394
-394
-394
-394
-395
-395
-395
-395
-395
-395
-395
-396
-396
-396
-396
-396
-396
-397
-397
-397
-397
-397
-397
-397
-398
-398
-398
-398
-398
-398
-398
-399
-399
-399
-399
-399
-399
-399
-400
-400
-400
-400
-400
-400
-401
-401
-401
-401
-401
-401
-401
-402
-402
-402
-402
-402
-402
-402
-403
-403
-403
-403
-403
-403
-403
-404
-404
-404
-404
-404
-404
-404
-405
-405
-405
-405
-405
-405
-405
-406
-406
-406
-406
-406
-406
-406
-407
-407
-407
-407
-407
-407
-407
-407
-408
-408
-408
-408
-408
-408
-408
-409
-409
-409
-409
-409
-409
-409
-410
-410
-410
-410
-410
-410
-410
-411
-411
-411
-411
-411
-411
-411
-411
-412
-412
-412
-412
-412
-412
-412
-413
-413
-413
-413
-413
-413
-413
-413
-414
-414
-414
-414
-414
-414
-414
-415
-415
-415
-415
-415
-415
-415
-415
-416
-416
-416
-416
-416
-416
-416
-416
-417
-417
-417
-417
-417
-417
-417
-418
-418
-418
-418
-418
-418
-418
-418
-419
-419
-419
-419
-419
-419
-419
-419
-420
-420
-420
-420
-420
-420
-420
-420
-421
-421
-421
-421
-421
-421
-421
-421
-422
-422
-422
-422
-422
-422
-422
-422
-423
-423
-423
-423
-423
-423
-423
-423
-424
-424
-424
-424
-424
-424
-424
-424
-425
-425
-425
-425
-425
-425
-425
-425
-426
-426
-426
-426
-426
-426
-426
-426
-427
-427
-427
-427
-427
-427
-427
-427
-428
-428
-428
-428
-428
-428
-428
-428
-429
-429
-429
-429
-429
-429
-429
-429
-429
-430
-430
-430
-430
-430
-430
-430
-430
-431
-431
-431
-431
-431
-431
-431
-431
-432
-432
-432
-432
-432
-432
-432
-432
-433
-433
-433
-433
-433
-433
-433
-433
-433
-434
-434
-434
-434
-434
-434
-434
-434
-435
-435
-435
-435
-435
-435
-435
-435
-436
-436
-436
-436
-436
-436
-436
-436
-436
-437
-437
-437
-437
-437
-437
-437
-437
-438
-438
-438
-438
-438
-438
-438
-438
-439
-439
-439
-439
-439
-439
-439
-439
-440
-440
-440
-440
-440
-440
-440
-440
-441
-441
-441
-441
-441
-441
-441
-441
-441
-442
-442
-442
-442
-442
-442
-442
-442
-443
-443
-443
-443
-443
-443
-443
-443
-444
-444
-444
-444
-444
-444
-444
-444
-445
-445
-445
-445
-445
-445
-445
-445
-446
-446
-446
-446
-446
-446
-446
-446
-447
-447
-447
-447
-447
-447
-447
-447
-448
-448
-448
-448
-448
-448
-448
-448
-449
-449
-449
-449
-449
-449
-449
-450
-450
-450
-450
-450
-450
-450
-450
-451
-451
-451
-451
-451
-451
-451
-451
-452
-452
-452
-452
-452
-452
-452
-452
-453
-453
-453
-453
-453
-453
-453
-453
-454
-454
-454
-454
-454
-454
-454
-454
-455
-455
-455
-455
-455
-455
-455
-455
-456
-456
-456
-456
-456
-456
-456
-456
-457
-457
-457
-457
-457
-457
-457
-458
-458
-458
-458
-458
-458
-458
-458
-459
-459
-459
-459
-459
-459
-459
-459
-460
-460
-460
-460
-460
-460
-460
-460
-461
-461
-461
-461
-461
-461
-461
-461
-462
-462
-462
-462
-462
-462
-462
-462
-463
-463
-463
-463
-463
-463
-463
-463
-464
-464
-464
-464
-464
-464
-464
-464
-465
-465
-465
-465
-465
-465
-465
-465
-465
-466
-466
-466
-466
-466
-466
-466
-466
-467
-467
-467
-467
-467
-467
-467
-467
-468
-468
-468
-468
-468
-468
-468
-468
-469
-469
-469
-469
-469
-469
-469
-469
-469
-470
-470
-470
-470
-470
-470
-470
-470
-471
-471
-471
-471
-471
-471
-471
-471
-472
-472
-472
-472
-472
-472
-472
-472
-472
-473
-473
-473
-473
-473
-473
-473
-473
-474
-474
-474
-474
-474
-474
-474
-474
-474
-475
-475
-475
-475
-475
-475
-475
-475
-476
-476
-476
-476
-476
-476
-476
-476
-476
-477
-477
-477
-477
-477
-477
-477
-477
-477
-478
-478
-478
-478
-478
-478
-478
-478
-479
-479
-479
-479
-479
-479
-479
-479
-479
-480
-480
-480
-480
-480
-480
-480
-480
-480
-481
-481
-481
-481
-481
-481
-481
-481
-481
-482
-482
-482
-482
-482
-482
-482
-482
-483
-483
-483
-483
-483
-483
-483
-483
-483
-484
-484
-484
-484
-484
-484
-484
-484
-484
-485
-485
-485
-485
-485
-485
-485
-485
-485
-486
-486
-486
-486
-486
-486
-486
-486
-486
-487
-487
-487
-487
-487
-487
-487
-487
-487
-488
-488
-488
-488
-488
-488
-488
-488
-489
-489
-489
-489
-489
-489
-489
-489
-489
-490
-490
-490
-490
-490
-490
-490
-490
-490
-491
-491
-491
-491
-491
-491
-491
-491
-491
-492
-492
-492
-492
-492
-492
-492
-492
-492
-493
-493
-493
-493
-493
-493
-493
-493
-493
-494
-494
-494
-494
-494
-494
-494
-494
-494
-495
-495
-495
-495
-495
-495
-495
-495
-495
-496
-496
-496
-496
-496
-496
-496
-496
-496
-497
-497
-497
-497
-497
-497
-497
-497
-497
-498
-498
-498
-498
-498
-498
-498
-498
-498
-499
-499
-499
-499
-499
-499
-499
-499
-499
-499
-500
-500
-500
-500
-500
-500
-500
-500
-500
-501
-501
-501
-501
-501
-501
-501
-501
-501
-502
-502
-502
-502
-502
-502
-502
-502
-502
-502
-503
-503
-503
-503
-503
-503
-503
-503
-503
-504
-504
-504
-504
-504
-504
-504
-504
-504
-504
-505
-505
-505
-505
-505
-505
-505
-505
-505
-505
-506
-506
-506
-506
-506
-506
-506
-506
-506
-507
-507
-507
-507
-507
-507
-507
-507
-507
-507
-508
-508
-508
-508
-508
-508
-508
-508
-508
-508
-509
-509
-509
-509
-509
-509
-509
-509
-509
-509
-510
-510
-510
-510
-510
-510
-510
-510
-510
-510
-510
-511
-511
-511
-511
-511
-511
-511
-511
-511
-511
-512
-512
-512
-512
-512
-512
-512
-512
-512
-512
-512
-513
-513
-513
-513
-513
-513
-513
-513
-513
-513
-514
-514
-514
-514
-514
-514
-514
-514
-514
-514
-514
-515
-515
-515
-515
-515
-515
-515
-515
-515
-515
-515
-516
-516
-516
-516
-516
-516
-516
-516
-516
-516
-516
-517
-517
-517
-517
-517
-517
-517
-517
-517
-517
-517
-518
-518
-518
-518
-518
-518
-518
-518
-518
-518
-519
-519
-519
-519
-519
-519
-519
-519
-519
-519
-519
-520
-520
-520
-520
-520
-520
-520
-520
-520
-520
-520
-521
-521
-521
-521
-521
-521
-521
-521
-521
-521
-521
-522
-522
-522
-522
-522
-522
-522
-522
-522
-522
-522
-523
-523
-523
-523
-523
-523
-523
-523
-523
-523
-523
-524
-524
-524
-524
-524
-524
-524
-524
-524
-524
-524
-525
-525
-525
-525
-525
-525
-525
-525
-525
-525
-525
-526
-526
-526
-526
-526
-526
-526
-526
-526
-526
-527
-527
-527
-527
-527
-527
-527
-527
-527
-527
-527
-528
-528
-528
-528
-528
-528
-528
-528
-528
-528
-528
-529
-529
-529
-529
-529
-529
-529
-529
-529
-529
-530
-530
-530
-530
-530
-530
-530
-530
-530
-530
-530
-531
-531
-531
-531
-531
-531
-531
-531
-531
-531
-532
-532
-532
-532
-532
-532
-532
-532
-532
-532
-532
-533
-533
-533
-533
-533
-533
-533
-533
-533
-533
-534
-534
-534
-534
-534
-534
-534
-534
-534
-534
-534
-535
-535
-535
-535
-535
-535
-535
-535
-535
-535
-536
-536
-536
-536
-536
-536
-536
-536
-536
-536
-536
-537
-537
-537
-537
-537
-537
-537
-537
-537
-537
-538
-538
-538
-538
-538
-538
-538
-538
-538
-538
-539
-539
-539
-539
-539
-539
-539
-539
-539
-539
-539
-540
-540
-540
-540
-540
-540
-540
-540
-540
-540
-541
-541
-541
-541
-541
-541
-541
-541
-541
-541
-541
-542
-542
-542
-542
-542
-542
-542
-542
-542
-542
-543
-543
-543
-543
-543
-543
-543
-543
-543
-543
-544
-544
-544
-544
-544
-544
-544
-544
-544
-544
-544
-545
-545
-545
-545
-545
-545
-545
-545
-545
-545
-546
-546
-546
-546
-546
-546
-546
-546
-546
-546
-547
-547
-547
-547
-547
-547
-547
-547
-547
-547
-547
-548
-548
-548
-548
-548
-548
-548
-548
-548
-548
-549
-549
-549
-549
-549
-549
-549
-549
-549
-549
-550
-550
-550
-550
-550
-550
-550
-550
-550
-550
-550
-551
-551
-551
-551
-551
-551
-551
-551
-551
-551
-552
-552
-552
-552
-552
-552
-552
-552
-552
-552
-553
-553
-553
-553
-553
-553
-553
-553
-553
-553
-554
-554
-554
-554
-554
-554
-554
-554
-554
-554
-555
-555
-555
-555
-555
-555
-555
-555
-555
-555
-555
-556
-556
-556
-556
-556
-556
-556
-556
-556
-556
-557
-557
-557
-557
-557
-557
-557
-557
-557
-557
-558
-558
-558
-558
-558
-558
-558
-558
-558
-558
-559
-559
-559
-559
-559
-559
-559
-559
-559
-559
-560
-560
-560
-560
-560
-560
-560
-560
-560
-560
-561
-561
-561
-561
-561
-561
-561
-561
-561
-561
-562
-562
-562
-562
-562
-562
-562
-562
-562
-562
-562
-563
-563
-563
-563
-563
-563
-563
-563
-563
-563
-564
-564
-564
-564
-564
-564
-564
-564
-564
-564
-565
-565
-565
-565
-565
-565
-565
-565
-565
-565
-566
-566
-566
-566
-566
-566
-566
-566
-566
-566
-567
-567
-567
-567
-567
-567
-567
-567
-567
-567
-568
-568
-568
-568
-568
-568
-568
-568
-568
-568
-569
-569
-569
-569
-569
-569
-569
-569
-569
-569
-570
-570
-570
-570
-570
-570
-570
-570
-570
-570
-570
-571
-571
-571
-571
-571
-571
-571
-571
-571
-571
-572
-572
-572
-572
-572
-572
-572
-572
-572
-572
-572
-573
-573
-573
-573
-573
-573
-573
-573
-573
-573
-574
-574
-574
-574
-574
-574
-574
-574
-574
-574
-574
-575
-575
-575
-575
-575
-575
-575
-575
-575
-575
-576
-576
-576
-576
-576
-576
-576
-576
-576
-576
-576
-577
-577
-577
-577
-577
-577
-577
-577
-577
-577
-577
-578
-578
-578
-578
-578
-578
-578
-578
-578
-578
-578
-578
-579
-579
-579
-579
-579
-579
-579
-579
-579
-579
-579
-580
-580
-580
-580
-580
-580
-580
-580
-580
-580
-580
-581
-581
-581
-581
-581
-581
-581
-581
-581
-581
-581
-581
-582
-582
-582
-582
-582
-582
-582
-582
-582
-582
-582
-583
-583
-583
-583
-583
-583
-583
-583
-583
-583
-583
-583
-584
-584
-584
-584
-584
-584
-584
-584
-584
-584
-584
-584
-585
-585
-585
-585
-585
-585
-585
-585
-585
-585
-585
-585
-586
-586
-586
-586
-586
-586
-586
-586
-586
-586
-586
-586
-587
-587
-587
-587
-587
-587
-587
-587
-587
-587
-587
-587
-588
-588
-588
-588
-588
-588
-588
-588
-588
-588
-588
-588
-589
-589
-589
-589
-589
-589
-589
-589
-589
-589
-589
-589
-589
-590
-590
-590
-590
-590
-590
-590
-590
-590
-590
-590
-590
-590
-591
-591
-591
-591
-591
-591
-591
-591
-591
-591
-591
-591
-592
-592
-592
-592
-592
-592
-592
-592
-592
-592
-592
-592
-592
-593
-593
-593
-593
-593
-593
-593
-593
-593
-593
-593
-593
-593
-594
-594
-594
-594
-594
-594
-594
-594
-594
-594
-594
-594
-594
-595
-595
-595
-595
-595
-595
-595
-595
-595
-595
-595
-595
-596
-596
-596
-596
-596
-596
-596
-596
-596
-596
-596
-596
-596
-597
-597
-597
-597
-597
-597
-597
-597
-597
-597
-597
-597
-597
-597
-598
-598
-598
-598
-598
-598
-598
-598
-598
-598
-598
-598
-598
-599
-599
-599
-599
-599
-599
-599
-599
-599
-599
-599
-599
-599
-600
-600
-600
-600
-600
-600
-600
-600
-600
-600
-600
-600
-600
-600
-601
-601
-601
-601
-601
-601
-601
-601
-601
-601
-601
-601
-601
-602
-602
-602
-602
-602
-602
-602
-602
-602
-602
-602
-602
-602
-602
-603
-603
-603
-603
-603
-603
-603
-603
-603
-603
-603
-603
-603
-603
-604
-604
-604
-604
-604
-604
-604
-604
-604
-604
-604
-604
-604
-604
-604
-605
-605
-605
-605
-605
-605
-605
-605
-605
-605
-605
-605
-605
-605
-606
-606
-606
-606
-606
-606
-606
-606
-606
-606
-606
-606
-606
-606
-606
-607
-607
-607
-607
-607
-607
-607
-607
-607
-607
-607
-607
-607
-607
-607
-608
-608
-608
-608
-608
-608
-608
-608
-608
-608
-608
-608
-608
-608
-608
-609
-609
-609
-609
-609
-609
-609
-609
-609
-609
-609
-609
-609
-609
-609
-609
-610
-610
-610
-610
-610
-610
-610
-610
-610
-610
-610
-610
-610
-610
-610
-611
-611
-611
-611
-611
-611
-611
-611
-611
-611
-611
-611
-611
-611
-611
-612
-612
-612
-612
-612
-612
-612
-612
-612
-612
-612
-612
-612
-612
-612
-612
-613
-613
-613
-613
-613
-613
-613
-613
-613
-613
-613
-613
-613
-613
-613
-614
-614
-614
-614
-614
-614
-614
-614
-614
-614
-614
-614
-614
-614
-614
-615
-615
-615
-615
-615
-615
-615
-615
-615
-615
-615
-615
-615
-615
-615
-616
-616
-616
-616
-616
-616
-616
-616
-616
-616
-616
-616
-616
-616
-617
-617
-617
-617
-617
-617
-617
-617
-617
-617
-617
-617
-617
-617
-617
-618
-618
-618
-618
-618
-618
-618
-618
-618
-618
-618
-618
-618
-618
-619
-619
-619
-619
-619
-619
-619
-619
-619
-619
-619
-619
-619
-619
-620
-620
-620
-620
-620
-620
-620
-620
-620
-620
-620
-620
-620
-621
-621
-621
-621
-621
-621
-621
-621
-621
-621
-621
-621
-621
-621
-622
-622
-622
-622
-622
-622
-622
-622
-622
-622
-622
-622
-622
-623
-623
-623
-623
-623
-623
-623
-623
-623
-623
-623
-623
-623
-623
-624
-624
-624
-624
-624
-624
-624
-624
-624
-624
-624
-624
-624
-625
-625
-625
-625
-625
-625
-625
-625
-625
-625
-625
-625
-625
-626
-626
-626
-626
-626
-626
-626
-626
-626
-626
-626
-626
-627
-627
-627
-627
-627
-627
-627
-627
-627
-627
-627
-627
-627
-628
-628
-628
-628
-628
-628
-628
-628
-628
-628
-628
-628
-628
-629
-629
-629
-629
-629
-629
-629
-629
-629
-629
-629
-629
-629
-630
-630
-630
-630
-630
-630
-630
-630
-630
-630
-630
-630
-631
-631
-631
-631
-631
-631
-631
-631
-631
-631
-631
-631
-631
-632
-632
-632
-632
-632
-632
-632
-632
-632
-632
-632
-632
-632
-633
-633
-633
-633
-633
-633
-633
-633
-633
-633
-633
-633
-634
-634
-634
-634
-634
-634
-634
-634
-634
-634
-634
-634
-634
-635
-635
-635
-635
-635
-635
-635
-635
-635
-635
-635
-635
-635
-636
-636
-636
-636
-636
-636
-636
-636
-636
-636
-636
-636
-636
-637
-637
-637
-637
-637
-637
-637
-637
-637
-637
-637
-637
-638
-638
-638
-638
-638
-638
-638
-638
-638
-638
-638
-638
-638
-639
-639
-639
-639
-639
-639
-639
-639
-639
-639
-639
-639
-639
-640
-640
-640
-640
-640
-640
-640
-640
-640
-640
-640
-640
-640
-641
-641
-641
-641
-641
-641
-641
-641
-641
-641
-641
-641
-641
-642
-642
-642
-642
-642
-642
-642
-642
-642
-642
-642
-642
-643
-643
-643
-643
-643
-643
-643
-643
-643
-643
-643
-643
-643
-644
-644
-644
-644
-644
-644
-644
-644
-644
-644
-644
-644
-644
-645
-645
-645
-645
-645
-645
-645
-645
-645
-645
-645
-645
-646
-646
-646
-646
-646
-646
-646
-646
-646
-646
-646
-646
-646
-647
-647
-647
-647
-647
-647
-647
-647
-647
-647
-647
-647
-647
-648
-648
-648
-648
-648
-648
-648
-648
-648
-648
-648
-648
-649
-649
-649
-649
-649
-649
-649
-649
-649
-649
-649
-649
-649
-650
-650
-650
-650
-650
-650
-650
-650
-650
-650
-650
-650
-650
-651
-651
-651
-651
-651
-651
-651
-651
-651
-651
-651
-651
-652
-652
-652
-652
-652
-652
-652
-652
-652
-652
-652
-652
-652
-653
-653
-653
-653
-653
-653
-653
-653
-653
-653
-653
-653
-653
-654
-654
-654
-654
-654
-654
-654
-654
-654
-654
-654
-654
-655
-655
-655
-655
-655
-655
-655
-655
-655
-655
-655
-655
-655
-656
-656
-656
-656
-656
-656
-656
-656
-656
-656
-656
-656
-656
-657
-657
-657
-657
-657
-657
-657
-657
-657
-657
-657
-657
-657
-657
-658
-658
-658
-658
-658
-658
-658
-658
-658
-658
-658
-658
-658
-659
-659
-659
-659
-659
-659
-659
-659
-659
-659
-659
-659
-659
-659
-660
-660
-660
-660
-660
-660
-660
-660
-660
-660
-660
-660
-660
-661
-661
-661
-661
-661
-661
-661
-661
-661
-661
-661
-661
-661
-661
-662
-662
-662
-662
-662
-662
-662
-662
-662
-662
-662
-662
-662
-662
-663
-663
-663
-663
-663
-663
-663
-663
-663
-663
-663
-663
-663
-663
-663
-664
-664
-664
-664
-664
-664
-664
-664
-664
-664
-664
-664
-664
-664
-664
-665
-665
-665
-665
-665
-665
-665
-665
-665
-665
-665
-665
-665
-665
-665
-666
-666
-666
-666
-666
-666
-666
-666
-666
-666
-666
-666
-666
-666
-666
-667
-667
-667
-667
-667
-667
-667
-667
-667
-667
-667
-667
-667
-667
-667
-668
-668
-668
-668
-668
-668
-668
-668
-668
-668
-668
-668
-668
-668
-668
-668
-669
-669
-669
-669
-669
-669
-669
-669
-669
-669
-669
-669
-669
-669
-669
-669
-670
-670
-670
-670
-670
-670
-670
-670
-670
-670
-670
-670
-670
-670
-670
-670
-670
-671
-671
-671
-671
-671
-671
-671
-671
-671
-671
-671
-671
-671
-671
-671
-671
-671
-672
-672
-672
-672
-672
-672
-672
-672
-672
-672
-672
-672
-672
-672
-672
-672
-672
-673
-673
-673
-673
-673
-673
-673
-673
-673
-673
-673
-673
-673
-673
-673
-673
-673
-674
-674
-674
-674
-674
-674
-674
-674
-674
-674
-674
-674
-674
-674
-674
-674
-674
-675
-675
-675
-675
-675
-675
-675
-675
-675
-675
-675
-675
-675
-675
-675
-675
-675
-675
-676
-676
-676
-676
-676
-676
-676
-676
-676
-676
-676
-676
-676
-676
-676
-676
-676
-677
-677
-677
-677
-677
-677
-677
-677
-677
-677
-677
-677
-677
-677
-677
-677
-677
-677
-678
-678
-678
-678
-678
-678
-678
-678
-678
-678
-678
-678
-678
-678
-678
-678
-678
-678
-679
-679
-679
-679
-679
-679
-679
-679
-679
-679
-679
-679
-679
-679
-679
-679
-679
-680
-680
-680
-680
-680
-680
-680
-680
-680
-680
-680
-680
-680
-680
-680
-680
-680
-680
-681
-681
-681
-681
-681
-681
-681
-681
-681
-681
-681
-681
-681
-681
-681
-681
-681
-682
-682
-682
-682
-682
-682
-682
-682
-682
-682
-682
-682
-682
-682
-682
-682
-682
-683
-683
-683
-683
-683
-683
-683
-683
-683
-683
-683
-683
-683
-683
-683
-683
-683
-683
-684
-684
-684
-684
-684
-684
-684
-684
-684
-684
-684
-684
-684
-684
-684
-684
-684
-685
-685
-685
-685
-685
-685
-685
-685
-685
-685
-685
-685
-685
-685
-685
-685
-685
-685
-686
-686
-686
-686
-686
-686
-686
-686
-686
-686
-686
-686
-686
-686
-686
-686
-686
-687
-687
-687
-687
-687
-687
-687
-687
-687
-687
-687
-687
-687
-687
-687
-687
-687
-687
-688
-688
-688
-688
-688
-688
-688
-688
-688
-688
-688
-688
-688
-688
-688
-688
-688
-688
-689
-689
-689
-689
-689
-689
-689
-689
-689
-689
-689
-689
-689
-689
-689
-689
-689
-690
-690
-690
-690
-690
-690
-690
-690
-690
-690
-690
-690
-690
-690
-690
-690
-690
-690
-691
-691
-691
-691
-691
-691
-691
-691
-691
-691
-691
-691
-691
-691
-691
-691
-691
-691
-692
-692
-692
-692
-692
-692
-692
-692
-692
-692
-692
-692
-692
-692
-692
-692
-692
-693
-693
-693
-693
-693
-693
-693
-693
-693
-693
-693
-693
-693
-693
-693
-693
-693
-693
-694
-694
-694
-694
-694
-694
-694
-694
-694
-694
-694
-694
-694
-694
-694
-694
-694
-695
-695
-695
-695
-695
-695
-695
-695
-695
-695
-695
-695
-695
-695
-695
-695
-695
-696
-696
-696
-696
-696
-696
-696
-696
-696
-696
-696
-696
-696
-696
-696
-696
-696
-697
-697
-697
-697
-697
-697
-697
-697
-697
-697
-697
-697
-697
-697
-697
-697
-697
-698
-698
-698
-698
-698
-698
-698
-698
-698
-698
-698
-698
-698
-698
-698
-698
-698
-699
-699
-699
-699
-699
-699
-699
-699
-699
-699
-699
-699
-699
-699
-699
-699
-700
-700
-700
-700
-700
-700
-700
-700
-700
-700
-700
-700
-700
-700
-700
-700
-700
-701
-701
-701
-701
-701
-701
-701
-701
-701
-701
-701
-701
-701
-701
-701
-701
-702
-702
-702
-702
-702
-702
-702
-702
-702
-702
-702
-702
-702
-702
-702
-702
-702
-703
-703
-703
-703
-703
-703
-703
-703
-703
-703
-703
-703
-703
-703
-703
-703
-704
-704
-704
-704
-704
-704
-704
-704
-704
-704
-704
-704
-704
-704
-704
-704
-705
-705
-705
-705
-705
-705
-705
-705
-705
-705
-705
-705
-705
-705
-705
-705
-705
-706
-706
-706
-706
-706
-706
-706
-706
-706
-706
-706
-706
-706
-706
-706
-706
-707
-707
-707
-707
-707
-707
-707
-707
-707
-707
-707
-707
-707
-707
-707
-707
-707
-708
-708
-708
-708
-708
-708
-708
-708
-708
-708
-708
-708
-708
-708
-708
-708
-709
-709
-709
-709
-709
-709
-709
-709
-709
-709
-709
-709
-709
-709
-709
-709
-709
-710
-710
-710
-710
-710
-710
-710
-710
-710
-710
-710
-710
-710
-710
-710
-710
-710
-711
-711
-711
-711
-711
-711
-711
-711
-711
-711
-711
-711
-711
-711
-711
-711
-711
-712
-712
-712
-712
-712
-712
-712
-712
-712
-712
-712
-712
-712
-712
-712
-712
-712
-713
-713
-713
-713
-713
-713
-713
-713
-713
-713
-713
-713
-713
-713
-713
-713
-713
-713
-714
-714
-714
-714
-714
-714
-714
-714
-714
-714
-714
-714
-714
-714
-714
-714
-714
-714
-715
-715
-715
-715
-715
-715
-715
-715
-715
-715
-715
-715
-715
-715
-715
-715
-715
-715
-716
-716
-716
-716
-716
-716
-716
-716
-716
-716
-716
-716
-716
-716
-716
-716
-716
-716
-717
-717
-717
-717
-717
-717
-717
-717
-717
-717
-717
-717
-717
-717
-717
-717
-717
-717
-717
-718
-718
-718
-718
-718
-718
-718
-718
-718
-718
-718
-718
-718
-718
-718
-718
-718
-718
-718
-719
-719
-719
-719
-719
-719
-719
-719
-719
-719
-719
-719
-719
-719
-719
-719
-719
-719
-719
-720
-720
-720
-720
-720
-720
-720
-720
-720
-720
-720
-720
-720
-720
-720
-720
-720
-720
-720
-720
-721
-721
-721
-721
-721
-721
-721
-721
-721
-721
-721
-721
-721
-721
-721
-721
-721
-721
-721
-721
-722
-722
-722
-722
-722
-722
-722
-722
-722
-722
-722
-722
-722
-722
-722
-722
-722
-722
-722
-722
-723
-723
-723
-723
-723
-723
-723
-723
-723
-723
-723
-723
-723
-723
-723
-723
-723
-723
-723
-723
-724
-724
-724
-724
-724
-724
-724
-724
-724
-724
-724
-724
-724
-724
-724
-724
-724
-724
-724
-724
-725
-725
-725
-725
-725
-725
-725
-725
-725
-725
-725
-725
-725
-725
-725
-725
-725
-725
-725
-725
-726
-726
-726
-726
-726
-726
-726
-726
-726
-726
-726
-726
-726
-726
-726
-726
-726
-726
-726
-726
-726
-727
-727
-727
-727
-727
-727
-727
-727
-727
-727
-727
-727
-727
-727
-727
-727
-727
-727
-727
-727
-727
-728
-728
-728
-728
-728
-728
-728
-728
-728
-728
-728
-728
-728
-728
-728
-728
-728
-728
-728
-728
-728
-729
-729
-729
-729
-729
-729
-729
-729
-729
-729
-729
-729
-729
-729
-729
-729
-729
-729
-729
-729
-729
-730
-730
-730
-730
-730
-730
-730
-730
-730
-730
-730
-730
-730
-730
-730
-730
-730
-730
-730
-730
-730
-730
-731
-731
-731
-731
-731
-731
-731
-731
-731
-731
-731
-731
-731
-731
-731
-731
-731
-731
-731
-731
-731
-731
-732
-732
-732
-732
-732
-732
-732
-732
-732
-732
-732
-732
-732
-732
-732
-732
-732
-732
-732
-732
-732
-732
-733
-733
-733
-733
-733
-733
-733
-733
-733
-733
-733
-733
-733
-733
-733
-733
-733
-733
-733
-733
-733
-733
-734
-734
-734
-734
-734
-734
-734
-734
-734
-734
-734
-734
-734
-734
-734
-734
-734
-734
-734
-734
-734
-734
-735
-735
-735
-735
-735
-735
-735
-735
-735
-735
-735
-735
-735
-735
-735
-735
-735
-735
-735
-735
-735
-736
-736
-736
-736
-736
-736
-736
-736
-736
-736
-736
-736
-736
-736
-736
-736
-736
-736
-736
-736
-736
-737
-737
-737
-737
-737
-737
-737
-737
-737
-737
-737
-737
-737
-737
-737
-737
-737
-737
-737
-737
-737
-738
-738
-738
-738
-738
-738
-738
-738
-738
-738
-738
-738
-738
-738
-738
-738
-738
-738
-738
-738
-738
-739
-739
-739
-739
-739
-739
-739
-739
-739
-739
-739
-739
-739
-739
-739
-739
-739
-739
-739
-739
-739
-740
-740
-740
-740
-740
-740
-740
-740
-740
-740
-740
-740
-740
-740
-740
-740
-740
-740
-740
-740
-740
-741
-741
-741
-741
-741
-741
-741
-741
-741
-741
-741
-741
-741
-741
-741
-741
-741
-741
-741
-741
-741
-742
-742
-742
-742
-742
-742
-742
-742
-742
-742
-742
-742
-742
-742
-742
-742
-742
-742
-742
-742
-742
-743
-743
-743
-743
-743
-743
-743
-743
-743
-743
-743
-743
-743
-743
-743
-743
-743
-743
-743
-743
-743
-743
-744
-744
-744
-744
-744
-744
-744
-744
-744
-744
-744
-744
-744
-744
-744
-744
-744
-744
-744
-744
-744
-745
-745
-745
-745
-745
-745
-745
-745
-745
-745
-745
-745
-745
-745
-745
-745
-745
-745
-745
-745
-745
-745
-746
-746
-746
-746
-746
-746
-746
-746
-746
-746
-746
-746
-746
-746
-746
-746
-746
-746
-746
-746
-746
-746
-747
-747
-747
-747
-747
-747
-747
-747
-747
-747
-747
-747
-747
-747
-747
-747
-747
-747
-747
-747
-747
-747
-747
-748
-748
-748
-748
-748
-748
-748
-748
-748
-748
-748
-748
-748
-748
-748
-748
-748
-748
-748
-748
-748
-748
-749
-749
-749
-749
-749
-749
-749
-749
-749
-749
-749
-749
-749
-749
-749
-749
-749
-749
-749
-749
-749
-749
-749
-749
-750
-750
-750
-750
-750
-750
-750
-750
-750
-750
-750
-750
-750
-750
-750
-750
-750
-750
-750
-750
-750
-750
-750
-751
-751
-751
-751
-751
-751
-751
-751
-751
-751
-751
-751
-751
-751
-751
-751
-751
-751
-751
-751
-751
-751
-751
-752
-752
-752
-752
-752
-752
-752
-752
-752
-752
-752
-752
-752
-752
-752
-752
-752
-752
-752
-752
-752
-752
-752
-752
-753
-753
-753
-753
-753
-753
-753
-753
-753
-753
-753
-753
-753
-753
-753
-753
-753
-753
-753
-753
-753
-753
-753
-753
-754
-754
-754
-754
-754
-754
-754
-754
-754
-754
-754
-754
-754
-754
-754
-754
-754
-754
-754
-754
-754
-754
-754
-754
-754
-755
-755
-755
-755
-755
-755
-755
-755
-755
-755
-755
-755
-755
-755
-755
-755
-755
-755
-755
-755
-755
-755
-755
-755
-755
-756
-756
-756
-756
-756
-756
-756
-756
-756
-756
-756
-756
-756
-756
-756
-756
-756
-756
-756
-756
-756
-756
-756
-756
-756
-756
-757
-757
-757
-757
-757
-757
-757
-757
-757
-757
-757
-757
-757
-757
-757
-757
-757
-757
-757
-757
-757
-757
-757
-757
-757
-757
-758
-758
-758
-758
-758
-758
-758
-758
-758
-758
-758
-758
-758
-758
-758
-758
-758
-758
-758
-758
-758
-758
-758
-758
-758
-758
-758
-758
-759
-759
-759
-759
-759
-759
-759
-759
-759
-759
-759
-759
-759
-759
-759
-759
-759
-759
-759
-759
-759
-759
-759
-759
-759
-759
-759
-759
-759
-760
-760
-760
-760
-760
-760
-760
-760
-760
-760
-760
-760
-760
-760
-760
-760
-760
-760
-760
-760
-760
-760
-760
-760
-760
-760
-760
-760
-760
-760
-760
-761
-761
-761
-761
-761
-761
-761
-761
-761
-761
-761
-761
-761
-761
-761
-761
-761
-761
-761
-761
-761
-761
-761
-761
-761
-761
-761
-761
-761
-761
-761
-761
-761
-762
-762
-762
-762
-762
-762
-762
-762
-762
-762
-762
-762
-762
-762
-762
-762
-762
-762
-762
-762
-762
-762
-762
-762
-762
-762
-762
-762
-762
-762
-762
-762
-762
-762
-763
-763
-763
-763
-763
-763
-763
-763
-763
-763
-763
-763
-763
-763
-763
-763
-763
-763
-763
-763
-763
-763
-763
-763
-763
-763
-763
-763
-763
-763
-763
-763
-763
-763
-763
-763
-763
-764
-764
-764
-764
-764
-764
-764
-764
-764
-764
-764
-764
-764
-764
-764
-764
-764
-764
-764
-764
-764
-764
-764
-764
-764
-764
-764
-764
-764
-764
-764
-764
-764
-764
-764
-764
-764
-765
-765
-765
-765
-765
-765
-765
-765
-765
-765
-765
-765
-765
-765
-765
-765
-765
-765
-765
-765
-765
-765
-765
-765
-765
-765
-765
-765
-765
-765
-765
-765
-765
-765
-765
-765
-765
-766
-766
-766
-766
-766
-766
-766
-766
-766
-766
-766
-766
-766
-766
-766
-766
-766
-766
-766
-766
-766
-766
-766
-766
-766
-766
-766
-766
-766
-766
-766
-766
-766
-766
-766
-767
-767
-767
-767
-767
-767
-767
-767
-767
-767
-767
-767
-767
-767
-767
-767
-767
-767
-767
-767
-767
-767
-767
-767
-767
-767
-767
-767
-767
-767
-767
-767
-767
-767
-767
-768
-768
-768
-768
-768
-768
-768
-768
-768
-768
-768
-768
-768
-768
-768
-768
-768
-768
-768
-768
-768
-768
-768
-768
-768
-768
-768
-768
-768
-768
-768
-768
-768
-768
-769
-769
-769
-769
-769
-769
-769
-769
-769
-769
-769
-769
-769
-769
-769
-769
-769
-769
-769
-769
-769
-769
-769
-769
-769
-769
-769
-769
-769
-769
-769
-769
-769
-770
-770
-770
-770
-770
-770
-770
-770
-770
-770
-770
-770
-770
-770
-770
-770
-770
-770
-770
-770
-770
-770
-770
-770
-770
-770
-770
-770
-770
-770
-770
-770
-770
-771
-771
-771
-771
-771
-771
-771
-771
-771
-771
-771
-771
-771
-771
-771
-771
-771
-771
-771
-771
-771
-771
-771
-771
-771
-771
-771
-771
-771
-771
-771
-771
-772
-772
-772
-772
-772
-772
-772
-772
-772
-772
-772
-772
-772
-772
-772
-772
-772
-772
-772
-772
-772
-772
-772
-772
-772
-772
-772
-772
-772
-772
-772
-773
-773
-773
-773
-773
-773
-773
-773
-773
-773
-773
-773
-773
-773
-773
-773
-773
-773
-773
-773
-773
-773
-773
-773
-773
-773
-773
-773
-773
-773
-773
-774
-774
-774
-774
-774
-774
-774
-774
-774
-774
-774
-774
-774
-774
-774
-774
-774
-774
-774
-774
-774
-774
-774
-774
-774
-774
-774
-774
-774
-774
-774
-775
-775
-775
-775
-775
-775
-775
-775
-775
-775
-775
-775
-775
-775
-775
-775
-775
-775
-775
-775
-775
-775
-775
-775
-775
-775
-775
-775
-775
-775
-776
-776
-776
-776
-776
-776
-776
-776
-776
-776
-776
-776
-776
-776
-776
-776
-776
-776
-776
-776
-776
-776
-776
-776
-776
-776
-776
-776
-776
-777
-777
-777
-777
-777
-777
-777
-777
-777
-777
-777
-777
-777
-777
-777
-777
-777
-777
-777
-777
-777
-777
-777
-777
-777
-777
-777
-777
-777
-778
-778
-778
-778
-778
-778
-778
-778
-778
-778
-778
-778
-778
-778
-778
-778
-778
-778
-778
-778
-778
-778
-778
-778
-778
-778
-778
-779
-779
-779
-779
-779
-779
-779
-779
-779
-779
-779
-779
-779
-779
-779
-779
-779
-779
-779
-779
-779
-779
-779
-779
-779
-779
-779
-779
-780
-780
-780
-780
-780
-780
-780
-780
-780
-780
-780
-780
-780
-780
-780
-780
-780
-780
-780
-780
-780
-780
-780
-780
-780
-780
-780
-781
-781
-781
-781
-781
-781
-781
-781
-781
-781
-781
-781
-781
-781
-781
-781
-781
-781
-781
-781
-781
-781
-781
-781
-781
-781
-781
-782
-782
-782
-782
-782
-782
-782
-782
-782
-782
-782
-782
-782
-782
-782
-782
-782
-782
-782
-782
-782
-782
-782
-782
-782
-782
-782
-782
-783
-783
-783
-783
-783
-783
-783
-783
-783
-783
-783
-783
-783
-783
-783
-783
-783
-783
-783
-783
-783
-783
-783
-783
-783
-783
-783
-784
-784
-784
-784
-784
-784
-784
-784
-784
-784
-784
-784
-784
-784
-784
-784
-784
-784
-784
-784
-784
-784
-784
-784
-784
-784
-784
-784
-785
-785
-785
-785
-785
-785
-785
-785
-785
-785
-785
-785
-785
-785
-785
-785
-785
-785
-785
-785
-785
-785
-785
-785
-785
-785
-785
-786
-786
-786
-786
-786
-786
-786
-786
-786
-786
-786
-786
-786
-786
-786
-786
-786
-786
-786
-786
-786
-786
-786
-786
-786
-786
-786
-786
-787
-787
-787
-787
-787
-787
-787
-787
-787
-787
-787
-787
-787
-787
-787
-787
-787
-787
-787
-787
-787
-787
-787
-787
-787
-787
-787
-787
-787
-788
-788
-788
-788
-788
-788
-788
-788
-788
-788
-788
-788
-788
-788
-788
-788
-788
-788
-788
-788
-788
-788
-788
-788
-788
-788
-788
-788
-788
-788
-789
-789
-789
-789
-789
-789
-789
-789
-789
-789
-789
-789
-789
-789
-789
-789
-789
-789
-789
-789
-789
-789
-789
-789
-789
-789
-789
-789
-789
-789
-789
-789
-790
-790
-790
-790
-790
-790
-790
-790
-790
-790
-790
-790
-790
-790
-790
-790
-790
-790
-790
-790
-790
-790
-790
-790
-790
-790
-790
-790
-790
-790
-790
-790
-790
-790
-790
-791
-791
-791
-791
-791
-791
-791
-791
-791
-791
-791
-791
-791
-791
-791
-791
-791
-791
-791
-791
-791
-791
-791
-791
-791
-791
-791
-791
-791
-791
-791
-791
-791
-791
-791
-791
-791
-792
-792
-792
-792
-792
-792
-792
-792
-792
-792
-792
-792
-792
-792
-792
-792
-792
-792
-792
-792
-792
-792
-792
-792
-792
-792
-792
-792
-792
-792
-792
-792
-792
-792
-792
-792
-792
-792
-792
-793
-793
-793
-793
-793
-793
-793
-793
-793
-793
-793
-793
-793
-793
-793
-793
-793
-793
-793
-793
-793
-793
-793
-793
-793
-793
-793
-793
-793
-793
-793
-793
-793
-793
-793
-793
-793
-793
-793
-793
-793
-793
-794
-794
-794
-794
-794
-794
-794
-794
-794
-794
-794
-794
-794
-794
-794
-794
-794
-794
-794
-794
-794
-794
-794
-794
-794
-794
-794
-794
-794
-794
-794
-794
-794
-794
-794
-794
-794
-794
-794
-794
-794
-794
-794
-795
-795
-795
-795
-795
-795
-795
-795
-795
-795
-795
-795
-795
-795
-795
-795
-795
-795
-795
-795
-795
-795
-795
-795
-795
-795
-795
-795
-795
-795
-795
-795
-795
-795
-795
-795
-795
-795
-795
-795
-795
-795
-795
-796
-796
-796
-796
-796
-796
-796
-796
-796
-796
-796
-796
-796
-796
-796
-796
-796
-796
-796
-796
-796
-796
-796
-796
-796
-796
-796
-796
-796
-796
-796
-796
-796
-796
-796
-796
-796
-796
-796
-796
-796
-796
-796
-797
-797
-797
-797
-797
-797
-797
-797
-797
-797
-797
-797
-797
-797
-797
-797
-797
-797
-797
-797
-797
-797
-797
-797
-797
-797
-797
-797
-797
-797
-797
-797
-797
-797
-797
-797
-797
-797
-797
-797
-797
-798
-798
-798
-798
-798
-798
-798
-798
-798
-798
-798
-798
-798
-798
-798
-798
-798
-798
-798
-798
-798
-798
-798
-798
-798
-798
-798
-798
-798
-798
-798
-798
-798
-798
-798
-798
-798
-798
-798
-798
-798
-799
-799
-799
-799
-799
-799
-799
-799
-799
-799
-799
-799
-799
-799
-799
-799
-799
-799
-799
-799
-799
-799
-799
-799
-799
-799
-799
-799
-799
-799
-799
-799
-799
-799
-799
-799
-799
-799
-799
-799
-799
-800
-800
-800
-800
-800
-800
-800
-800
-800
-800
-800
-800
-800
-800
-800
-800
-800
-800
-800
-800
-800
-800
-800
-800
-800
-800
-800
-800
-800
-800
-800
-800
-800
-800
-800
-800
-800
-800
-800
-800
-800
-801
-801
-801
-801
-801
-801
-801
-801
-801
-801
-801
-801
-801
-801
-801
-801
-801
-801
-801
-801
-801
-801
-801
-801
-801
-801
-801
-801
-801
-801
-801
-801
-801
-801
-801
-801
-801
-801
-801
-802
-802
-802
-802
-802
-802
-802
-802
-802
-802
-802
-802
-802
-802
-802
-802
-802
-802
-802
-802
-802
-802
-802
-802
-802
-802
-802
-802
-802
-802
-802
-802
-802
-802
-802
-802
-802
-802
-802
-803
-803
-803
-803
-803
-803
-803
-803
-803
-803
-803
-803
-803
-803
-803
-803
-803
-803
-803
-803
-803
-803
-803
-803
-803
-803
-803
-803
-803
-803
-803
-803
-803
-803
-803
-803
-803
-803
-803
-804
-804
-804
-804
-804
-804
-804
-804
-804
-804
-804
-804
-804
-804
-804
-804
-804
-804
-804
-804
-804
-804
-804
-804
-804
-804
-804
-804
-804
-804
-804
-804
-804
-804
-804
-804
-804
-804
-805
-805
-805
-805
-805
-805
-805
-805
-805
-805
-805
-805
-805
-805
-805
-805
-805
-805
-805
-805
-805
-805
-805
-805
-805
-805
-805
-805
-805
-805
-805
-805
-805
-805
-805
-805
-805
-806
-806
-806
-806
-806
-806
-806
-806
-806
-806
-806
