PIEZO:
2.00
5.00
26.00
0.00
3.00
0.00
0.00
0.00
5.00
0.00
0.00
0.00
0.00
0.00
0.00
0.00
0.00
1.00
1.00
6.00
1.00
0.00
0.00
0.00
0.00
3.00
0.00
1.00
0.00
0.00
3.00
7.00
0.00
0.00
0.00
9.00
0.00
0.00
5.00
0.00
0.00
0.00
1.00
1.00
0.00
36.00
0.00
0.00
0.00
0.00
0.00
0.00
10.00
1.00
29.00
0.00
2.00
0.00
1.00
0.00
2.00
0.00
11.00
0.00
0.00
0.00
3.00
0.00
3.00
2.00
2.00
3.00
0.00
0.00
0.00
0.00
0.00
4.00
2.00
0.00
1.00
0.00
1.00
0.00
6.00
0.00
0.00
0.00
6.00
3.00
2.00
0.00
0.00
0.00
0.00
0.00
0.00
0.00
0.00
10.00
0.00
5.00
0.00
0.00
0.00
2.00
3.00
2.00
9.00
4.00
0.00
13.00
15.00
0.00
0.00
0.00
2.00
3.00
0.00
6.00
0.00
4.00
23.00
0.00
0.00
0.00
1.00
4.00
0.00
7.00
0.00
0.00
0.00
0.00
5.00
1.00
4.00
19.00
0.00
0.00
0.00
0.00
0.00
6.00
8.00
0.00
5.00
13.00
0.00
0.00
0.00
5.00
2.00
7.00
3.00
8.00
15.00
0.00
0.00
0.00
12.00
1.00
1.00
0.00
3.00
0.00
19.00
0.00
1.00
0.00
1.00
2.00
0.00
1.00
0.00
5.00
4.00
0.00
0.00
0.00
19.00
0.00
4.00
0.00
28.00
4.00
6.00
18.00
3.00
2.00
0.00
5.00
32.00
0.00
0.00
4.00
8.00
8.00
1.00
6.00
5.00
25.00
2.00
0.00
5.00
0.00
25.00
5.00
0.00
0.00
0.00
4.00
4.00
0.00
0.00
0.00
0.00
1.00
0.00
0.00
0.00
3.00
0.00
0.00
5.00
1.00
0.00
1.00
0.00
1.00
0.00
1.00
0.00
4.00
0.00
1.00
0.00
0.00
6.00
0.00
6.00
0.00
2.00
3.00
3.00
0.00
5.00
5.00
0.00
0.00
0.00
3.00
5.00
6.00
0.00
0.00
7.00
0.00
0.00
2.00
3.00
1.00
0.00
0.00
0.00
0.00
0.00
0.00
0.00
0.00
9.00
1.00
3.00
0.00
4.00
2.00
2.00
4.00
9.00
0.00
0.00
0.00
0.00
0.00
6.00
3.00
0.00
0.00
2.00
1.00
0.00
9.00
5.00
15.00
0.00
0.00
0.00
0.00
8.00
5.00
0.00
14.00
2.00
13.00
6.00
4.00
8.00
0.00
0.00
0.00
2.00
3.00
2.00
6.00
0.00
0.00
8.00
7.00
0.00
13.00
0.00
1.00
0.00
0.00
0.00
11.00
0.00
23.00
0.00
2.00
1.00
26.00
0.00
3.00
0.00
0.00
0.00
0.00
0.00
0.00
0.00
3.00
0.00
3.00
0.00
0.00
7.00
7.00
7.00
0.00
0.00
2.00
1.00
14.00
0.00
0.00
1.00
12.00
0.00
0.00
0.00
4.00
2.00
1.00
2.00
0.00
10.00
6.00
0.00
0.00
12.00
0.00
0.00
0.00
0.00
18.00
1.00
0.00
10.00
0.00
0.00
0.00
4.00
0.00
1.00
0.00
1.00
0.00
1.00
4.00
2.00
0.00
0.00
0.00
0.00
27.00
8.00
2.00
0.00
3.00
8.00
7.00
3.00
0.00
0.00
15.00
0.00
0.00
5.00
6.00
0.00
0.00
7.00
3.00
0.00
0.00
1.00
2.00
0.00
0.00
0.00
6.00
2.00
4.00
11.00
3.00
7.00
0.00
0.00
0.00
0.00
0.00
0.00
0.00
0.00
3.00
4.00
0.00
42.00
0.00
3.00
2.00
0.00
0.00
4.00
3.00
9.00
8.00
0.00
15.00
0.00
0.00
2.00
0.00
0.00
0.00
4.00
5.00
0.00
0.00
0.00
0.00
7.00
1.00
0.00
0.00
6.00
0.00
0.00
7.00
0.00
9.00
8.00
0.00
2.00
0.00
0.00
0.00
1.00
0.00
0.00
19.00
2.00
3.00
3.00
0.00
0.00
0.00
0.00
0.00
1.00
0.00
0.00
0.00
0.00
0.00
1.00
0.00
2.00
0.00
