PIEZO:
0.00
0.00
10.00
5.00
0.00
1.00
0.00
1.00
9.00
0.00
0.00
0.00
17.00
3.00
10.00
8.00
5.00
0.00
0.00
0.00
0.00
0.00
5.00
0.00
0.00
2.00
0.00
5.00
0.00
0.00
0.00
3.00
4.00
1.00
0.00
11.00
0.00
15.00
0.00
10.00
0.00
0.00
4.00
0.00
0.00
4.00
0.00
34.00
0.00
14.00
14.00
3.00
4.00
4.00
6.00
0.00
2.00
0.00
8.00
0.00
0.00
8.00
3.00
0.00
0.00
2.00
0.00
10.00
4.00
1.00
1.00
0.00
5.00
0.00
0.00
2.00
0.00
9.00
3.00
0.00
0.00
4.00
8.00
5.00
0.00
0.00
0.00
3.00
2.00
0.00
0.00
1.00
0.00
0.00
0.00
0.00
0.00
5.00
11.00
0.00
0.00
0.00
0.00
0.00
0.00
0.00
1.00
10.00
0.00
0.00
3.00
24.00
149.00
960.00
768.00
30.00
187.00
0.00
0.00
0.00
0.00
0.00
64.00
21.00
228.00
403.00
338.00
23.00
39.00
0.00
16.00
103.00
1.00
0.00
0.00
22.00
13.00
23.00
14.00
0.00
0.00
0.00
0.00
0.00
13.00
68.00
81.00
68.00
57.00
23.00
0.00
53.00
9.00
0.00
0.00
0.00
20.00
80.00
61.00
2.00
0.00
0.00
0.00
0.00
0.00
0.00
0.00
2.00
0.00
14.00
27.00
31.00
31.00
13.00
8.00
0.00
0.00
0.00
0.00
0.00
0.00
0.00
0.00
0.00
0.00
0.00
0.00
2.00
3.00
3.00
0.00
0.00
0.00
0.00
16.00
15.00
21.00
18.00
14.00
17.00
0.00
0.00
0.00
0.00
0.00
0.00
1.00
5.00
5.00
7.00
10.00
0.00
7.00
17.00
252.00
76.00
0.00
18.00
0.00
9.00
141.00
53.00
47.00
10.00
20.00
1.00
0.00
0.00
0.00
0.00
7.00
12.00
36.00
12.00
3.00
2.00
1.00
0.00
0.00
0.00
0.00
18.00
10.00
11.00
6.00
6.00
2.00
2.00
0.00
0.00
14.00
1.00
9.00
3.00
12.00
3.00
9.00
7.00
3.00
1.00
0.00
0.00
2.00
0.00
4.00
0.00
0.00
1.00
0.00
0.00
0.00
0.00
2.00
0.00
3.00
0.00
4.00
5.00
10.00
3.00
0.00
4.00
0.00
0.00
0.00
0.00
11.00
2.00
0.00
0.00
15.00
4.00
7.00
5.00
0.00
1.00
0.00
4.00
2.00
20.00
8.00
0.00
6.00
2.00
0.00
0.00
9.00
10.00
0.00
0.00
0.00
4.00
1.00
3.00
0.00
0.00
0.00
0.00
0.00
0.00
0.00
0.00
4.00
10.00
0.00
0.00
0.00
0.00
0.00
0.00
34.00
3.00
44.00
3.00
1.00
2.00
0.00
7.00
0.00
0.00
1.00
1.00
2.00
0.00
0.00
0.00
2.00
0.00
0.00
0.00
0.00
0.00
0.00
0.00
11.00
23.00
0.00
2.00
4.00
0.00
0.00
0.00
1.00
0.00
0.00
22.00
0.00
0.00
2.00
4.00
3.00
7.00
7.00
6.00
0.00
0.00
14.00
7.00
6.00
5.00
0.00
1.00
1.00
0.00
0.00
6.00
2.00
4.00
3.00
0.00
0.00
6.00
0.00
0.00
11.00
0.00
0.00
0.00
0.00
0.00
0.00
3.00
0.00
0.00
0.00
0.00
6.00
4.00
4.00
0.00
0.00
0.00
1.00
0.00
0.00
9.00
0.00
2.00
0.00
0.00
5.00
3.00
3.00
0.00
0.00
2.00
0.00
4.00
1.00
2.00
0.00
0.00
0.00
1.00
0.00
23.00
39.00
4.00
8.00
0.00
0.00
0.00
1.00
5.00
0.00
0.00
0.00
5.00
0.00
2.00
0.00
0.00
3.00
0.00
0.00
0.00
0.00
0.00
3.00
0.00
0.00
0.00
10.00
11.00
0.00
0.00
0.00
7.00
0.00
1.00
0.00
0.00
6.00
0.00
0.00
0.00
6.00
4.00
0.00
0.00
0.00
0.00
1.00
0.00
8.00
0.00
1.00
0.00
0.00
0.00
0.00
0.00
1.00
0.00
0.00
0.00
0.00
9.00
0.00
0.00
