P_X:
0
0
0
0
0
0
0
0
0
0
0
0
0
0
0
0
0
0
0
0
0
0
0
0
0
0
0
0
0
0
0
0
0
0
0
0
0
0
0
0
0
0
0
0
0
0
0
0
0
0
0
0
0
0
0
0
0
0
0
0
0
0
0
0
0
0
0
0
0
0
0
0
0
0
0
0
0
0
0
0
0
0
0
0
0
0
0
0
0
0
0
0
0
0
0
0
0
0
0
0
0
0
0
0
0
0
0
0
0
0
0
0
0
0
0
0
0
0
0
0
0
0
0
0
0
0
0
0
0
0
0
0
0
0
0
0
0
0
0
0
0
0
0
0
0
0
0
0
0
0
0
0
0
0
0
0
0
0
0
0
0
0
0
0
0
0
0
0
0
0
0
0
0
0
0
0
0
0
0
0
0
0
0
0
0
0
0
0
0
0
0
0
0
0
0
0
0
0
0
0
0
0
0
0
0
0
0
0
0
0
0
0
0
0
0
0
0
0
0
0
0
0
0
0
0
0
0
0
0
0
0
0
0
0
0
0
0
0
0
0
0
0
0
0
0
0
0
0
0
0
0
0
0
0
0
0
0
0
0
0
0
0
0
0
0
0
0
0
0
0
0
0
0
0
0
0
0
0
0
0
0
0
0
0
0
0
0
0
0
0
0
0
0
0
0
0
0
0
0
0
0
0
0
0
0
0
0
0
0
0
0
0
0
0
0
0
0
0
0
0
0
0
0
0
0
0
0
0
0
0
0
0
0
0
0
0
0
0
0
0
0
0
0
0
0
0
0
0
0
0
ACC_X:
0.16
0.14
0.14
0.14
0.14
0.14
0.14
0.14
0.14
0.14
0.15
0.15
0.15
0.15
0.15
0.15
0.15
0.14
0.14
0.14
0.13
0.13
0.12
0.12
0.11
0.10
0.10
0.09
0.09
0.08
0.08
0.08
0.08
0.07
0.06
0.06
0.05
0.05
0.05
0.05
0.04
0.04
0.04
0.03
0.03
0.04
0.04
0.04
0.04
0.04
0.05
0.05
0.07
0.07
0.08
0.08
0.08
0.09
0.09
0.11
0.11
0.12
0.12
0.12
0.13
0.13
0.14
0.14
0.15
0.16
0.16
0.16
0.16
0.17
0.17
0.17
0.17
0.17
0.17
0.17
0.16
0.16
0.16
0.16
0.16
0.16
0.16
0.16
0.16
0.16
0.16
0.16
0.16
0.16
0.15
0.15
0.15
0.15
0.15
0.15
0.15
0.15
0.15
0.15
0.15
0.14
0.14
0.14
0.14
0.14
0.14
0.14
0.14
0.14
0.14
0.14
0.14
0.13
0.13
0.13
0.14
0.14
0.14
0.14
0.15
0.15
0.15
0.16
0.16
0.16
0.16
0.17
0.17
0.17
0.17
0.17
0.17
0.17
0.18
0.18
0.18
0.18
0.19
0.20
0.20
0.21
0.21
0.21
0.21
0.21
0.22
0.22
0.22
0.22
0.22
0.22
0.23
0.23
0.23
0.23
0.23
0.23
0.23
0.23
0.23
0.23
0.23
0.23
0.22
0.22
0.22
0.21
0.21
0.21
0.21
0.21
0.21
0.21
0.21
0.21
0.21
0.21
0.20
0.20
0.20
0.20
0.20
0.19
0.19
0.19
0.19
0.18
0.18
0.19
0.19
0.19
0.20
0.20
0.21
0.21
0.21
0.22
0.22
0.23
0.23
0.23
0.23
0.23
0.24
0.24
0.24
0.24
0.24
0.24
0.24
0.24
0.24
0.24
0.24
0.24
0.24
0.24
0.24
0.24
0.24
0.24
0.23
0.23
0.23
0.23
0.23
0.22
0.22
0.22
0.22
0.21
0.21
0.21
0.21
0.21
0.20
0.20
0.20
0.20
0.19
0.19
0.19
0.19
0.19
0.18
0.18
0.18
0.18
0.18
0.18
0.18
0.18
0.18
0.18
0.18
0.18
0.18
0.18
0.18
0.18
0.18
0.18
0.18
0.18
0.18
0.18
0.18
0.18
0.18
0.18
0.18
0.18
0.18
0.18
0.18
0.18
0.18
0.17
0.17
0.16
0.16
0.16
0.16
0.15
0.15
0.15
0.16
0.16
0.17
0.17
0.19
0.21
0.21
0.23
0.23
0.25
0.25
0.27
0.28
0.28
0.28
0.28
0.28
0.28
0.28
0.28
0.28
0.28
0.28
0.27
0.27
0.26
0.25
0.25
0.23
0.23
0.22
0.22
0.20
0.20
0.20
0.17
0.17
0.15
0.15
0.14
0.14
0.13
0.13
0.13
0.12
0.12
0.12
0.12
0.12
0.11
0.11
0.11
0.11
0.11
0.11
0.11
0.11
0.11
0.11
0.11
ACC_Y:
0.03
-0.00
-0.00
-0.00
-0.01
-0.01
-0.01
-0.01
-0.01
-0.01
-0.01
-0.01
-0.01
-0.02
-0.02
-0.02
-0.02
-0.02
-0.02
-0.02
-0.03
-0.03
-0.03
-0.03
-0.03
-0.03
-0.03
-0.03
-0.03
-0.03
-0.03
-0.03
-0.03
-0.03
-0.03
-0.03
-0.02
-0.02
-0.02
-0.02
-0.02
-0.02
-0.02
-0.02
-0.02
-0.02
-0.02
-0.01
-0.01
-0.01
-0.00
-0.00
0.00
0.00
0.01
0.01
0.01
0.01
0.01
0.02
0.02
0.03
0.02
0.02
0.03
0.03
0.04
0.04
0.04
0.04
0.04
0.04
0.04
0.04
0.04
0.04
0.04
0.04
0.05
0.05
0.05
0.05
0.05
0.05
0.05
0.05
0.05
0.05
0.05
0.05
0.05
0.06
0.06
0.06
0.06
0.06
0.06
0.06
0.06
0.06
0.06
0.07
0.07
0.07
0.07
0.07
0.07
0.07
0.07
0.07
0.07
0.07
0.08
0.08
0.08
0.08
0.08
0.08
0.08
0.08
0.08
0.08
0.08
0.08
0.08
0.08
0.08
0.08
0.08
0.08
0.08
0.08
0.08
0.07
0.07
0.07
0.07
0.07
0.07
0.07
0.07
0.07
0.07
0.07
0.07
0.07
0.07
0.07
0.07
0.07
0.06
0.06
0.06
0.06
0.07
0.07
0.07
0.07
0.07
0.07
0.07
0.08
0.08
0.08
0.08
0.08
0.08
0.08
0.08
0.08
0.08
0.09
0.09
0.09
0.09
0.09
0.09
0.10
0.10
0.10
0.10
0.10
0.10
0.10
0.10
0.10
0.10
0.10
0.10
0.09
0.09
0.10
0.10
0.10
0.10
0.10
0.10
0.10
0.10
0.10
0.10
0.10
0.10
0.10
0.10
0.10
0.10
0.10
0.09
0.09
0.09
0.09
0.09
0.09
0.09
0.09
0.09
0.09
0.09
0.09
0.09
0.09
0.09
0.09
0.09
0.09
0.09
0.09
0.09
0.09
0.09
0.09
0.09
0.09
0.09
0.08
0.08
0.08
0.08
0.08
0.08
0.08
0.08
0.08
0.08
0.08
0.08
0.07
0.07
0.07
0.07
0.07
0.07
0.07
0.07
0.07
0.07
0.07
0.07
0.07
0.07
0.07
0.07
0.06
0.06
0.07
0.07
0.07
0.07
0.07
0.07
0.07
0.07
0.07
0.07
0.07
0.07
0.07
0.07
0.07
0.07
0.07
0.07
0.07
0.07
0.07
0.06
0.06
0.07
0.07
0.07
0.07
0.07
0.07
0.07
0.08
0.09
0.09
0.09
0.09
0.09
0.09
0.09
0.09
0.09
0.08
0.08
0.07
0.07
0.06
0.06
0.06
0.05
0.05
0.04
0.04
0.03
0.02
0.02
0.02
0.02
0.03
0.03
0.02
0.02
0.02
0.01
0.01
0.02
0.02
0.02
0.02
0.03
0.03
0.03
0.03
0.03
0.03
0.03
0.03
0.03
0.03
0.04
0.04
0.04
0.04
0.04
0.05
0.05
0.05
0.05
ACC_Z:
0.95
1.21
1.21
1.22
1.24
1.24
1.26
1.26
1.27
1.27
1.29
1.30
1.30
1.29
1.29
1.28
1.28
1.27
1.27
1.27
1.25
1.25
1.23
1.23
1.22
1.21
1.21
1.20
1.20
1.19
1.19
1.18
1.18
1.16
1.15
1.15
1.13
1.13
1.13
1.13
1.12
1.12
1.12
1.13
1.13
1.16
1.16
1.18
1.21
1.21
1.25
1.25
1.29
1.29
1.30
1.30
1.30
1.30
1.30
1.28
1.28
1.26
1.25
1.25
1.25
1.25
1.26
1.26
1.26
1.24
1.24
1.22
1.22
1.19
1.19
1.16
1.14
1.14
1.13
1.13
1.11
1.11
1.10
1.10
1.10
1.09
1.09
1.08
1.08
1.07
1.07
1.07
1.07
1.07
1.07
1.07
1.08
1.08
1.08
1.09
1.09
1.09
1.09
1.09
1.09
1.09
1.08
1.08
1.06
1.06
1.04
1.04
1.02
1.00
1.00
0.99
0.99
0.97
0.97
0.97
0.98
0.98
0.98
0.98
0.98
0.98
0.99
0.99
0.99
0.99
0.99
0.99
0.99
0.99
0.99
0.99
0.99
0.99
1.00
1.00
1.01
1.01
1.02
1.02
1.02
1.02
1.02
1.02
1.02
1.02
1.02
1.02
1.03
1.03
1.04
1.04
1.05
1.06
1.06
1.06
1.06
1.06
1.06
1.05
1.05
1.05
1.04
1.04
1.04
1.04
1.05
1.07
1.07
1.09
1.09
1.11
1.11
1.12
1.12
1.12
1.12
1.12
1.11
1.11
1.11
1.11
1.11
1.10
1.10
1.11
1.11
1.12
1.12
1.13
1.14
1.14
1.13
1.13
1.13
1.13
1.13
1.12
1.12
1.11
1.11
1.09
1.09
1.07
1.05
1.05
1.04
1.04
1.02
1.02
1.01
1.00
1.00
0.99
0.99
0.98
0.98
0.96
0.95
0.95
0.94
0.94
0.93
0.93
0.92
0.92
0.92
0.92
0.92
0.92
0.92
0.92
0.92
0.92
0.93
0.93
0.94
0.94
0.94
0.94
0.95
0.96
0.96
0.98
0.98
1.00
1.00
1.02
1.03
1.03
1.04
1.04
1.04
1.04
1.04
1.03
1.03
1.01
1.01
0.99
0.99
0.97
0.96
0.96
0.94
0.94
0.92
0.92
0.90
0.88
0.88
0.86
0.86
0.83
0.83
0.80
0.80
0.76
0.71
0.71
0.69
0.69
0.68
0.68
0.69
0.70
0.70
0.72
0.72
0.77
0.77
0.84
0.91
0.91
0.96
0.96
1.01
1.01
1.04
1.05
1.05
1.06
1.06
1.08
1.08
1.10
1.11
1.11
1.12
1.12
1.13
1.13
1.12
1.07
1.07
1.02
1.02
0.97
0.97
0.92
0.92
0.92
0.82
0.82
0.79
0.79
0.76
0.76
0.73
0.72
0.72
0.70
0.70
0.67
0.67
0.65
0.65
0.65
0.66
0.66
0.68
0.68
0.70
0.72
0.72
0.75
0.75
