P_X:
0
0
0
0
0
0
0
0
0
0
0
0
0
0
0
0
0
0
0
0
0
0
0
0
0
0
0
0
0
0
0
0
0
0
0
0
0
0
0
0
0
0
0
0
0
0
0
0
0
0
0
3816
3816
3816
3816
3816
3816
4000
7000
7000
7000
7000
7000
7000
7000
7000
7000
7000
7000
7000
6208
6208
7000
7000
7000
7000
7000
7000
7000
7000
7000
7000
7000
7000
7000
7000
7000
7000
7000
7000
7000
7000
7000
7000
7000
7000
7000
7000
7000
7000
7000
7000
7000
7000
7000
7000
7000
7000
7000
7000
7000
7000
7000
7000
7000
7000
7000
7000
7000
7000
7000
7000
7000
7000
7000
7000
7000
7000
7000
7000
7000
7000
7000
7000
7000
7000
7000
7000
7000
7000
7000
7000
7000
7000
7000
7000
7000
7000
7000
7000
7000
7000
7000
7000
7000
7000
7000
7000
7000
4000
4000
4000
4000
4000
4000
5203
5203
6439
6439
6439
6439
6439
6994
6994
7000
7000
7000
7000
7000
7000
7000
7000
7000
7000
7000
7000
7000
7000
7000
7000
7000
7000
7000
7000
7000
7000
7000
7000
7000
7000
7000
7000
7000
7000
7000
6508
6508
6508
6508
6508
6508
6508
6508
6508
6508
6508
6508
5876
5876
6508
6508
6508
6508
6508
6508
6508
6508
6508
6508
6508
6508
6376
6376
6464
6464
3464
3464
3464
3464
3464
3464
3464
3464
3464
3464
1524
1524
1580
1580
1580
1580
1580
1580
1580
1580
1580
1580
1580
1580
1580
1580
1580
1580
1580
1580
1580
1580
1580
1580
1580
1580
1580
1580
1580
1580
1580
1580
1580
1580
1640
1640
1640
1640
1640
1640
1640
1640
1640
1640
1640
1640
1348
1348
1408
1408
1524
1524
1524
1524
1524
1524
1524
1524
1524
1524
1524
1524
1464
1464
1464
1464
1464
1464
1464
1464
1464
1464
1464
1464
1464
1464
1524
1524
1524
1524
1524
1524
1524
1524
1524
1524
1524
1524
1464
1464
1464
1464
1464
1464
1524
1524
1580
1580
1580
1580
1580
1580
1580
1580
1580
ACC_X:
0.17
0.15
0.15
0.16
0.15
0.15
0.13
0.13
0.15
0.15
0.17
0.15
0.15
0.15
0.15
0.17
0.17
0.16
0.14
0.14
0.14
0.14
0.15
0.15
0.15
0.15
0.13
0.13
0.13
0.15
0.15
0.15
0.13
0.13
0.13
0.13
0.15
0.15
0.15
0.15
0.15
0.13
0.13
0.15
0.15
0.14
0.13
0.13
0.15
0.15
0.18
0.18
0.16
-0.04
-0.04
-0.57
-0.57
-1.02
-1.02
-0.27
-0.27
0.52
0.78
0.78
1.28
1.28
1.09
1.09
0.63
0.48
0.48
0.38
0.38
0.29
0.29
0.16
0.16
0.00
-0.11
-0.11
-0.04
-0.04
-0.20
-0.33
-0.33
-0.17
-0.17
0.03
0.03
0.34
0.34
0.28
-0.13
-0.13
-0.33
-0.33
-0.25
-0.25
-0.12
-0.07
-0.07
-0.10
-0.10
-0.06
-0.06
0.05
0.09
0.09
0.13
0.13
0.15
0.15
0.12
0.07
0.07
0.08
0.08
0.13
0.13
0.17
0.17
0.12
0.05
0.05
0.05
0.05
0.05
0.02
0.02
0.03
0.03
0.06
0.06
0.05
0.05
0.02
-0.01
-0.01
-0.01
-0.01
0.05
0.05
0.15
0.23
0.23
0.23
0.23
-0.47
-0.47
-1.51
-1.40
-1.40
-0.65
-0.65
-0.74
-0.74
-0.34
0.54
0.54
0.24
0.24
-0.39
-0.39
-0.46
-0.46
-0.26
-0.20
-0.20
-0.09
-0.09
-0.02
0.00
0.00
0.01
0.01
0.03
0.03
0.11
0.11
0.15
0.16
0.16
0.16
0.16
0.62
0.62
0.48
-0.12
-0.12
0.07
0.07
0.26
0.26
0.23
0.20
0.20
0.06
0.06
-0.20
-0.20
-0.64
-1.54
-1.54
-1.15
-1.15
0.30
0.30
0.62
0.62
0.44
0.34
0.34
0.27
0.27
0.24
0.19
0.19
0.07
0.07
-0.03
-0.03
-0.73
-0.73
-1.68
-1.49
-1.49
-0.44
-0.44
0.27
0.27
0.30
-0.04
-0.04
-0.32
-0.32
-0.40
-0.40
-0.40
-0.42
-0.42
-0.47
-0.47
-0.63
-0.63
-0.74
-0.39
-0.39
0.07
0.07
0.07
0.07
-0.09
-0.09
-0.16
-0.28
-0.28
-0.39
-0.39
-0.37
-0.31
-0.31
-0.28
-0.28
-0.23
-0.23
-0.18
-0.18
-0.18
-0.20
-0.20
-0.22
-0.22
-0.24
-0.24
-0.25
-0.24
-0.24
-0.22
-0.22
-0.22
-0.22
-0.23
-0.23
-0.23
-0.23
-0.23
-0.23
-0.23
-0.23
-0.23
-0.23
-0.23
-0.23
-0.23
-0.23
-0.23
-0.23
-0.23
-0.23
-0.23
-0.23
-0.23
-0.23
-0.23
-0.23
-0.23
-0.23
-0.23
-0.23
-0.23
-0.23
-0.23
-0.23
-0.23
-0.23
-0.23
-0.23
-0.23
-0.23
-0.23
-0.23
-0.23
-0.23
-0.23
-0.23
-0.23
-0.23
-0.23
-0.23
-0.23
-0.23
-0.23
-0.23
-0.23
-0.23
-0.23
-0.23
-0.23
-0.23
-0.23
-0.23
-0.23
-0.23
-0.23
-0.23
-0.23
-0.23
-0.23
-0.23
-0.23
-0.23
ACC_Y:
-0.07
-0.07
-0.07
-0.07
-0.04
-0.04
-0.05
-0.05
-0.07
-0.07
-0.06
-0.03
-0.03
-0.05
-0.05
-0.07
-0.07
-0.07
-0.05
-0.05
-0.06
-0.06
-0.06
-0.06
-0.06
-0.06
-0.02
-0.04
-0.04
-0.07
-0.07
-0.07
-0.05
-0.05
-0.04
-0.04
-0.05
-0.05
-0.05
-0.05
-0.02
-0.03
-0.03
-0.07
-0.07
-0.09
-0.06
-0.06
-0.05
-0.05
-0.06
-0.06
-0.04
-0.13
-0.13
-0.31
-0.31
-0.39
-0.39
-0.03
-0.03
0.44
0.44
0.44
0.12
0.12
-0.20
-0.20
-0.39
-0.43
-0.43
-0.40
-0.40
-0.25
-0.25
-0.05
-0.05
-0.06
-0.02
-0.02
-0.01
-0.01
-0.14
-0.26
-0.26
-0.12
-0.12
0.00
0.00
0.12
0.12
0.25
0.25
0.25
0.20
0.20
0.04
0.04
0.13
0.18
0.18
0.09
0.09
0.05
0.05
0.09
0.16
0.16
0.12
0.12
0.04
0.04
0.01
0.05
0.05
0.03
0.03
-0.03
-0.03
-0.07
-0.07
-0.08
-0.06
-0.06
-0.04
-0.04
-0.05
-0.06
-0.06
-0.07
-0.07
-0.08
-0.08
-0.06
-0.06
-0.02
0.03
0.03
0.05
0.05
0.08
0.08
0.03
0.04
0.04
0.04
0.04
0.78
0.78
1.98
1.56
1.56
0.75
0.75
0.24
0.24
-0.80
-1.26
-1.26
-0.91
-0.91
-0.14
-0.14
0.18
0.18
-0.12
-0.05
-0.05
0.03
0.03
0.04
-0.05
-0.05
-0.11
-0.11
-0.01
-0.01
-0.02
-0.02
-0.02
-0.03
-0.03
-0.00
-0.00
0.41
0.41
0.42
-0.27
-0.27
0.15
0.15
1.02
1.02
0.64
-0.11
-0.11
-0.33
-0.33
-0.21
-0.21
0.01
0.54
0.54
0.66
0.66
0.17
0.17
0.17
0.17
0.23
-0.11
-0.11
-0.21
-0.21
-0.13
-0.11
-0.11
-0.09
-0.09
-0.10
-0.10
-0.15
-0.15
-0.38
-0.34
-0.34
-0.10
-0.10
-0.23
-0.23
-0.42
-0.46
-0.46
-0.40
-0.40
-0.32
-0.32
-0.35
-0.47
-0.47
-0.44
-0.44
-0.48
-0.48
-0.75
-0.85
-0.85
-0.68
-0.68
-0.49
-0.49
-0.43
-0.43
-0.42
-0.43
-0.43
-0.41
-0.41
-0.32
-0.24
-0.24
-0.21
-0.21
-0.26
-0.26
-0.33
-0.33
-0.40
-0.40
-0.40
-0.35
-0.35
-0.32
-0.32
-0.31
-0.33
-0.33
-0.34
-0.34
-0.34
-0.34
-0.34
-0.33
-0.33
-0.33
-0.33
-0.33
-0.33
-0.34
-0.34
-0.34
-0.34
-0.34
-0.33
-0.33
-0.33
-0.33
-0.33
-0.34
-0.34
-0.34
-0.34
-0.34
-0.33
-0.33
-0.33
-0.33
-0.33
-0.33
-0.33
-0.33
-0.34
-0.34
-0.34
-0.34
-0.34
-0.34
-0.34
-0.34
-0.34
-0.34
-0.33
-0.33
-0.33
-0.33
-0.33
-0.33
-0.33
-0.33
-0.33
-0.34
-0.34
-0.34
-0.34
-0.34
-0.33
-0.33
-0.33
-0.33
-0.33
-0.33
-0.33
-0.33
-0.33
-0.34
-0.34
-0.34
-0.33
-0.33
-0.33
-0.33
ACC_Z:
0.96
1.00
1.00
1.00
0.99
0.99
1.01
1.01
0.98
0.98
0.94
0.93
0.93
0.97
0.97
0.98
0.98
0.97
0.97
0.97
0.98
0.98
0.99
0.99
0.99
0.99
0.98
0.97
0.97
0.99
0.99
0.99
1.01
1.01
1.01
1.01
0.99
0.99
0.99
0.99
0.97
0.99
0.99
0.98
0.98
0.98
0.98
0.98
1.01
1.01
0.99
0.99
0.97
0.95
0.95
0.73
0.73
0.28
0.28
-0.28
-0.28
-0.56
-0.38
-0.38
0.09
0.09
-0.13
-0.13
-0.23
-0.01
-0.01
-0.05
-0.05
0.21
0.21
0.15
0.15
0.11
0.20
0.20
0.11
0.11
-0.04
-0.05
-0.05
0.11
0.11
-0.00
-0.00
-0.15
-0.15
0.06
0.08
0.08
-0.11
-0.11
-0.08
-0.08
0.14
0.18
0.18
-0.06
-0.06
-0.07
-0.07
0.00
-0.03
-0.03
-0.08
-0.08
-0.06
-0.06
0.05
0.11
0.11
0.01
0.01
-0.06
-0.06
-0.01
-0.01
-0.03
-0.04
-0.04
-0.05
-0.05
-0.04
-0.02
-0.02
0.01
0.01
0.01
0.01
0.01
0.01
-0.01
-0.02
-0.02
0.00
0.00
0.04
0.04
0.05
0.06
0.06
0.20
0.20
1.07
1.07
1.74
0.74
0.74
-0.55
-0.55
-1.05
-1.05
-0.84
-0.69
-0.69
-0.60
-0.60
-0.78
-0.78
-1.02
-1.02
-0.69
-0.57
-0.57
-0.52
-0.52
-0.58
-0.54
-0.54
-0.45
-0.45
-0.36
-0.36
-0.26
-0.26
-0.24
-0.21
-0.21
-0.19
-0.19
-0.35
-0.35
-0.72
-0.46
-0.46
0.04
0.04
0.11
0.11
0.10
0.03
0.03
-0.05
-0.05
-0.30
-0.30
-1.25
-2.59
-2.59
-2.12
-2.12
-0.28
-0.28
0.49
0.49
0.55
0.33
0.33
0.05
0.05
-0.06
-0.03
-0.03
0.02
0.02
-0.07
-0.07
-1.00
-1.00
-2.26
-2.21
-2.21
-1.20
-1.20
-0.48
-0.48
-0.41
-0.62
-0.62
-0.77
-0.77
-0.72
-0.72
-0.67
-0.73
-0.73
-1.04
-1.04
-1.22
-1.22
-1.12
-1.04
-1.04
-0.94
-0.94
-0.77
-0.77
-0.74
-0.74
-0.88
-0.95
-0.95
-0.93
-0.93
-0.89
-0.86
-0.86
-0.89
-0.89
-0.93
-0.93
-0.94
-0.94
-0.94
-0.91
-0.91
-0.90
-0.90
-0.90
-0.90
-0.91
-0.92
-0.92
-0.92
-0.92
-0.92
-0.92
-0.91
-0.90
-0.90
-0.90
-0.90
-0.91
-0.91
-0.92
-0.92
-0.92
-0.91
-0.91
-0.91
-0.91
-0.91
-0.91
-0.91
-0.91
-0.91
-0.91
-0.91
-0.91
-0.91
-0.91
-0.91
-0.91
-0.91
-0.91
-0.91
-0.91
-0.91
-0.91
-0.91
-0.91
-0.91
-0.91
-0.91
-0.91
-0.91
-0.91
-0.91
-0.91
-0.91
-0.91
-0.91
-0.91
-0.91
-0.91
-0.91
-0.91
-0.91
-0.91
-0.91
-0.91
-0.91
-0.91
-0.91
-0.91
-0.91
-0.91
-0.91
-0.91
-0.91
-0.91
-0.91
-0.91
-0.91
-0.91
-0.91
-0.91
PIEZO:
0.00
0.00
0.00
1.00
0.00
0.00
0.00
0.00
0.00
0.00
0.00
0.00
0.00
0.00
0.00
0.00
0.00
0.00
0.00
0.00
0.00
0.00
0.00
0.00
0.00
0.00
0.00
0.00
0.00
0.00
0.00
0.00
0.00
0.00
0.00
0.00
0.00
0.00
0.00
0.00
0.00
0.00
0.00
0.00
0.00
0.00
0.00
0.00
0.00
0.00
0.00
24.00
0.00
0.00
0.00
0.00
0.00
4.00
0.00
2.00
0.00
0.00
0.00
0.00
0.00
0.00
0.00
0.00
0.00
0.00
0.00
3.00
0.00
0.00
0.00
0.00
0.00
0.00
0.00
0.00
0.00
0.00
0.00
0.00
0.00
0.00
0.00
0.00
0.00
0.00
0.00
0.00
0.00
0.00
0.00
0.00
0.00
0.00
0.00
0.00
0.00
0.00
0.00
0.00
0.00
0.00
0.00
0.00
0.00
0.00
0.00
0.00
0.00
0.00
0.00
0.00
0.00
0.00
0.00
0.00
0.00
0.00
0.00
0.00
0.00
0.00
0.00
0.00
0.00
0.00
0.00
0.00
0.00
0.00
0.00
0.00
0.00
0.00
0.00
0.00
0.00
0.00
0.00
0.00
0.00
0.00
0.00
0.00
0.00
0.00
0.00
0.00
0.00
0.00
0.00
0.00
0.00
0.00
0.00
0.00
0.00
0.00
0.00
0.00
0.00
0.00
0.00
0.00
0.00
0.00
0.00
0.00
0.00
0.00
0.00
0.00
0.00
0.00
0.00
0.00
0.00
0.00
0.00
0.00
0.00
0.00
0.00
0.00
0.00
0.00
0.00
0.00
0.00
0.00
0.00
0.00
0.00
0.00
0.00
0.00
0.00
0.00
0.00
9.00
0.00
0.00
0.00
0.00
0.00
0.00
0.00
0.00
0.00
0.00
0.00
0.00
0.00
0.00
0.00
0.00
0.00
0.00
0.00
0.00
0.00
0.00
0.00
0.00
0.00
0.00
0.00
0.00
0.00
0.00
0.00
0.00
0.00
0.00
0.00
0.00
0.00
0.00
0.00
0.00
0.00
0.00
0.00
0.00
0.00
0.00
0.00
0.00
0.00
0.00
0.00
0.00
0.00
0.00
0.00
0.00
0.00
0.00
0.00
0.00
0.00
0.00
0.00
0.00
0.00
0.00
0.00
0.00
0.00
0.00
0.00
0.00
0.00
0.00
0.00
0.00
0.00
0.00
0.00
0.00
0.00
0.00
0.00
0.00
0.00
0.00
0.00
0.00
0.00
0.00
0.00
0.00
0.00
0.00
0.00
0.00
0.00
0.00
0.00
0.00
0.00
0.00
0.00
0.00
0.00
0.00
0.00
0.00
0.00
0.00
0.00
0.00
0.00
0.00
0.00
0.00
0.00
0.00
0.00
0.00
0.00
0.00
0.00
0.00
0.00
0.00
0.00
0.00
0.00
0.00
0.00
0.00
0.00
0.00
0.00
0.00
0.00
0.00
0.00
0.00
0.00
0.00
0.00
0.00
0.00
0.00
PROXIMITY:
0
0
0
0
0
0
0
0
0
0
0
0
0
0
0
0
0
0
0
0
0
0
0
0
0
0
0
0
0
0
0
0
0
0
0
0
0
0
0
0
0
0
0
0
0
0
0
0
0
0
0
187
187
166
166
62
62
247
247
246
246
245
245
242
242
242
242
242
242
244
244
240
240
243
243
243
243
243
243
241
241
243
243
244
244
241
241
242
242
243
243
247
247
245
245
245
245
243
243
244
244
247
247
247
247
246
246
247
247
248
248
245
245
246
246
248
248
247
247
247
247
245
245
245
245
245
245
248
248
248
248
246
246
249
249
245
245
247
247
248
248
248
248
247
247
249
249
249
249
243
243
237
237
227
227
224
224
215
215
212
212
211
211
208
208
208
208
207
207
211
211
212
212
216
216
222
222
228
228
233
233
234
234
232
232
230
230
227
227
223
223
217
217
205
205
174
174
100
100
111
111
176
176
190
190
178
178
144
144
104
104
104
104
123
123
145
145
165
165
178
178
177
177
162
162
160
160
165
165
174
174
175
175
177
177
170
170
154
154
141
141
138
138
144
144
142
142
143
143
143
143
138
138
142
142
143
143
143
143
143
143
140
140
140
140
143
143
140
140
143
143
142
142
138
138
140
140
142
142
144
144
140
140
142
142
141
141
140
140
139
139
139
139
140
140
142
142
140
140
141
141
141
141
141
141
140
140
141
141
141
141
137
137
140
140
140
140
141
141
139
139
142
142
140
140
139
139
140
140
139
139
141
141
141
141
141
141
140
140
142
142
143
143
141
141
138
138
141
141
140
