P_X:
0
0
0
0
0
0
0
0
0
0
0
0
0
0
0
0
0
0
0
0
0
0
0
0
0
0
0
0
0
0
0
0
0
0
0
0
0
0
0
0
0
0
0
0
0
0
0
0
0
0
0
0
0
0
0
0
0
0
0
0
0
0
0
0
0
0
0
0
0
0
0
0
0
0
0
0
0
0
0
0
0
0
0
0
0
0
0
0
0
0
0
0
0
0
0
0
0
0
0
0
0
0
0
0
0
0
0
0
0
0
0
0
0
0
0
0
0
0
0
0
0
0
0
0
0
0
0
0
0
0
0
0
0
0
0
0
0
4341
4341
4341
4341
6877
6877
6877
6877
6877
6877
6877
6877
6877
6877
6877
6877
6988
6988
7000
7000
7000
7000
7000
7000
7000
7000
7000
7000
7000
7000
7000
7000
7000
7000
7000
7000
7000
7000
7000
7000
7000
7000
7000
7000
7000
7000
7000
7000
7000
7000
7000
7000
7000
7000
7000
7000
7000
7000
7000
7000
7000
7000
7000
7000
7000
7000
7000
7000
7000
7000
7000
7000
7000
7000
7000
7000
7000
7000
7000
7000
7000
7000
7000
7000
7000
7000
7000
7000
7000
7000
7000
7000
7000
7000
7000
7000
7000
7000
7000
7000
7000
7000
7000
7000
7000
7000
7000
7000
7000
7000
7000
7000
7000
7000
7000
7000
7000
4000
4000
4000
4255
6427
6427
7000
7000
7000
7000
7000
7000
7000
7000
7000
7000
7000
7000
7000
7000
7000
7000
7000
7000
7000
7000
7000
7000
7000
7000
7000
7000
7000
7000
7000
7000
7000
7000
7000
7000
7000
7000
7000
7000
7000
7000
7000
7000
7000
7000
7000
7000
7000
7000
7000
7000
7000
7000
7000
7000
7000
7000
7000
7000
7000
7000
7000
7000
7000
7000
7000
7000
7000
7000
7000
7000
7000
7000
7000
7000
7000
7000
7000
7000
7000
7000
7000
4000
2300
3236
3236
3236
3236
3236
3236
3236
ACC_X:
0.10
0.14
0.14
0.18
0.18
0.18
0.18
0.18
0.17
0.17
0.13
0.08
0.08
0.12
0.12
0.14
0.14
0.14
0.14
0.12
0.15
0.15
0.15
0.15
0.09
0.13
0.13
0.18
0.18
0.15
0.15
0.09
0.09
0.10
0.15
0.15
0.09
0.09
0.10
0.10
0.17
0.10
0.10
0.07
0.07
0.15
0.15
0.14
0.09
0.09
0.13
0.13
0.16
0.16
0.07
0.07
0.07
0.13
0.13
0.12
0.12
0.11
0.11
0.11
0.13
0.13
0.17
0.17
0.12
0.10
0.10
0.16
0.16
0.11
0.11
0.09
0.09
0.15
0.13
0.13
0.09
0.09
0.15
0.15
0.15
0.10
0.10
0.15
0.15
0.15
0.15
0.09
0.13
0.13
0.17
0.17
0.10
0.10
0.11
0.19
0.19
0.14
0.14
0.11
0.11
0.19
0.19
0.16
0.08
0.08
0.14
0.14
0.16
0.10
0.10
0.11
0.11
0.18
0.18
0.14
0.14
0.09
0.14
0.14
0.16
0.16
0.13
0.13
0.14
0.14
0.14
0.15
0.15
0.16
0.16
0.11
0.06
0.06
0.02
0.02
-0.27
-0.27
-0.65
0.27
0.27
2.03
2.03
2.07
2.07
0.80
0.80
-0.56
-1.08
-1.08
-0.46
-0.46
0.21
0.48
0.48
0.38
0.38
0.17
0.17
0.09
0.09
0.06
-0.12
-0.12
-0.21
-0.21
-0.05
-0.05
-0.05
-0.05
0.00
0.04
0.04
0.04
0.04
0.04
0.04
0.04
0.05
0.05
0.03
0.02
0.02
0.01
0.01
-0.01
-0.01
-0.03
-0.03
-0.05
-0.06
-0.06
-0.03
-0.03
0.02
0.02
0.01
0.01
0.01
0.00
0.00
-0.01
-0.01
0.04
0.04
0.07
0.02
0.02
-0.03
-0.03
0.03
0.08
0.08
-0.02
-0.02
-0.18
-0.18
-0.24
-0.24
-0.31
0.26
0.26
1.70
1.70
3.02
3.02
2.36
0.62
0.62
0.17
0.17
-0.45
-0.45
-1.04
-0.60
-0.60
-0.36
-0.36
0.16
0.16
0.85
0.73
0.73
0.46
0.46
0.42
0.42
0.39
0.39
0.47
0.65
0.65
0.55
0.55
0.40
0.32
0.32
0.18
0.18
0.07
0.07
0.06
0.06
0.11
0.14
0.14
0.14
0.14
0.11
0.11
0.02
0.07
0.07
-0.66
-0.66
-1.50
-1.50
-1.07
-0.55
-0.55
-0.42
-0.42
-0.62
-0.62
-1.11
-1.54
-1.54
-2.12
-2.12
-2.79
-2.79
-2.03
-2.03
-2.03
-2.03
0.78
0.72
0.39
0.39
0.02
0.02
-0.17
-0.17
-0.15
-0.15
-0.16
-0.16
-0.16
-0.16
-1.22
-1.93
-1.93
-1.18
0.08
0.08
0.47
0.47
0.16
0.16
-0.16
-0.16
-0.39
-0.58
-0.58
-0.69
-0.69
-0.76
-0.76
-0.68
-0.48
-0.48
-0.31
-0.31
-0.28
-0.28
-0.37
-0.37
-0.38
-0.21
-0.21
-0.03
-0.03
0.07
0.09
0.09
0.08
0.08
ACC_Y:
-0.05
-0.08
-0.08
-0.09
-0.09
-0.09
-0.09
-0.09
-0.08
-0.08
-0.06
-0.08
-0.08
-0.11
-0.11
-0.07
-0.07
-0.06
-0.06
-0.07
-0.08
-0.08
-0.07
-0.07
-0.09
-0.13
-0.13
-0.08
-0.08
-0.03
-0.03
-0.06
-0.06
-0.09
-0.05
-0.05
-0.03
-0.03
-0.09
-0.09
-0.08
-0.02
-0.02
-0.06
-0.06
-0.09
-0.09
-0.04
-0.04
-0.04
-0.06
-0.06
-0.02
-0.02
-0.00
-0.03
-0.03
-0.05
-0.05
-0.05
-0.05
-0.01
-0.01
-0.00
-0.07
-0.07
-0.06
-0.06
0.01
-0.04
-0.04
-0.05
-0.05
0.00
0.00
-0.03
-0.03
-0.06
-0.01
-0.01
-0.02
-0.02
-0.05
-0.05
0.01
0.01
0.01
-0.04
-0.04
0.00
0.00
0.03
-0.05
-0.05
-0.04
-0.04
0.02
0.02
-0.03
-0.05
-0.05
0.01
0.01
-0.01
-0.01
-0.04
-0.04
0.01
0.00
0.00
-0.05
-0.05
-0.02
0.01
0.01
-0.03
-0.03
-0.03
-0.03
0.00
0.00
0.00
-0.02
-0.02
-0.04
-0.04
-0.05
-0.05
-0.01
0.00
0.00
-0.06
-0.06
-0.05
-0.05
0.02
0.01
0.01
-0.01
-0.01
0.49
0.49
0.54
-0.53
-0.53
-0.82
-0.82
-0.36
-0.36
-0.04
-0.04
0.14
0.16
0.16
-0.05
-0.05
-0.16
-0.01
-0.01
-0.06
-0.06
-0.05
-0.05
-0.04
-0.04
-0.11
-0.17
-0.17
-0.10
-0.10
-0.02
-0.02
-0.02
-0.02
0.02
0.02
0.02
0.00
-0.01
-0.01
0.03
0.03
0.01
0.01
-0.00
-0.00
-0.00
-0.01
-0.01
-0.02
-0.02
-0.01
-0.01
-0.00
0.01
0.01
0.03
0.03
0.02
0.02
0.00
-0.01
-0.01
0.02
0.02
0.07
0.07
0.01
0.01
0.03
0.07
0.07
0.07
0.07
0.09
-0.01
-0.01
-0.01
-0.01
0.02
0.02
0.13
0.13
0.28
0.82
0.82
2.48
2.48
4.00
4.00
2.97
-0.38
-0.38
-1.50
-1.50
-1.19
-1.19
-1.96
-1.29
-1.29
0.08
0.08
0.56
0.56
0.47
-0.05
-0.05
-0.39
-0.39
-0.25
-0.25
-0.10
-0.10
-0.09
-0.13
-0.13
-0.35
-0.35
-0.46
-0.36
-0.36
-0.22
-0.22
-0.19
-0.19
-0.19
-0.19
-0.16
-0.15
-0.15
-0.17
-0.17
-0.26
-0.26
-0.35
-0.25
-0.25
0.95
0.95
2.89
2.89
2.66
0.54
0.54
-0.64
-0.64
-0.33
-0.33
0.01
-0.33
-0.33
-0.88
-0.88
-1.19
-1.19
-0.81
-0.81
-0.81
-0.81
-0.25
-0.13
-0.10
-0.10
-0.06
-0.06
-0.17
-0.17
-0.19
-0.19
-0.03
-0.03
-0.03
-0.03
-0.91
-1.74
-1.74
-1.57
-0.76
-0.76
-0.13
-0.13
0.06
0.06
-0.10
-0.10
-0.69
-1.22
-1.22
-1.35
-1.35
-1.28
-1.28
-1.14
-1.01
-1.01
-0.95
-0.95
-0.88
-0.88
-0.74
-0.74
-0.61
-0.55
-0.55
-0.52
-0.52
-0.47
-0.41
-0.41
-0.36
-0.36
ACC_Z:
0.93
1.07
1.07
0.98
0.98
0.98
0.98
0.98
0.86
0.86
0.93
0.96
0.96
1.07
1.07
1.11
1.11
1.04
1.04
0.98
0.92
0.92
0.91
0.91
0.91
0.97
0.97
1.07
1.07
1.09
1.09
1.09
1.09
1.05
1.01
1.01
0.92
0.92
0.84
0.84
0.90
0.98
0.98
1.00
1.00
1.07
1.07
1.14
1.06
1.06
0.95
0.95
0.95
0.95
0.91
0.87
0.87
0.95
0.95
1.08
1.08
1.10
1.10
1.05
1.06
1.06
1.09
1.09
1.00
0.90
0.90
0.94
0.94
0.97
0.97
0.94
0.94
1.02
1.07
1.07
1.01
1.01
1.03
1.03
1.04
0.94
0.94
0.94
0.94
0.99
0.99
0.95
0.96
0.96
1.07
1.07
1.07
1.07
1.01
1.04
1.04
1.03
1.03
0.92
0.92
0.91
0.91
0.97
0.95
0.95
0.97
0.97
1.07
1.08
1.08
1.00
1.00
1.00
1.00
1.01
1.01
0.95
0.92
0.92
1.01
1.01
1.08
1.08
1.03
0.96
0.96
0.97
0.97
1.02
1.02
0.99
0.92
0.92
0.49
0.49
0.10
0.10
0.12
0.15
0.15
0.14
0.14
0.19
0.19
0.05
0.05
-0.10
-0.04
-0.04
0.04
0.04
-0.00
-0.01
-0.01
0.06
0.06
0.08
0.08
0.07
0.07
-0.01
-0.03
-0.03
-0.09
-0.09
-0.08
-0.08
-0.08
-0.08
-0.01
0.00
0.00
0.00
0.01
0.01
0.01
0.01
0.03
0.03
0.01
0.00
0.00
-0.01
-0.01
-0.02
-0.02
-0.02
-0.02
-0.02
-0.02
-0.02
-0.00
-0.00
0.02
0.02
0.03
0.04
0.04
0.02
0.02
0.05
0.05
0.10
0.10
0.05
0.02
0.02
-0.01
-0.01
0.01
0.08
0.08
0.05
0.05
-0.03
-0.03
-0.12
-0.12
-0.11
-0.53
-0.53
-1.73
-1.73
-1.68
-1.68
-1.57
-1.69
-1.69
-1.37
-1.37
-1.37
-1.37
-0.77
-0.78
-0.78
-0.72
-0.72
-0.43
-0.43
-0.63
-0.80
-0.80
-0.93
-0.93
-0.81
-0.81
-0.60
-0.60
-0.46
-0.36
-0.36
-0.34
-0.34
-0.28
-0.24
-0.24
-0.24
-0.24
-0.20
-0.20
-0.13
-0.13
-0.07
-0.07
-0.07
-0.08
-0.08
-0.10
-0.10
-0.16
-0.17
-0.17
-0.62
-0.62
-1.07
-1.07
-0.65
-0.14
-0.14
0.29
0.29
0.22
0.22
-0.06
-0.21
-0.21
-0.80
-0.80
-1.32
-1.32
-1.40
-1.40
-1.40
-1.40
0.20
0.17
-0.05
-0.05
-0.28
-0.28
-0.36
-0.36
-0.67
-0.67
-0.84
-0.84
-0.84
-0.84
-1.81
-2.56
-2.56
-1.90
-0.63
-0.63
0.03
0.03
0.10
0.10
-0.22
-0.22
-0.61
-0.80
-0.80
-0.91
-0.91
-0.85
-0.85
-0.65
-0.43
-0.43
-0.34
-0.34
-0.38
-0.38
-0.57
-0.57
-0.78
-0.88
-0.88
-0.89
-0.89
-0.87
-0.86
-0.86
-0.88
-0.88
PIEZO:
0.00
0.00
0.00
0.00
0.00
0.00
0.00
0.00
0.00
0.00
0.00
0.00
0.00
0.00
0.00
0.00
0.00
0.00
0.00
0.00
0.00
0.00
0.00
0.00
0.00
0.00
0.00
0.00
0.00
0.00
0.00
0.00
0.00
0.00
0.00
0.00
0.00
0.00
0.00
0.00
0.00
0.00
0.00
0.00
0.00
0.00
0.00
0.00
0.00
0.00
0.00
0.00
0.00
0.00
0.00
0.00
0.00
0.00
0.00
0.00
0.00
0.00
0.00
0.00
0.00
0.00
0.00
0.00
0.00
0.00
0.00
0.00
0.00
0.00
0.00
0.00
0.00
0.00
0.00
0.00
0.00
0.00
0.00
0.00
0.00
0.00
0.00
0.00
0.00
0.00
0.00
0.00
0.00
0.00
0.00
0.00
0.00
0.00
0.00
0.00
0.00
0.00
0.00
0.00
0.00
0.00
0.00
0.00
0.00
0.00
0.00
0.00
0.00
0.00
0.00
0.00
0.00
0.00
0.00
0.00
0.00
0.00
0.00
0.00
0.00
0.00
0.00
0.00
0.00
0.00
0.00
0.00
0.00
0.00
0.00
0.00
0.00
0.00
10.00
0.00
0.00
0.00
0.00
0.00
0.00
0.00
0.00
0.00
0.00
0.00
0.00
0.00
0.00
0.00
0.00
0.00
0.00
0.00
0.00
0.00
0.00
0.00
0.00
0.00
0.00
0.00
0.00
0.00
0.00
0.00
0.00
0.00
0.00
0.00
0.00
0.00
0.00
0.00
0.00
0.00
0.00
0.00
0.00
0.00
0.00
0.00
0.00
0.00
0.00
0.00
0.00
0.00
0.00
0.00
0.00
0.00
0.00
0.00
0.00
0.00
0.00
0.00
0.00
0.00
0.00
0.00
0.00
0.00
0.00
0.00
0.00
0.00
0.00
0.00
0.00
0.00
0.00
0.00
0.00
0.00
0.00
0.00
0.00
0.00
0.00
1.00
0.00
0.00
0.00
0.00
0.00
0.00
0.00
0.00
0.00
0.00
0.00
0.00
0.00
0.00
0.00
0.00
0.00
0.00
0.00
0.00
0.00
0.00
0.00
0.00
0.00
0.00
0.00
0.00
0.00
0.00
0.00
0.00
0.00
0.00
0.00
0.00
0.00
0.00
0.00
0.00
0.00
0.00
0.00
0.00
0.00
0.00
0.00
0.00
0.00
0.00
0.00
0.00
0.00
0.00
0.00
0.00
0.00
0.00
0.00
0.00
0.00
0.00
0.00
0.00
0.00
0.00
0.00
0.00
0.00
0.00
0.00
0.00
0.00
0.00
0.00
0.00
0.00
0.00
0.00
0.00
0.00
0.00
0.00
0.00
0.00
0.00
0.00
0.00
0.00
0.00
0.00
0.00
0.00
0.00
0.00
0.00
0.00
0.00
0.00
0.00
0.00
0.00
0.00
0.00
0.00
0.00
0.00
0.00
0.00
0.00
0.00
0.00
0.00
0.00
0.00
0.00
0.00
0.00
0.00
0.00
0.00
0.00
0.00
0.00
PROXIMITY:
0
0
0
0
0
0
0
0
0
0
0
0
0
0
0
0
0
0
0
0
0
0
0
0
0
0
0
0
0
0
0
0
0
0
0
0
0
0
0
0
0
0
0
0
0
0
0
0
0
0
0
0
0
0
0
0
0
0
0
0
0
0
0
0
0
0
0
0
0
0
0
0
0
0
0
0
0
0
0
0
0
0
0
0
0
0
0
0
0
0
0
0
0
0
0
0
0
0
0
0
0
0
0
0
0
0
0
0
0
0
0
0
0
0
0
0
0
0
0
0
0
0
0
0
0
0
0
0
0
0
0
0
0
0
0
45
45
141
141
0
0
232
232
242
242
224
224
235
235
225
225
229
229
234
234
232
232
237
237
233
233
236
236
231
231
232
232
234
234
234
234
234
234
231
231
232
232
235
235
234
234
231
231
233
233
236
236
233
233
235
235
233
233
237
237
235
235
237
237
235
235
236
236
234
234
233
233
234
234
236
236
235
235
236
236
237
237
236
236
237
237
237
237
226
226
229
229
236
236
236
236
238
238
244
244
242
242
240
240
240
240
239
239
236
236
237
237
235
235
236
236
235
235
235
235
237
237
235
235
236
236
234
234
235
235
238
238
239
239
237
237
240
240
241
241
239
239
239
239
238
238
237
237
240
240
238
238
237
237
234
234
236
236
231
231
233
233
231
231
230
230
226
226
224
224
219
219
213
213
196
196
192
192
200
200
207
207
206
206
207
207
208
208
199
199
136
136
135
135
144
144
154
154
160
160
159
159
146
146
134
134
155
155
172
172
171
171
167
167
161
