PIEZO:
1.00
0.00
3.00
0.00
14.00
3.00
0.00
11.00
11.00
0.00
0.00
0.00
0.00
2.00
8.00
0.00
0.00
2.00
0.00
3.00
2.00
2.00
0.00
5.00
11.00
1.00
9.00
16.00
0.00
0.00
0.00
1.00
7.00
9.00
0.00
1.00
0.00
0.00
0.00
4.00
0.00
0.00
0.00
0.00
0.00
0.00
6.00
4.00
0.00
0.00
4.00
0.00
9.00
1.00
0.00
0.00
6.00
0.00
0.00
13.00
0.00
0.00
2.00
5.00
0.00
1.00
0.00
0.00
3.00
1.00
7.00
2.00
0.00
1.00
15.00
0.00
1.00
5.00
8.00
0.00
1.00
2.00
8.00
0.00
5.00
5.00
0.00
6.00
4.00
0.00
0.00
0.00
3.00
1.00
4.00
1.00
1.00
1.00
0.00
3.00
3.00
0.00
27.00
0.00
4.00
1.00
0.00
1.00
0.00
8.00
0.00
14.00
7.00
0.00
0.00
7.00
0.00
0.00
8.00
1.00
5.00
7.00
0.00
7.00
1.00
0.00
0.00
3.00
0.00
0.00
0.00
0.00
0.00
5.00
0.00
3.00
0.00
0.00
4.00
5.00
8.00
0.00
0.00
6.00
0.00
4.00
0.00
2.00
3.00
0.00
0.00
0.00
0.00
4.00
6.00
5.00
0.00
0.00
3.00
18.00
0.00
0.00
2.00
0.00
0.00
0.00
0.00
0.00
0.00
2.00
0.00
0.00
0.00
36.00
0.00
3.00
0.00
0.00
0.00
0.00
0.00
7.00
5.00
0.00
2.00
2.00
3.00
0.00
0.00
1.00
5.00
0.00
0.00
0.00
0.00
0.00
5.00
21.00
1.00
0.00
37.00
0.00
0.00
9.00
0.00
0.00
0.00
4.00
3.00
4.00
5.00
0.00
0.00
0.00
0.00
0.00
0.00
1.00
0.00
0.00
4.00
0.00
0.00
0.00
0.00
8.00
0.00
0.00
0.00
0.00
2.00
13.00
0.00
0.00
0.00
2.00
3.00
0.00
4.00
0.00
0.00
0.00
0.00
7.00
1.00
4.00
0.00
0.00
0.00
4.00
1.00
0.00
0.00
0.00
0.00
25.00
7.00
0.00
4.00
3.00
0.00
5.00
0.00
0.00
0.00
5.00
0.00
33.00
0.00
2.00
0.00
8.00
2.00
0.00
2.00
2.00
10.00
0.00
16.00
19.00
8.00
8.00
0.00
44.00
43.00
1.00
0.00
0.00
0.00
2.00
0.00
4.00
2.00
0.00
0.00
1.00
1.00
0.00
5.00
8.00
0.00
0.00
0.00
5.00
0.00
0.00
0.00
0.00
0.00
12.00
4.00
0.00
0.00
0.00
3.00
4.00
0.00
0.00
0.00
0.00
0.00
0.00
0.00
16.00
0.00
0.00
0.00
26.00
0.00
26.00
18.00
4.00
6.00
0.00
0.00
4.00
0.00
0.00
3.00
7.00
2.00
0.00
0.00
0.00
0.00
7.00
16.00
1.00
0.00
9.00
4.00
0.00
0.00
0.00
0.00
0.00
1.00
0.00
3.00
25.00
0.00
0.00
1.00
0.00
5.00
2.00
5.00
3.00
0.00
0.00
0.00
2.00
0.00
1.00
2.00
0.00
3.00
1.00
0.00
15.00
5.00
0.00
0.00
0.00
20.00
0.00
11.00
0.00
6.00
0.00
0.00
0.00
0.00
0.00
1.00
0.00
16.00
0.00
0.00
5.00
2.00
0.00
0.00
0.00
0.00
1.00
0.00
0.00
8.00
0.00
0.00
0.00
0.00
2.00
0.00
0.00
0.00
3.00
3.00
0.00
3.00
0.00
0.00
2.00
3.00
8.00
1.00
0.00
5.00
0.00
0.00
0.00
0.00
0.00
4.00
5.00
0.00
2.00
7.00
3.00
0.00
417.00
0.00
0.00
209.00
9.00
26.00
0.00
0.00
0.00
5.00
0.00
12.00
0.00
0.00
5.00
0.00
6.00
6.00
0.00
5.00
0.00
0.00
1.00
0.00
5.00
0.00
0.00
0.00
0.00
0.00
1.00
0.00
3.00
1.00
7.00
0.00
0.00
1.00
2.00
9.00
4.00
3.00
2.00
13.00
13.00
0.00
23.00
0.00
0.00
3.00
19.00
0.00
5.00
2.00
2.00
0.00
0.00
4.00
1.00
