P_X:
0
0
0
0
0
0
0
0
0
0
0
0
0
0
0
0
0
0
0
0
0
0
0
0
0
0
0
0
0
0
0
0
0
0
0
0
0
0
0
0
0
0
0
0
0
0
0
0
0
0
0
0
0
0
0
0
0
0
0
0
0
0
0
0
0
0
0
0
0
0
0
0
0
0
0
0
0
0
0
0
0
0
0
0
0
0
0
0
0
0
0
0
0
0
0
0
0
0
0
0
0
0
0
0
0
0
0
0
0
0
0
0
0
0
0
0
0
0
0
39
39
113
113
167
167
241
241
309
309
366
366
425
425
440
440
440
440
440
440
440
440
440
440
440
440
440
440
440
440
440
440
440
440
440
0
0
0
0
0
0
0
0
0
0
0
0
0
0
0
0
0
0
0
0
0
0
0
0
0
0
0
0
0
0
0
0
0
0
0
0
0
0
0
0
0
0
0
0
0
0
0
0
0
0
0
0
0
0
0
0
0
0
0
0
0
0
0
0
0
0
0
0
0
0
0
123
123
123
123
123
123
123
123
123
123
123
123
123
123
123
123
123
123
123
0
0
0
0
0
0
0
0
0
0
0
0
0
0
0
0
0
0
0
0
0
0
0
0
0
0
0
0
0
0
0
0
0
0
0
0
0
0
0
0
0
0
0
0
0
0
0
0
0
0
0
0
0
0
0
0
0
0
0
0
0
0
0
0
0
0
0
0
0
0
0
0
0
1
1
134
134
241
241
241
241
241
241
241
241
241
241
241
241
241
241
241
241
241
241
241
0
0
0
0
0
0
0
0
0
0
0
0
0
0
0
0
0
0
0
0
0
0
0
28
28
28
28
46
46
46
46
46
46
46
46
46
46
46
46
46
46
46
46
46
46
46
2
7
7
7
7
7
7
7
7
7
7
7
7
7
7
7
7
7
7
7
0
0
0
0
0
0
0
0
0
0
0
0
0
0
0
0
0
0
0
0
0
0
0
0
0
0
0
0
0
0
0
0
0
0
0
0
0
0
0
0
0
0
0
0
0
0
0
0
0
0
0
0
0
0
0
0
0
0
0
0
0
0
0
0
0
0
0
0
0
0
0
0
0
0
0
0
0
0
0
0
0
0
0
0
0
0
0
0
0
0
0
0
0
0
0
0
0
0
0
0
0
0
0
0
0
0
0
0
0
0
0
0
0
0
0
0
0
0
0
0
0
0
0
0
0
0
0
0
0
0
0
0
0
0
0
0
0
0
0
0
0
0
0
0
0
0
0
0
0
0
0
0
0
0
0
0
0
0
0
0
0
0
0
0
0
0
0
0
0
0
0
0
0
0
0
0
0
0
0
0
0
0
0
0
0
0
0
0
0
0
0
0
0
0
0
0
0
0
0
0
0
0
0
0
0
0
0
0
0
0
0
0
0
0
0
0
0
0
0
4
4
4
4
10
10
10
10
10
10
14
14
22
22
28
28
28
28
28
28
28
28
28
28
28
28
33
33
113
113
113
113
113
113
113
113
113
113
113
113
113
113
113
113
113
113
113
0
0
0
28
28
352
352
545
545
619
619
619
619
619
619
619
619
619
619
619
619
619
619
619
619
619
619
619
0
0
0
0
0
0
0
0
0
0
0
0
0
39
39
366
366
619
619
619
619
619
619
619
619
619
619
619
619
619
619
619
619
619
619
619
0
0
0
0
0
0
0
0
0
0
0
0
0
0
0
0
0
0
0
0
0
0
0
0
0
28
28
28
28
28
28
33
33
53
53
53
53
53
53
53
53
53
53
53
53
53
53
53
53
53
53
53
0
0
0
0
0
0
0
0
0
0
0
0
0
0
0
0
0
0
0
0
0
0
0
0
0
0
0
0
0
0
0
0
0
0
0
0
0
0
0
0
0
0
0
0
0
0
0
0
0
0
0
0
0
0
0
0
0
0
0
0
0
0
0
0
0
0
0
0
0
0
0
0
0
0
0
53
53
53
53
76
76
76
76
76
76
76
76
PROXIMITY:
10
0
0
0
0
0
0
0
0
0
0
0
0
0
0
0
0
0
0
0
0
0
0
0
0
0
0
0
0
0
0
0
0
0
0
0
0
0
0
0
0
0
0
0
0
0
0
0
0
0
0
0
0
0
0
0
0
0
0
0
0
0
0
0
0
0
0
0
0
0
0
0
0
0
0
0
0
0
0
0
0
0
0
0
0
0
0
0
0
0
0
0
0
0
0
0
0
0
0
0
0
0
0
3
3
7
7
20
20
39
39
53
53
67
67
81
81
98
98
112
112
121
121
126
126
132
132
137
137
141
141
145
145
146
146
146
146
140
140
131
131
110
110
80
80
33
33
17
17
13
13
8
8
5
5
0
0
0
0
0
0
0
0
0
0
0
0
0
0
0
0
0
0
0
0
0
0
0
0
0
0
0
0
0
0
0
0
0
0
0
0
0
0
0
0
0
0
0
0
0
0
0
0
0
0
0
0
0
0
0
0
0
0
0
0
0
0
0
0
0
0
18
18
100
100
122
122
0
0
0
0
0
0
0
0
0
0
0
0
0
0
0
0
0
0
0
0
0
0
0
0
43
43
82
82
25
25
0
0
0
0
0
0
0
0
0
0
0
0
0
0
0
0
0
0
0
0
0
0
0
0
0
0
0
0
0
0
0
0
0
0
0
0
0
0
0
0
0
0
0
0
0
0
0
0
0
0
0
0
0
0
14
14
49
49
78
78
102
102
123
123
132
132
118
118
77
77
17
17
0
0
0
0
0
0
0
0
0
0
0
0
0
0
0
0
0
0
0
0
0
0
0
0
31
31
38
38
38
38
70
70
101
101
110
110
110
110
113
113
110
110
109
109
112
112
109
109
107
107
103
103
104
104
104
104
103
103
105
105
102
102
100
100
102
102
98
98
99
99
98
98
97
97
98
98
98
98
98
98
97
97
97
97
96
96
95
95
92
92
91
91
90
90
89
89
85
85
84
84
83
83
73
73
60
60
45
45
27
27
11
11
0
0
0
0
0
0
0
0
0
0
0
0
0
0
0
0
0
0
0
0
0
0
0
0
0
0
0
0
0
0
0
0
0
0
0
0
0
0
16
16
15
15
2
2
5
5
11
11
16
16
14
14
10
10
5
5
0
0
0
0
0
0
5
5
13
13
23
23
18
18
0
0
0
0
0
0
0
0
0
0
0
0
0
0
0
0
0
0
0
0
0
0
0
0
0
0
0
0
0
0
0
0
0
0
0
0
0
0
0
0
0
0
0
0
0
0
0
0
0
0
0
0
0
0
0
0
0
0
0
0
0
0
0
0
0
0
0
0
0
0
0
0
0
0
0
0
0
0
0
0
0
0
0
0
0
0
0
0
0
0
0
0
0
0
0
0
0
0
0
0
0
0
44
44
85
85
92
92
99
99
99
99
98
98
104
104
103
103
106
106
105
105
105
105
107
107
109
109
110
110
109
109
107
107
108
108
107
107
110
110
111
111
121
121
108
108
1
1
0
0
0
0
0
0
0
0
0
0
6
6
31
31
76
76
110
110
140
140
153
153
158
158
154
154
150
150
147
147
136
136
121
121
102
102
92
92
74
74
44
44
15
15
12
12
14
14
14
14
31
31
69
69
112
112
141
141
158
158
120
120
44
44
0
0
0
0
0
0
0
0
0
0
0
0
0
0
0
0
0
0
0
0
0
0
0
0
0
0
0
0
0
0
0
0
0
0
0
0
38
38
110
110
106
106
109
109
111
111
114
114
107
107
46
46
10
10
0
0
0
0
0
0
0
0
0
0
0
0
0
0
0
0
0
0
0
0
0
0
0
0
0
0
0
0
11
11
0
0
0
0
0
0
0
0
0
0
0
0
0
0
0
0
0
0
0
0
0
0
0
0
0
0
0
0
0
0
0
0
1
1
12
12
16
16
14
14
0
0
0
0
0
0
0
0
0
0
11
11
63
63
100
100
114
114
113
113
117
117
117
117
115
115
111
111
