MIC:
-75
-75
-75
-75
-75
-75
-75
-75
-76
-76
-76
-76
-76
-76
-76
-76
-76
-76
-76
-76
-76
-76
-76
-76
-76
-76
-76
-76
-76
-76
-76
-76
-76
-76
-76
-76
-76
-76
-76
-76
-76
-76
-76
-76
-77
-77
-77
-77
-77
-77
-77
-77
-77
-77
-77
-77
-77
-77
-77
-77
-77
-77
-77
-77
-77
-77
-77
-77
-77
-77
-77
-77
-77
-77
-77
-77
-77
-77
-77
-77
-78
-78
-78
-78
-78
-78
-78
-78
-78
-78
-78
-78
-78
-78
-78
-78
-78
-78
-78
-78
-78
-78
-78
-78
-78
-78
-78
-78
-78
-78
-78
-78
-78
-78
-78
-79
-79
-79
-79
-79
-79
-79
-79
-79
-79
-79
-79
-79
-79
-79
-79
-79
-79
-79
-79
-79
-79
-79
-79
-79
-79
-79
-79
-79
-79
-79
-79
-79
-79
-80
-80
-80
-80
-80
-80
-80
-80
-80
-80
-80
-80
-80
-80
-80
-80
-80
-80
-80
-80
-80
-80
-80
-80
-80
-80
-80
-80
-80
-80
-80
-80
-80
-80
-81
-81
-81
-81
-81
-81
-81
-81
-81
-81
-81
-81
-81
-81
-81
-81
-81
-81
-81
-81
-81
-81
-81
-81
-81
-81
-81
-81
-81
-81
-81
-81
-81
-81
-81
-82
-82
-82
-82
-82
-82
-82
-82
-82
-82
-82
-82
-82
-82
-82
-82
-82
-82
-82
-82
-82
-82
-82
-82
-82
-82
-82
-82
-82
-82
-82
-82
-82
-82
-83
-83
-83
-83
-83
-83
-83
-83
-83
-83
-83
-83
-83
-83
-83
-83
-83
-83
-83
-83
-83
-83
-83
-83
-83
-83
-83
-83
-83
-83
-83
-83
-83
-83
-83
-84
-84
-84
-84
-84
-84
-84
-84
-84
-84
-84
-84
-84
-84
-84
-84
-84
-84
-84
-84
-84
-84
-84
-84
-84
-84
-84
-84
-84
-84
-84
-84
-84
-84
-84
-85
-85
-85
-85
-85
-85
-85
-85
-85
-85
-85
-85
-85
-85
-85
-85
-85
-85
-85
-85
-85
-85
-85
-85
-85
-85
-85
-85
-85
-85
-85
-85
-85
-85
-85
-85
-86
-86
-86
-86
-86
-86
-86
-86
-86
-86
-86
-86
-86
-86
-86
-86
-86
-86
-86
-86
-86
-86
-86
-86
-86
-86
-86
-86
-86
-86
-86
-86
-86
-86
-86
-86
-87
-87
-87
-87
-87
-87
-87
-87
-87
-87
-87
-87
-87
-87
-87
-87
-87
-87
-87
-87
-87
-87
-87
-87
-87
-87
-87
-87
-87
-87
-87
-87
-87
-87
-87
-87
-87
-87
-88
-88
-88
-88
-88
-88
-88
-88
-88
-88
-88
-88
-88
-88
-88
-88
-88
-88
-88
-88
-88
-88
-88
-88
-88
-88
-88
-88
-88
-88
-88
-88
-88
-88
-88
-88
-88
-88
-89
-89
-89
-89
-89
-89
-89
-89
-89
-89
-89
-89
-89
-89
-89
-89
-89
-89
-89
-89
-89
-89
-89
-89
-89
-89
-89
-89
-89
-89
-89
-89
-89
-89
-89
-89
-89
-89
-90
-90
-90
-90
-90
-90
-90
-90
-90
-90
-90
-90
-90
-90
-90
-90
-90
-90
-90
-90
-90
-90
-90
-90
-90
-90
-90
-90
-90
-90
-90
-90
-90
-90
-90
-90
-90
-90
-90
-90
-91
-91
-91
-91
-91
-91
-91
-91
-91
-91
-91
-91
-91
-91
-91
-91
-91
-91
-91
-91
-91
-91
-91
-91
-91
-91
-91
-91
-91
-91
-91
-91
-91
-91
-91
-91
-91
-91
-91
-91
-91
-92
-92
-92
-92
-92
-92
-92
-92
-92
-92
-92
-92
-92
-92
-92
-92
-92
-92
-92
-92
-92
-92
-92
-92
-92
-92
-92
-92
-92
-92
-92
-92
-92
-92
-92
-92
-92
-92
-92
-92
-92
-92
-93
-93
-93
-93
-93
-93
-93
-93
-93
-93
-93
-93
-93
-93
-93
-93
-93
-93
-93
-93
-93
-93
-93
-93
-93
-93
-93
-93
-93
-93
-93
-93
-93
-93
-93
-93
-93
-93
-93
-93
-93
-93
-93
-93
-94
-94
-94
-94
-94
-94
-94
-94
-94
-94
-94
-94
-94
-94
-94
-94
-94
-94
-94
-94
-94
-94
-94
-94
-94
-94
-94
-94
-94
-94
-94
-94
-94
-94
-94
-94
-94
-94
-94
-94
-94
-94
-94
-94
-94
-94
-95
-95
-95
-95
-95
-95
-95
-95
-95
-95
-95
-95
-95
-95
-95
-95
-95
-95
-95
-95
-95
-95
-95
-95
-95
-95
-95
-95
-95
-95
-95
-95
-95
-95
-95
-95
-95
-95
-95
-95
-95
-95
-95
-95
-95
-95
-95
-96
-96
-96
-96
-96
-96
-96
-96
-96
-96
-96
-96
-96
-96
-96
-96
-96
-96
-96
-96
-96
-96
-96
-96
-96
-96
-96
-96
-96
-96
-96
-96
-96
-96
-96
-96
-96
-96
-96
-96
-96
-96
-96
-96
-96
-96
-96
-96
-97
-97
-97
-97
-97
-97
-97
-97
-97
-97
-97
-97
-97
-97
-97
-97
-97
-97
-97
-97
-97
-97
-97
-97
-97
-97
-97
-97
-97
-97
-97
-97
-97
-97
-97
-97
-97
-97
-97
-97
-97
-97
-97
-97
-97
-97
-97
-97
-98
-98
-98
-98
-98
-98
-98
-98
-98
-98
-98
-98
-98
-98
-98
-98
-98
-98
-98
-98
-98
-98
-98
-98
-98
-98
-98
-98
-98
-98
-98
-98
-98
-98
-98
-98
-98
-98
-98
-98
-98
-98
-98
-98
-98
-98
-98
-98
-99
-99
-99
-99
-99
-99
-99
-99
-99
-99
-99
-99
-99
-99
-99
-99
-99
-99
-99
-99
-99
-99
-99
-99
-99
-99
-99
-99
-99
-99
-99
-99
-99
-99
-99
-99
-99
-99
-99
-99
-99
-99
-99
-99
-99
-99
-99
-99
-99
-100
-100
-100
-100
-100
-100
-100
-100
-100
-100
-100
-100
-100
-100
-100
-100
-100
-100
-100
-100
-100
-100
-100
-100
-100
-100
-100
-100
-100
-100
-100
-100
-100
-100
-100
-100
-100
-100
-100
-100
-100
-100
-100
-100
-100
-100
-100
-100
-101
-101
-101
-101
-101
-101
-101
-101
-101
-101
-101
-101
-101
-101
-101
-101
-101
-101
-101
-101
-101
-101
-101
-101
-101
-101
-101
-101
-101
-101
-101
-101
-101
-101
-101
-101
-101
-101
-101
-101
-101
-101
-101
-101
-101
-101
-101
-101
-102
-102
-102
-102
-102
-102
-102
-102
-102
-102
-102
-102
-102
-102
-102
-102
-102
-102
-102
-102
-102
-102
-102
-102
-102
-102
-102
-102
-102
-102
-102
-102
-102
-102
-102
-102
-102
-102
-102
-102
-102
-102
-102
-102
-102
-102
-102
-102
-102
-103
-103
-103
-103
-103
-103
-103
-103
-103
-103
-103
-103
-103
-103
-103
-103
-103
-103
-103
-103
-103
-103
-103
-103
-103
-103
-103
-103
-103
-103
-103
-103
-103
-103
-103
-103
-103
-103
-103
-103
-103
-103
-103
-103
-103
-103
-103
-103
-103
-104
-104
-104
-104
-104
-104
-104
-104
-104
-104
-104
-104
-104
-104
-104
-104
-104
-104
-104
-104
-104
-104
-104
-104
-104
-104
-104
-104
-104
-104
-104
-104
-104
-104
-104
-104
-104
-104
-104
-104
-104
-104
-104
-104
-104
-104
-104
-105
-105
-105
-105
-105
-105
-105
-105
-105
-105
-105
-105
-105
-105
-105
-105
-105
-105
-105
-105
-105
-105
-105
-105
-105
-105
-105
-105
-105
-105
-105
-105
-105
-105
-105
-105
-105
-105
-105
-105
-105
-105
-105
-105
-105
-105
-106
-106
-106
-106
-106
-106
-106
-106
-106
-106
-106
-106
-106
-106
-106
-106
-106
-106
-106
-106
-106
-106
-106
-106
-106
-106
-106
-106
-106
-106
-106
-106
-106
-106
-106
-106
-106
-106
-106
-106
-106
-106
-106
-106
-106
-106
-107
-107
-107
-107
-107
-107
-107
-107
-107
-107
-107
-107
-107
-107
-107
-107
-107
-107
-107
-107
-107
-107
-107
-107
-107
-107
-107
-107
-107
-107
-107
-107
-107
-107
-107
-107
-107
-107
-107
-107
-107
-107
-107
-107
-107
-107
-108
-108
-108
-108
-108
-108
-108
-108
-108
-108
-108
-108
-108
-108
-108
-108
-108
-108
-108
-108
-108
-108
-108
-108
-108
-108
-108
-108
-108
-108
-108
-108
-108
-108
-108
-108
-108
-108
-108
-108
-108
-108
-108
-108
-108
-108
-109
-109
-109
-109
-109
-109
-109
-109
-109
-109
-109
-109
-109
-109
-109
-109
-109
-109
-109
-109
-109
-109
-109
-109
-109
-109
-109
-109
-109
-109
-109
-109
-109
-109
-109
-109
-109
-109
-109
-109
-109
-109
-109
-109
-109
-110
-110
-110
-110
-110
-110
-110
-110
-110
-110
-110
-110
-110
-110
-110
-110
-110
-110
-110
-110
-110
-110
-110
-110
-110
-110
-110
-110
-110
-110
-110
-110
-110
-110
-110
-110
-110
-110
-110
-110
-110
-110
-110
-111
-111
-111
-111
-111
-111
-111
-111
-111
-111
-111
-111
-111
-111
-111
-111
-111
-111
-111
-111
-111
-111
-111
-111
-111
-111
-111
-111
-111
-111
-111
-111
-111
-111
-111
-111
-111
-111
-111
-111
-111
-111
-111
-112
-112
-112
-112
-112
-112
-112
-112
-112
-112
-112
-112
-112
-112
-112
-112
-112
-112
-112
-112
-112
-112
-112
-112
-112
-112
-112
-112
-112
-112
-112
-112
-112
-112
-112
-112
-112
-112
-112
-112
-112
-112
-112
-113
-113
-113
-113
-113
-113
-113
-113
-113
-113
-113
-113
-113
-113
-113
-113
-113
-113
-113
-113
-113
-113
-113
-113
-113
-113
-113
-113
-113
-113
-113
-113
-113
-113
-113
-113
-113
-113
-113
-113
-113
-113
-113
-113
-114
-114
-114
-114
-114
-114
-114
-114
-114
-114
-114
-114
-114
-114
-114
-114
-114
-114
-114
-114
-114
-114
-114
-114
-114
-114
-114
-114
-114
-114
-114
-114
-114
-114
-114
-114
-114
-114
-114
-114
-114
-114
-114
-114
-114
-114
-114
-115
-115
-115
-115
-115
-115
-115
-115
-115
-115
-115
-115
-115
-115
-115
-115
-115
-115
-115
-115
-115
-115
-115
-115
-115
-115
-115
-115
-115
-115
-115
-115
-115
-115
-115
-115
-115
-115
-115
-115
-115
-115
-115
-115
-115
-115
-115
-115
-115
-115
-115
-116
-116
-116
-116
-116
-116
-116
-116
-116
-116
-116
-116
-116
-116
-116
-116
-116
-116
-116
-116
-116
-116
-116
-116
-116
-116
-116
-116
-116
-116
-116
-116
-116
-116
-116
-116
-116
-116
-116
-116
-116
-116
-116
-116
-116
-116
-116
-116
-116
-116
-116
-116
-116
-117
-117
-117
-117
-117
-117
-117
-117
-117
-117
-117
-117
-117
-117
-117
-117
-117
-117
-117
-117
-117
-117
-117
-117
-117
-117
-117
-117
-117
-117
-117
-117
-117
-117
-117
-117
-117
-117
-117
-117
-117
-117
-117
-117
-117
-117
-117
-117
-117
-117
-117
-117
-117
-117
-117
-117
-117
-117
-117
-118
-118
-118
-118
-118
-118
-118
-118
-118
-118
-118
-118
-118
-118
-118
-118
-118
-118
-118
-118
-118
-118
-118
-118
-118
-118
-118
-118
-118
-118
-118
-118
-118
-118
-118
-118
-118
-118
-118
-118
-118
-118
-118
-118
-118
-118
-118
-118
-118
-118
-118
-118
-118
-118
-118
-118
-118
-118
-118
-118
-118
-119
-119
-119
-119
-119
-119
-119
-119
-119
-119
-119
-119
-119
-119
-119
-119
-119
-119
-119
-119
-119
-119
-119
-119
-119
-119
-119
-119
-119
-119
-119
-119
-119
-119
-119
-119
-119
-119
-119
-119
-119
-119
-119
-119
-119
-119
-119
-119
-119
-119
-119
-119
-119
-119
-119
-119
-119
-119
-119
-119
-119
-119
-119
-119
-119
-119
-119
-120
-120
-120
-120
-120
-120
-120
-120
-120
-120
-120
-120
-120
-120
-120
-120
-120
-120
-120
-120
-120
-120
-120
-120
-120
-120
-120
-120
-120
-120
-120
-120
-120
-120
-120
-120
-120
-120
-120
-120
-120
-120
-120
-120
-120
-120
-120
-120
-120
-120
-120
-120
-120
-120
-120
-120
-120
-120
-120
-120
-120
-120
-120
-120
-120
-120
-120
-120
-120
-121
-121
-121
-121
-121
-121
-121
-121
-121
-121
-121
-121
-121
-121
-121
-121
-121
-121
-121
-121
-121
-121
-121
-121
-121
-121
-121
-121
-121
-121
-121
-121
-121
-121
-121
-121
-121
-121
-121
-121
-121
-121
-121
-121
-121
-121
-121
-121
-121
-121
-121
-121
-121
-121
-121
-121
-121
-121
-121
-121
-121
-121
-121
-121
-121
-121
-121
-121
-121
-121
-121
-121
-121
-122
-122
-122
-122
-122
-122
-122
-122
-122
-122
-122
-122
-122
-122
-122
-122
-122
-122
-122
-122
-122
-122
-122
-122
-122
-122
-122
-122
-122
-122
-122
-122
-122
-122
-122
-122
-122
-122
-122
-122
-122
-122
-122
-122
-122
-122
-122
-122
-122
-122
-122
-122
-122
-122
-122
-122
-122
-122
-122
-122
-122
-122
-122
-122
-122
-122
-122
-122
-122
-122
-122
-122
-122
-123
-123
-123
-123
-123
-123
-123
-123
-123
-123
-123
-123
-123
-123
-123
-123
-123
-123
-123
-123
-123
-123
-123
-123
-123
-123
-123
-123
-123
-123
-123
-123
-123
-123
-123
-123
-123
-123
-123
-123
-123
-123
-123
-123
-123
-123
-123
-123
-123
-123
-123
-123
-123
-123
-123
-123
-123
-123
-123
-123
-123
-123
-123
-123
-123
-123
-123
-123
-123
-123
-124
-124
-124
-124
-124
-124
-124
-124
-124
-124
-124
-124
-124
-124
-124
-124
-124
-124
-124
-124
-124
-124
-124
-124
-124
-124
-124
-124
-124
-124
-124
-124
-124
-124
-124
-124
-124
-124
-124
-124
-124
-124
-124
-124
-124
-124
-124
-124
-124
-124
-124
-124
-124
-124
-124
-124
-124
-124
-124
-124
-124
-124
-124
-124
-124
-124
-124
-125
-125
-125
-125
-125
-125
-125
-125
-125
-125
-125
-125
-125
-125
-125
-125
-125
-125
-125
-125
-125
-125
-125
-125
-125
-125
-125
-125
-125
-125
-125
-125
-125
-125
-125
-125
-125
-125
-125
-125
-125
-125
-125
-125
-125
-125
-125
-125
-125
-125
-125
-125
-125
-125
-125
-125
-125
-125
-125
-125
-125
-125
-125
-125
-125
-125
-125
-126
-126
-126
-126
-126
-126
-126
-126
-126
-126
-126
-126
-126
-126
-126
-126
-126
-126
-126
-126
-126
-126
-126
-126
-126
-126
-126
-126
-126
-126
-126
-126
-126
-126
-126
-126
-126
-126
-126
-126
-126
-126
-126
-126
-126
-126
-126
-126
-126
-126
-126
-126
-126
-126
-126
-126
-126
-126
-126
-126
-126
-126
-126
-126
-126
-126
-126
-127
-127
-127
-127
-127
-127
-127
-127
-127
-127
-127
-127
-127
-127
-127
-127
-127
-127
-127
-127
-127
-127
-127
-127
-127
-127
-127
-127
-127
-127
-127
-127
-127
-127
-127
-127
-127
-127
-127
-127
-127
-127
-127
-127
-127
-127
-127
-127
-127
-127
-127
-127
-127
-127
-127
-127
-127
-127
-127
-127
-127
-127
-127
-127
-127
-127
-127
-128
-128
-128
-128
-128
-128
-128
-128
-128
-128
-128
-128
-128
-128
-128
-128
-128
-128
-128
-128
-128
-128
-128
-128
-128
-128
-128
-128
-128
-128
-128
-128
-128
-128
-128
-128
-128
-128
-128
-128
-128
-128
-128
-128
-128
-128
-128
-128
-128
-128
-128
-128
-128
-128
-128
-128
-128
-128
-128
-128
-128
-128
-128
-128
-128
-128
-128
-129
-129
-129
-129
-129
-129
-129
-129
-129
-129
-129
-129
-129
-129
-129
-129
-129
-129
-129
-129
-129
-129
-129
-129
-129
-129
-129
-129
-129
-129
-129
-129
-129
-129
-129
-129
-129
-129
-129
-129
-129
-129
-129
-129
-129
-129
-129
-129
-129
-129
-129
-129
-129
-129
-129
-129
-129
-129
-129
-129
-129
-129
-129
-129
-129
-129
-129
-129
-130
-130
-130
-130
-130
-130
-130
-130
-130
-130
-130
-130
-130
-130
-130
-130
-130
-130
-130
-130
-130
-130
-130
-130
-130
-130
-130
-130
-130
-130
-130
-130
-130
-130
-130
-130
-130
-130
-130
-130
-130
-130
-130
-130
-130
-130
-130
-130
-130
-130
-130
-130
-130
-130
-130
-130
-130
-130
-130
-130
-130
-130
-130
-130
-130
-130
-130
-130
-131
-131
-131
-131
-131
-131
-131
-131
-131
-131
-131
-131
-131
-131
-131
-131
-131
-131
-131
-131
-131
-131
-131
-131
-131
-131
-131
-131
-131
-131
-131
-131
-131
-131
-131
-131
-131
-131
-131
-131
-131
-131
-131
-131
-131
-131
-131
-131
-131
-131
-131
-131
-131
-131
-131
-131
-131
-131
-131
-131
-131
-131
-131
-131
-131
-131
-131
-131
-132
-132
-132
-132
-132
-132
-132
-132
-132
-132
-132
-132
-132
-132
-132
-132
-132
-132
-132
-132
-132
-132
-132
-132
-132
-132
-132
-132
-132
-132
-132
-132
-132
-132
-132
-132
-132
-132
-132
-132
-132
-132
-132
-132
-132
-132
-132
-132
-132
-132
-132
-132
-132
-132
-132
-132
-132
-132
-132
-132
-132
-132
-132
-132
-132
-132
-132
-133
-133
-133
-133
-133
-133
-133
-133
-133
-133
-133
-133
-133
-133
-133
-133
-133
-133
-133
-133
-133
-133
-133
-133
-133
-133
-133
-133
-133
-133
-133
-133
-133
-133
-133
-133
-133
-133
-133
-133
-133
-133
-133
-133
-133
-133
-133
-133
-133
-133
-133
-133
-133
-133
-133
-133
-133
-133
-133
-133
-133
-133
-133
-133
-133
-133
-133
-134
-134
-134
-134
-134
-134
-134
-134
-134
-134
-134
-134
-134
-134
-134
-134
-134
-134
-134
-134
-134
-134
-134
-134
-134
-134
-134
-134
-134
-134
-134
-134
-134
-134
-134
-134
-134
-134
-134
-134
-134
-134
-134
-134
-134
-134
-134
-134
-134
-134
-134
-134
-134
-134
-134
-134
-134
-134
-134
-134
-134
-134
-134
-134
-134
-134
-134
-134
-135
-135
-135
-135
-135
-135
-135
-135
-135
-135
-135
-135
-135
-135
-135
-135
-135
-135
-135
-135
-135
-135
-135
-135
-135
-135
-135
-135
-135
-135
-135
-135
-135
-135
-135
-135
-135
-135
-135
-135
-135
-135
-135
-135
-135
-135
-135
-135
-135
-135
-135
-135
-135
-135
-135
-135
-135
-135
-135
-135
-135
-135
-135
-135
-135
-135
-135
-135
-135
-135
-136
-136
-136
-136
-136
-136
-136
-136
-136
-136
-136
-136
-136
-136
-136
-136
-136
-136
-136
-136
-136
-136
-136
-136
-136
-136
-136
-136
-136
-136
-136
-136
-136
-136
-136
-136
-136
-136
-136
-136
-136
-136
-136
-136
-136
-136
-136
-136
-136
-136
-136
-136
-136
-136
-136
-136
-136
-136
-136
-136
-136
-136
-136
-136
-136
-136
-136
-136
-136
-136
-136
-136
-137
-137
-137
-137
-137
-137
-137
-137
-137
-137
-137
-137
-137
-137
-137
-137
-137
-137
-137
-137
-137
-137
-137
-137
-137
-137
-137
-137
-137
-137
-137
-137
-137
-137
-137
-137
-137
-137
-137
-137
-137
-137
-137
-137
-137
-137
-137
-137
-137
-137
-137
-137
-137
-137
-137
-137
-137
-137
-137
-137
-137
-137
-137
-137
-137
-137
-137
-137
-137
-137
-137
-137
-137
-137
-138
-138
-138
-138
-138
-138
-138
-138
-138
-138
-138
-138
-138
-138
-138
-138
-138
-138
-138
-138
-138
-138
-138
-138
-138
-138
-138
-138
-138
-138
-138
-138
-138
-138
-138
-138
-138
-138
-138
-138
-138
-138
-138
-138
-138
-138
-138
-138
-138
-138
-138
-138
-138
-138
-138
-138
-138
-138
-138
-138
-138
-138
-138
-138
-138
-138
-138
-138
-138
-138
-138
-138
-138
-138
-138
-138
-138
-139
-139
-139
-139
-139
-139
-139
-139
-139
-139
-139
-139
-139
-139
-139
-139
-139
-139
-139
-139
-139
-139
-139
-139
-139
-139
-139
-139
-139
-139
-139
-139
-139
-139
-139
-139
-139
-139
-139
-139
-139
-139
-139
-139
-139
-139
-139
-139
-139
-139
-139
-139
-139
-139
-139
-139
-139
-139
-139
-139
-139
-139
-139
-139
-139
-139
-139
-139
-139
-139
-139
-139
-139
-139
-139
-139
-139
-139
-139
-139
-140
-140
-140
-140
-140
-140
-140
-140
-140
-140
-140
-140
-140
-140
-140
-140
-140
-140
-140
-140
-140
-140
-140
-140
-140
-140
-140
-140
-140
-140
-140
-140
-140
-140
-140
-140
-140
-140
-140
-140
-140
-140
-140
-140
-140
-140
-140
-140
-140
-140
-140
-140
-140
-140
-140
-140
-140
-140
-140
-140
-140
-140
-140
-140
-140
-140
-140
-140
-140
-140
-140
-140
-140
-140
-140
-140
-140
-140
-140
-140
-140
-140
-140
-140
-140
-140
-140
-140
-141
-141
-141
-141
-141
-141
-141
-141
-141
-141
-141
-141
-141
-141
-141
-141
-141
-141
-141
-141
-141
-141
-141
-141
-141
-141
-141
-141
-141
-141
-141
-141
-141
-141
-141
-141
-141
-141
-141
-141
-141
-141
-141
-141
-141
-141
-141
-141
-141
-141
-141
-141
-141
-141
-141
-141
-141
-141
-141
-141
-141
-141
-141
-141
-141
-141
-141
-141
-141
-141
-141
-141
-141
-141
-141
-141
-141
-141
-141
-141
-141
-141
-141
-141
-141
-141
-141
-141
-141
-141
-141
-141
-141
-141
-141
-141
-141
-141
-141
-141
-141
-141
-141
-141
-141
-141
-141
-141
-141
-142
-142
-142
-142
-142
-142
-142
-142
-142
-142
-142
-142
-142
-142
-142
-142
-142
-142
-142
-142
-142
-142
-142
-142
-142
-142
-142
-142
-142
-142
-142
-142
-142
-142
-142
-142
-142
-142
-142
-142
-142
-142
-142
-142
-142
-142
-142
-142
-142
-142
-142
-142
-142
-142
-142
-142
-142
-142
-142
-142
-142
-142
-142
-142
-142
-142
-142
-142
-142
-142
-142
-142
-142
-142
-142
-142
-142
-142
-142
-142
-142
-142
-142
-142
-142
-142
-142
-142
-142
-142
-142
-142
-142
-142
-142
-142
-142
-142
-142
-142
-142
-142
-142
-142
-142
-142
-142
-142
-142
-142
-142
-142
-142
-142
-142
-142
-142
-142
-142
-142
-142
-142
-142
-142
-142
-142
-142
-142
-142
-142
-142
-142
-142
-142
-142
-142
-142
-142
-142
-142
-142
-142
-142
-142
-142
-143
-143
-143
-143
-143
-143
-143
-143
-143
-143
-143
-143
-143
-143
-143
-143
-143
-143
-143
-143
-143
-143
-143
-143
-143
-143
-143
-143
-143
-143
-143
-143
-143
-143
-143
-143
-143
-143
-143
-143
-143
-143
-143
-143
-143
-143
-143
-143
-143
-143
-143
-143
-143
-143
-143
-143
-143
-143
-143
-143
-143
-143
-143
-143
-143
-143
-143
-143
-143
-143
-143
-143
-143
-143
-143
-143
-143
-143
-143
-143
-143
-143
-143
-143
-143
-143
-143
-143
-143
-143
-143
-143
-143
-143
-143
-143
-143
-143
-143
-143
-143
-143
-143
-143
-143
-143
-143
-143
-143
-143
-143
-143
-144
-144
-144
-144
-144
-144
-144
-144
-144
-144
-144
-144
-144
-144
-144
-144
-144
-144
-144
-144
-144
-144
-144
-144
-144
-144
-144
-144
-144
-144
-144
-144
-144
-144
-144
-144
-144
-144
-144
-144
-144
-144
-144
-144
-144
-144
-144
-144
-144
-144
-144
-144
-144
-144
-144
-144
-144
-144
-144
-144
-144
-144
-144
-144
-144
-144
-144
-144
-144
-144
-144
-144
-144
-144
-144
-144
-144
-144
-144
-144
-144
-144
-144
-144
-144
-144
-144
-144
-144
-144
-144
-144
-144
-144
-145
-145
-145
-145
-145
-145
-145
-145
-145
-145
-145
-145
-145
-145
-145
-145
-145
-145
-145
-145
-145
-145
-145
-145
-145
-145
-145
-145
-145
-145
-145
-145
-145
-145
-145
-145
-145
-145
-145
-145
-145
-145
-145
-145
-145
-145
-145
-145
-145
-145
-145
-145
-145
-145
-145
-145
-145
-145
-145
-145
-145
-145
-145
-145
-145
-145
-145
-145
-145
-145
-145
-145
-145
-145
-145
-145
-145
-145
-145
-145
-145
-145
-145
-145
-145
-145
-145
-146
-146
-146
-146
-146
-146
-146
-146
-146
-146
-146
-146
-146
-146
-146
-146
-146
-146
-146
-146
-146
-146
-146
-146
-146
-146
-146
-146
-146
-146
-146
-146
-146
-146
-146
-146
-146
-146
-146
-146
-146
-146
-146
-146
-146
-146
-146
-146
-146
-146
-146
-146
-146
-146
-146
-146
-146
-146
-146
-146
-146
-146
-146
-146
-146
-146
-146
-146
-146
-146
-146
-146
-146
-146
-146
-146
-146
-146
-146
-146
-146
-146
-146
-146
-146
-146
-146
-147
-147
-147
-147
-147
-147
-147
-147
-147
-147
-147
-147
-147
-147
-147
-147
-147
-147
-147
-147
-147
-147
-147
-147
-147
-147
-147
-147
-147
-147
-147
-147
-147
-147
-147
-147
-147
-147
-147
-147
-147
-147
-147
-147
-147
-147
-147
-147
-147
-147
-147
-147
-147
-147
-147
-147
-147
-147
-147
-147
-147
-147
-147
-147
-147
-147
-147
-147
-147
-147
-147
-147
-147
-147
-147
-147
-147
-147
-147
-147
-147
-147
-147
-147
-147
-148
-148
-148
-148
-148
-148
-148
-148
-148
-148
-148
-148
-148
-148
-148
-148
-148
-148
-148
-148
-148
-148
-148
-148
-148
-148
-148
-148
-148
-148
-148
-148
-148
-148
-148
-148
-148
-148
-148
-148
-148
-148
-148
-148
-148
-148
-148
-148
-148
-148
-148
-148
-148
-148
-148
-148
-148
-148
-148
-148
-148
-148
-148
-148
-148
-148
-148
-148
-148
-148
-148
-148
-148
-148
-148
-148
-148
-148
-148
-149
-149
-149
-149
-149
-149
-149
-149
-149
-149
-149
-149
-149
-149
-149
-149
-149
-149
-149
-149
-149
-149
-149
-149
-149
-149
-149
-149
-149
-149
-149
-149
-149
-149
-149
-149
-149
-149
-149
-149
-149
-149
-149
-149
-149
-149
-149
-149
-149
-149
-149
-149
-149
-149
-149
-149
-149
-149
-149
-149
-149
-149
-149
-149
-149
-149
-149
-149
-149
-149
-149
-149
-149
-149
-149
-150
-150
-150
-150
-150
-150
-150
-150
-150
-150
-150
-150
-150
-150
-150
-150
-150
-150
-150
-150
-150
-150
-150
-150
-150
-150
-150
-150
-150
-150
-150
-150
-150
-150
-150
-150
-150
-150
-150
-150
-150
-150
-150
-150
-150
-150
-150
-150
-150
-150
-150
-150
-150
-150
-150
-150
-150
-150
-150
-150
-150
-150
-150
-150
-150
-150
-150
-150
-150
-150
-150
-150
-150
-150
-150
-150
-150
-150
-150
-150
-150
-150
-150
-151
-151
-151
-151
-151
-151
-151
-151
-151
-151
-151
-151
-151
-151
-151
-151
-151
-151
-151
-151
-151
-151
-151
-151
-151
-151
-151
-151
-151
-151
-151
-151
-151
-151
-151
-151
-151
-151
-151
-151
-151
-151
-151
-151
-151
-151
-151
-151
-151
-151
-151
-151
-151
-151
-151
-151
-151
-151
-151
-151
-151
-151
-151
-151
-151
-151
-151
-151
-151
-151
-151
-151
-151
-151
-151
-151
-151
-151
-151
-151
-151
-151
-151
-151
-151
-151
-151
-151
-151
-151
-151
-151
-151
-151
-151
-151
-151
-151
-151
-151
-151
-151
-151
-151
-151
-151
-151
-151
-151
-151
-151
-151
-151
-151
-151
-151
-151
-151
-151
-151
-151
-151
-151
-151
-151
-151
-151
-151
-152
-152
-152
-152
-152
-152
-152
-152
-152
-152
-152
-152
-152
-152
-152
-152
-152
-152
-152
-152
-152
-152
-152
-152
-152
-152
-152
-152
-152
-152
-152
-152
-152
-152
-152
-152
-152
-152
-152
-152
-152
-152
-152
-152
-152
-152
-152
-152
-152
-152
-152
-152
-152
-152
-152
-152
-152
-152
-152
-152
-152
-152
-152
-152
-152
-152
-152
-152
-152
-152
-152
-152
-152
-152
-152
-152
-152
-152
-152
-152
-152
-152
-152
-152
-152
-152
-152
-152
-152
-152
-152
-152
-152
-152
-152
-152
-152
-152
-152
-152
-152
-152
-152
-152
-152
-152
-152
-152
-152
-152
-152
-152
-152
-152
-152
-152
-152
-152
-152
-152
-152
-152
-152
-152
-152
-152
-152
-152
-152
-152
-152
-152
-152
-152
-152
-152
-152
-152
-152
-152
-152
-152
-152
-152
-152
-152
-152
-152
-152
-152
-152
-152
-152
-152
-152
-152
-152
-152
-152
-152
-152
-152
-152
-152
-152
-152
-152
-152
-152
-152
-152
-152
-152
-152
-152
-152
-152
-152
-152
-152
-152
-152
-152
-152
-152
-152
-152
-152
-152
-152
-152
-152
-152
-152
-152
-152
-152
-152
-152
-152
-152
-152
-152
-152
-152
-152
-152
-152
-152
-152
-152
-152
-152
-152
-152
-152
-152
-152
-152
-152
-152
-152
-152
-152
-152
-152
-152
-152
-152
-152
-152
-152
-152
-152
-152
-152
-152
-152
-152
-152
-152
-152
-152
-152
-152
-152
-152
-152
-152
-152
-152
-152
-152
-152
-152
-152
-152
-152
-152
-152
-152
-152
-152
-152
-152
-152
-152
-151
-151
-151
-151
-151
-151
-151
-151
-151
-151
-151
-151
-151
-151
-151
-151
-151
-151
-151
-151
-151
-151
-151
-151
-151
-151
-151
-151
-151
-151
-151
-151
-151
-151
-151
-151
-151
-151
-151
-151
-151
-151
-151
-151
-151
-151
-151
-151
-151
-151
-151
-151
-151
-151
-151
-151
-151
-151
-151
-151
-151
-151
-151
-151
-151
-151
-151
-151
-151
-150
-150
-150
-150
-150
-150
-150
-150
-150
-150
-150
-150
-150
-150
-150
-150
-150
-150
-150
-150
-150
-150
-150
-150
-150
-150
-150
-150
-150
-150
-150
-150
-150
-150
-150
-150
-150
-150
-150
-150
-150
-150
-150
-150
-150
-150
-150
-150
-150
-150
-150
-150
-150
-150
-150
-150
-150
-150
-150
-150
-149
-149
-149
-149
-149
-149
-149
-149
-149
-149
-149
-149
-149
-149
-149
-149
-149
-149
-149
-149
-149
-149
-149
-149
-149
-149
-149
-149
-149
-149
-149
-149
-149
-149
-149
-149
-149
-149
-149
-149
-149
-149
-149
-149
-149
-149
-149
-149
-149
-149
-149
-149
-149
-149
-149
-149
-149
-149
-149
-149
-149
-149
-149
-148
-148
-148
-148
-148
-148
-148
-148
-148
-148
-148
-148
-148
-148
-148
-148
-148
-148
-148
-148
-148
-148
-148
-148
-148
-148
-148
-148
-148
-148
-148
-148
-148
-148
-148
-148
-148
-148
-148
-148
-148
-148
-148
-148
-148
-148
-148
-148
-148
-148
-148
-148
-148
-148
-148
-148
-148
-148
-148
-148
-148
-147
-147
-147
-147
-147
-147
-147
-147
-147
-147
-147
-147
-147
-147
-147
-147
-147
-147
-147
-147
-147
-147
-147
-147
-147
-147
-147
-147
-147
-147
-147
-147
-147
-147
-147
-147
-147
-147
-147
-147
-147
-147
-147
-147
-147
-147
-147
-147
-147
-147
-147
-147
-147
-147
-147
-147
-147
-147
-147
-147
-147
-147
-147
-147
-147
-147
-147
-147
-147
-147
-147
-147
-146
-146
-146
-146
-146
-146
-146
-146
-146
-146
-146
-146
-146
-146
-146
-146
-146
-146
-146
-146
-146
-146
-146
-146
-146
-146
-146
-146
-146
-146
-146
-146
-146
-146
-146
-146
-146
-146
-146
-146
-146
-146
-146
-146
-146
-146
-146
-146
-146
-146
-146
-146
-146
-146
-146
-146
-146
-146
-146
-146
-146
-146
-146
-146
-146
-146
-146
-146
-146
-146
-146
-146
-146
-146
-146
-146
-146
-146
-146
-146
-146
-146
-146
-146
-146
-146
-146
-146
-146
-146
-146
-146
-146
-146
-146
-146
-146
-146
-146
-146
-146
-146
-146
-146
-146
-146
-146
-146
-146
-146
-146
-146
-146
-146
-145
-145
-145
-145
-145
-145
-145
-145
-145
-145
-145
-145
-145
-145
-145
-145
-145
-145
-145
-145
-145
-145
-145
-145
-145
-145
-145
-145
-145
-145
-145
-145
-145
-145
-145
-145
-145
-145
-145
-145
-145
-145
-145
-145
-145
-145
-145
-145
-145
-145
-145
-145
-145
-145
-145
-145
-145
-145
-144
-144
-144
-143
-143
-143
-142
-142
-142
-141
-141
-141
-140
-140
-139
-139
-138
-138
-137
-136
-135
-135
-134
-133
-132
-131
-130
-129
-127
-126
-125
-124
-123
-121
-120
-119
-117
-116
-114
-113
-111
-110
-108
-106
-105
-103
-101
-99
-97
-95
-93
-91
-89
-87
-85
-83
-81
-78
-76
-74
-72
-69
-67
-65
-62
-60
-57
-54
-52
-49
-46
-43
-40
-37
-34
-31
-28
-25
-22
-19
-16
-12
-9
-6
-2
0
4
7
11
14
18
22
26
30
33
37
41
45
49
53
57
61
65
70
74
78
82
86
91
95
100
104
109
113
118
123
127
132
137
142
147
152
157
162
167
172
178
183
188
194
199
204
210
215
221
226
232
237
243
249
254
260
266
271
277
283
289
295
301
306
312
318
324
330
337
343
349
355
361
368
374
381
387
394
400
407
413
420
427
434
440
447
454
461
467
474
481
488
495
501
508
515
522
529
536
543
550
557
564
571
578
585
592
600
607
614
622
629
636
644
651
659
666
674
682
689
697
705
713
720
728
736
744
752
760
768
776
784
792
800
808
816
824
832
840
848
856
865
873
881
889
898
906
914
923
931
940
948
957
966
974
983
991
1000
1009
1017
1026
1034
1043
1052
1060
1069
1077
1086
1095
1104
1112
1121
1130
1139
1148
1157
1166
1174
1184
1193
1202
1211
1220
1229
1238
1248
1257
1266
1276
1285
1294
1304
1313
1322
1332
1341
1351
1360
1370
1379
1389
1399
1408
1418
1428
1438
1447
1457
1467
1477
1487
1497
1507
1517
1527
1537
1547
1557
1567
1577
1588
1598
1608
1618
1628
1639
1649
1659
1669
1680
1690
1700
1711
1721
1731
1742
1752
1762
1773
1783
1793
1804
1814
1825
1835
1846
1856
1867
1878
1888
1899
1910
1920
1931
1942
1952
1963
1974
1985
1995
2006
2017
2028
2039
2050
2061
2072
2082
2093
2104
2115
2127
2138
2149
2160
2171
2182
2193
2204
2215
2226
2237
2249
2260
2271
2282
2293
2305
2316
2327
2339
2350
2361
2373
2384
2396
2407
2419
2430
2442
2453
2465
2476
2488
2500
2511
2523
2535
2546
2558
2570
2581
2593
2605
2617
2628
2640
2652
2664
2676
2688
2700
2711
2723
2735
2747
2759
2771
2783
2795
2807
2819
2831
2843
2855
2868
2880
2892
2904
2916
2928
2941
2953
2965
2977
2990
3002
3014
3026
3039
3051
3063
3076
3088
3100
3112
3125
3137
3149
3161
3174
3186
3198
3210
3222
3235
3247
3259
3271
3284
3296
3308
3321
3333
3345
3358
3370
3383
3395
3407
3420
3432
3445
3457
3470
3482
3494
3507
3519
3532
3544
3557
3569
3581
3594
3606
3619
3631
3643
3656
3668
3681
3693
3706
3718
3731
3743
3756
3768
3781
3793
3806
3818
3831
3844
3856
3869
3881
3894
3907
3919
3932
3945
3957
3970
3982
3995
4008
4020
4033
4046
4058
4071
4083
4096
4109
4121
4134
4147
4159
4172
4185
4197
4210
4223
4235
4248
4261
4273
4286
4299
4311
4324
4337
4350
4362
4375
4388
4401
4413
4426
4439
4452
4464
4477
4490
4502
4515
4528
4541
4553
4566
4579
4592
4604
4617
4630
4643
4655
4668
4681
4694
4707
4719
4732
4745
4758
4771
4783
4796
4809
4822
4835
4848
4860
4873
4886
4899
4912
4925
4938
4951
4963
4976
4989
5002
5015
5028
5041
5053
5066
5079
5092
5105
5118
5131
5143
5156
5169
5182
5195
5208
5220
5233
5246
5259
5272
5284
5297
5310
5323
5336
5348
5361
5374
5386
5399
5412
5424
5437
5450
5463
5475
5488
5501
5513
5526
5539
5551
5564
5577
5589
5602
5615
5628
5640
5653
5666
5678
5691
5704
5716
5729
5742
5754
5767
5780
5792
5805
5818
5830
5843
5856
5868
5881
5893
5906
5919
5931
5944
5956
5969
5981
5994
6007
6019
6032
6044
6057
6069
6082
6094
6107
6119
6132
6145
6157
6170
6182
6195
6207
6220
6232
6245
6257
6270
6282
6295
6307
6320
6332
6345
6357
6369
6382
6394
6407
6419
6431
6444
6456
6468
6481
6493
6506
6518
6530
6543
6555
6567
6580
6592
6604
6617
6629
6641
6653
6666
6678
6690
6702
6714
6727
6739
6751
6763
6776
6788
6800
6812
6824
6837
6849
6861
6873
6885
6897
6910
6922
6934
6946
6958
6971
6983
6995
7007
7019
7031
7043
7055
7068
7080
7092
7104
7116
7128
7140
7152
7164
7176
7188
7200
7212
7224
7236
7248
7260
7272
7284
7296
7308
7320
7332
7343
7355
7367
7379
7391
7403
7415
7427
7439
7450
7462
7474
7486
7498
7509
7521
7533
7545
7556
7568
7580
7591
7603
7615
7627
7638
7650
7662
7673
7685
7696
7708
7720
7731
7743
7755
7766
7778
7789
7801
7812
7824
7835
7846
7858
7869
7881
7892
7903
7915
7926
7937
7949
7960
7971
7982
7994
8005
8016
8027
8039
8050
8061
8072
8083
8094
8106
8117
8128
8139
8150
8161
8173
8184
8195
8206
8217
8228
8239
8250
8261
8272
8284
8295
8306
8317
8328
8339
8350
8361
8372
8383
8394
8404
8415
8426
8437
8448
8459
8470
8481
8492
8503
8513
8524
8535
8546
8557
8567
8578
8589
8600
8610
8621
8632
8643
8653
8664
8675
8685
8696
8707
8717
8728
8739
8749
8760
8770
8781
8792
8802
8813
8823
8834
8844
8855
8865
8876
8886
8896
8907
8917
8927
8938
8948
8958
8969
8979
8989
8999
9009
9019
9030
9040
9050
9060
9070
9080
9090
9100
9110
9120
9130
9140
9150
9160
9170
9180
9190
9200
9210
9220
9230
9239
9249
9259
9269
9279
9289
9299
9308
9318
9328
9338
9348
9357
9367
9377
9387
9396
9406
9416
9425
9435
9444
9454
9463
9473
9482
9492
9501
9511
9520
9530
9539
9549
9558
9568
9577
9586
9596
9605
9615
9624
9633
9643
9652
9661
9671
9680
9689
9698
9708
9717
9726
9735
9744
9753
9762
9771
9780
9789
9798
9807
9816
9825
9834
9843
9852
9861
9869
9878
9887
9896
9905
9913
9922
9931
9940
9948
9957
9966
9975
9983
9992
10001
10009
10018
10027
10035
10044
10053
10061
10070
10078
10087
10096
10104
10113
10121
10130
10138
10146
10155
10163
10172
10180
10189
10197
10205
10214
10222
10230
10239
10247
10255
10264
10272
10280
10289
10297
10305
10313
10321
10330
10338
10346
10354
10362
10370
10379
10387
10395
10403
10411
10419
10427
10435
10443
10451
10459
10467
10475
10483
10491
10499
10507
10515
10523
10530
10538
10546
10554
10561
10569
10577
10585
10592
10600
10608
10615
10623
10630
10638
10645
10653
10660
10668
10675
10683
10690
10698
10705
10712
10720
10727
10734
10742
10749
10756
10764
10771
10778
10786
10793
10800
10807
10815
10822
10829
10836
10843
10850
10857
10864
10871
10878
10885
10892
10899
10906
10913
10920
10927
10934
10941
10948
10955
10961
10968
10975
10982
10989
10996
11002
11009
11016
11023
11030
11036
11043
11050
11057
11063
11070
11077
11083
11090
11097
11103
11110
11117
11123
11130
11136
11143
11150
11156
11163
11169
11176
11182
11189
11195
11201
11208
11214
11221
11227
11233
11240
11246
11252
11259
11265
11271
11277
11284
11290
11296
11302
11308
11315
11321
11327
11333
11339
11345
11351
11357
11363
11369
11375
11381
11387
11393
11399
11405
11411
11417
11423
11429
11434
11440
11446
11452
11458
11463
11469
11475
11481
11486
11492
11498
11503
11509
11514
11520
11526
11531
11537
11542
11548
11553
11558
11564
11569
11575
11580
11585
11591
11596
11601
11607
11612
11617
11622
11628
11633
11638
11643
11648
11654
11659
11664
11669
11674
11679
11684
11689
11694
11699
11705
11710
11714
11719
11724
11729
11734
11739
11744
11749
11754
11758
11763
11768
11773
11777
11782
11787
11792
11796
11801
11805
11810
11815
11819
11824
11828
11833
11837
11842
11846
11851
11855
11860
11864
11868
11873
11877
11882
11886
11890
11895
11899
11903
11907
11912
11916
11920
11924
11928
11933
11937
11941
11945
11949
11953
11958
11962
11966
11970
11974
11978
11982
11986
11990
11994
11998
12002
12006
12009
12013
12017
12021
12025
12029
12033
12037
12040
12044
12048
12052
12056
12059
12063
12067
12071
12074
12078
12082
12085
12089
12093
12096
12100
12104
12107
12111
12114
12118
12121
12125
12129
12132
12136
12139
12142
12146
12149
12153
12156
12159
12163
12166
12169
12173
12176
12179
12183
12186
12189
12192
12195
12199
12202
12205
12208
12211
12214
12218
12221
12224
12227
12230
12233
12236
12239
12242
12245
12248
12251
12254
12257
12260
12262
12265
12268
12271
12274
12277
12279
12282
12285
12288
12290
12293
12296
12298
12301
12304
12306
12309
12312
12314
12317
12320
12322
12325
12327
12330
12332
12335
12338
12340
12343
12345
12348
12350
12352
12355
12357
12360
12362
12364
12367
12369
12371
12374
12376
12378
12381
12383
12385
12387
12390
12392
12394
12396
12398
12400
12403
12405
12407
12409
12411
12413
12415
12417
12419
12421
12423
12425
12427
12429
12431
12433
12435
12437
12439
12441
12443
12444
12446
12448
12450
12452
12454
12456
12457
12459
12461
12463
12465
12466
12468
12470
12472
12473
12475
12477
12478
12480
12482
12483
12485
12487
12488
12490
12491
12493
12494
12496
12497
12499
12500
12502
12503
12505
12506
12508
12509
12510
12512
12513
12515
12516
12517
12519
12520
12521
12522
12524
12525
12526
12528
12529
12530
12531
12532
12534
12535
12536
12537
12538
12539
12541
12542
12543
12544
12545
12546
12547
12548
12549
12550
12551
12552
12553
12554
12555
12556
12556
12557
12558
12559
12560
12561
12561
12562
12563
12564
12564
12565
12566
12567
12567
12568
12569
12569
12570
12571
12571
12572
12572
12573
12573
12574
12575
12575
12576
12576
12577
12577
12577
12578
12578
12579
12579
12580
12580
12580
12581
12581
12581
12582
12582
12582
12583
12583
12583
12583
12584
12584
12584
12584
12584
12585
12585
12585
12585
12585
12585
12585
12585
12585
12586
12586
12586
12586
12586
12586
12586
12586
12586
12586
12586
12586
12585
12585
12585
12585
12585
12585
12585
12585
12585
12585
12584
12584
12584
12584
12584
12584
12583
12583
12583
12583
12582
12582
12582
12582
12581
12581
12581
12580
12580
12580
12579
12579
12578
12578
12578
12577
12577
12576
12576
12575
12575
12574
12574
12573
12573
12573
12572
12571
12571
12570
12570
12569
12569
12568
12568
12567
12566
12566
12565
12565
12564
12563
12563
12562
12561
12561
12560
12559
12559
12558
12557
12556
12556
12555
12554
12553
12553
12552
12551
12550
12549
12548
12548
12547
12546
12545
12544
12543
12542
12541
12540
12539
12538
12537
12536
12535
12534
12533
12532
12531
12530
12529
12528
12527
12526
12525
12524
12523
12522
12520
12519
12518
12517
12516
12515
12513
12512
12511
12510
12509
12507
12506
12505
12504
12502
12501
12500
12498
12497
12496
12494
12493
12491
12490
12489
12487
12486
12484
12483
12481
12480
12478
12477
12475
12474
12472
12471
12469
12468
12466
12465
12463
12462
12460
12458
12457
12455
12454
12452
12450
12449
12447
12445
12444
12442
12441
12439
12437
12436
12434
12432
12430
12429
12427
12425
12423
12422
12420
12418
12416
12415
12413
12411
12409
12407
12406
12404
12402
12400
12398
12396
12394
12393
12391
12389
12387
12385
12383
12381
12379
12377
12375
12373
12371
12369
12367
12365
12363
12361
12359
12357
12355
12353
12351
12349
12347
12345
12343
12341
12339
12337
12335
12333
12331
12329
12327
12324
12322
12320
12318
12316
12314
12312
12309
12307
12305
12303
12301
12298
12296
12294
12292
12290
12287
12285
12283
12281
12279
12276
12274
12272
12270
12267
12265
12263
12261
12258
12256
12254
12251
12249
12247
12244
12242
12240
12237
12235
12233
12230
12228
12226
12223
12221
12218
12216
12214
12211
12209
12206
12204
12201
12199
12196
12194
12191
12189
12186
12184
12181
12179
12176
12174
12171
12169
12166
12163
12161
12158
12156
12153
12151
12148
12145
12143
12140
12137
12135
12132
12130
12127
12124
12121
12119
12116
12113
12111
12108
12105
12102
12100
12097
12094
12091
12089
12086
12083
12080
12077
12075
12072
12069
12066
12063
12060
12057
12055
12052
12049
12046
12043
12040
12037
12034
12031
12028
12026
12023
12020
12017
12014
12011
12008
12005
12002
11999
11996
11993
11990
11987
11984
11980
11977
11974
11971
11968
11965
11962
11959
11956
11953
11949
11946
11943
11940
11937
11934
11931
11927
11924
11921
11918
11915
11911
11908
11905
11902
11898
11895
11892
11889
11885
11882
11879
11876
11872
11869
11866
11862
11859
11856
11852
11849
11846
11842
11839
11836
11832
11829
11826
11822
11819
11815
11812
11809
11805
11802
11798
11795
11791
11788
11785
11781
11778
11774
11771
11767
11764
11760
11757
11753
11750
11746
11743
11739
11736
11732
11729
11725
11722
11718
11715
11711
11708
11704
11700
11697
11693
11690
11686
11683
11679
11675
11672
11668
11665
11661
11657
11654
11650
11646
11643
11639
11636
11632
11628
11625
11621
11617
11614
11610
11606
11603
11599
11595
11592
11588
11584
11581
11577
11573
11570
11566
11562
11559
11555
11551
11547
11544
11540
11536
11533
11529
11525
11521
11518
11514
11510
11506
11503
11499
11495
11491
11488
11484
11480
11476
11472
11469
11465
11461
11457
11454
11450
11446
11442
11438
11435
11431
11427
11423
11419
11415
11412
11408
11404
11400
11396
11393
11389
11385
11381
11377
11373
11370
11366
11362
11358
11354
11350
11346
11342
11339
11335
11331
11327
11323
11319
11315
11311
11307
11303
11299
11296
11292
11288
11284
11280
11276
11272
11268
11264
11260
11256
11252
11248
11244
11240
11236
11232
11228
11224
11220
11216
11212
11208
11204
11200
11196
11192
11188
11184
11180
11176
11172
11168
11164
11160
11155
11151
11147
11143
11139
11135
11131
11127
11123
11119
11115
11110
11106
11102
11098
11094
11090
11086
11082
11078
11073
11069
11065
11061
11057
11053
11049
11044
11040
11036
11032
11028
11024
11019
11015
11011
11007
11003
10999
10994
10990
10986
10982
10978
10974
10969
10965
10961
10957
10953
10948
10944
10940
10936
10931
10927
10923
10919
10915
10910
10906
10902
10898
10893
10889
10885
10881
10876
10872
10868
10864
10859
10855
10851
10846
10842
10838
10834
10829
10825
10821
10816
10812
10808
10804
10799
10795
10791
10786
10782
10778
10774
10769
10765
10761
10756
10752
10748
10743
10739
10735
10730
10726
10722
10718
10713
10709
10705
10700
10696
10692
10687
10683
10679
10674
10670
10666
10661
10657
10653
10648
10644
10640
10635
10631
10627
10622
10618
10613
10609
10605
10600
10596
10592
10587
10583
10578
10574
10570
10565
10561
10556
10552
10548
10543
10539
10534
10530
10526
10521
10517
10512
10508
10504
10499
10495
10490
10486
10481
10477
10473
10468
10464
10459
10455
10450
10446
10441
10437
10432
10428
10424
10419
10415
10410
10406
10401
10397
10392
10388
10383
10379
10374
10370
10365
10361
10356
10352
10347
10343
10338
10334
10329
10325
10320
10316
10311
10307
10302
10297
10293
10288
10284
10279
10275
10270
10266
10261
10257
10252
10247
10243
10238
10234
10229
10225
10220
10215
10211
10206
10202
10197
10193
10188
10183
10179
10174
10170
10165
10161
10156
10151
10147
10142
10138
10133
10128
10124
10119
10115
10110
10106
10101
10096
10092
10087
10083
10078
10074
10069
10064
10060
10055
10051
10046
10041
10037
10032
10028
10023
10018
10014
10009
10004
10000
9995
9991
9986
9981
9977
9972
9968
9963
9958
9954
9949
9945
9940
9936
9931
9926
9922
9917
9913
9908
9903
9899
9894
9890
9885
9881
9876
9871
9867
9862
9858
9853
9848
9844
9839
9835
9830
9825
9821
9816
9812
9807
9803
9798
9793
9789
9784
9780
9775
9770
9766
9761
9757
9752
9747
9743
9738
9734
9729
9724
9720
9715
9711
9706
9701
9697
9692
9688
9683
9679
9674
9669
9665
9660
9656
9651
9646
9642
9637
9633
9628
9623
9619
9614
9610
9605
9600
9596
9591
9587
9582
9577
9573
9568
9564
9559
9554
9550
9545
9540
9536
9531
9527
9522
9517
9513
9508
9504
9499
9494
9490
9485
9480
9476
9471
9467
9462
9457
9453
9448
9444
9439
9434
9430
9425
9420
9416
9411
9407
9402
9397
9393
9388
9384
9379
9374
9370
9365
9361
9356
9351
9347
9342
9337
9333
9328
9324
9319
9314
9310
9305
9301
9296
9291
9287
9282
9278
9273
9269
9264
9259
9255
9250
9246
9241
9237
9232
9227
9223
9218
9214
9209
9204
9200
9195
9191
9186
9182
9177
9172
9168
9163
9159
9154
9150
9145
9140
9136
9131
9127
9122
9118
9113
9108
9104
9099
9095
9090
9086
9081
9076
9072
9067
9063
9058
9054
9049
9045
9040
9036
9031
9026
9022
9017
9013
9008
9004
8999
8995
8990
8986
8981
8976
8972
8967
8963
8958
8954
8949
8945
8940
8936
8931
8927
8922
8918
8913
8909
8904
8899
8895
8890
8886
8881
8877
8872
8868
8863
8859
8854
8850
8845
8841
8836
8832
8827
8823
8818
8814
8809
8804
8800
8795
8791
8786
8782
8777
8773
8768
8764
8759
8755
8750
8746
8741
8737
8732
8728
8723
8718
8714
8709
8705
8700
8696
8691
8687
8682
8678
8673
8669
8664
8660
8655
8651
8646
8642
8637
8632
8628
8623
8619
8614
8610
8605
8601
8596
8592
8587
8583
8578
8574
8569
8565
8560
8556
8551
8547
8542
8538
8533
8529
8524
8520
8515
8511
8506
8502
8497
8493
8488
8484
8479
8475
8470
8466
8461
8457
8452
8448
8443
8439
8434
8430
8425
8421
8417
8412
8408
8403
8399
8394
8390
8385
8381
8376
8372
8367
8363
8359
8354
8350
8345
8341
8336
8332
8327
8323
8318
8314
8310
8305
8301
8296
8292
8287
8283
8279
8274
8270
8265
8261
8256
8252
8248
8243
8239
8234
8230
8226
8221
8217
8212
8208
8204
8199
8195
8190
8186
8182
8177
8173
8168
8164
8160
8155
8151
8146
8142
8138
8133
8129
8125
8120
8116
8111
8107
8103
8098
8094
8090
8085
8081
8077
8072
8068
8063
8059
8055
8050
8046
8042
8037
8033
8029
8024
8020
8016
8011
8007
8003
7998
7994
7990
7985
7981
7977
7972
7968
7964
7960
7955
7951
7947
7942
7938
7934
7929
7925
7921
7917
7912
7908
7904
7900
7895
7891
7887
7883
7878
7874
7870
7865
7861
7857
7853
7849
7844
7840
7836
7832
7827
7823
7819
7815
7810
7806
7802
7798
7794
7789
7785
7781
7777
7772
7768
7764
7760
7756
7751
7747
7743
7739
7735
7730
7726
7722
7718
7713
7709
7705
7701
7697
7692
7688
7684
7680
7676
7671
7667
7663
7659
7655
7650
7646
7642
7638
7634
7629
7625
7621
7617
7613
7609
7604
7600
7596
7592
7588
7583
7579
7575
7571
7567
7562
7558
7554
7550
7546
7541
7537
7533
7529
7525
7521
7516
7512
7508
7504
7500
7495
7491
7487
7483
7479
7474
7470
7466
7462
7458
7454
7449
7445
7441
7437
7433
7429
7424
7420
7416
7412
7408
7404
7399
7395
7391
7387
7383
7379
7374
7370
7366
7362
7358
7354
7349
7345
7341
7337
7333
7329
7325
7321
7316
7312
7308
7304
7300
7296
7292
7288
7283
7279
7275
7271
7267
7263
7259
7255
7251
7246
7242
7238
7234
7230
7226
7222
7218
7214
7210
7206
7201
7197
7193
7189
7185
7181
7177
7173
7169
7165
7161
7157
7153
7149
7145
7141
7137
7133
7129
7125
7121
7117
7113
7109
7105
7101
7097
7093
7089
7085
7081
7077
7073
7069
7065
7061
7057
7053
7049
7045
7041
7037
7033
7029
7025
7021
7017
7013
7009
7005
7001
6997
6993
6989
6986
6982
6978
6974
6970
6966
6962
6958
6954
6950
6946
6942
6938
6934
6930
6926
6923
6919
6915
6911
6907
6903
6899
6895
6891
6887
6883
6879
6875
6872
6868
6864
6860
6856
6852
6848
6844
6840
6836
6832
6829
6825
6821
6817
6813
6809
6805
6801
6797
6793
6790
6786
6782
6778
6774
6770
6766
6762
6758
6754
6751
6747
6743
6739
6735
6731
6727
6723
6719
6716
6712
6708
6704
6700
6696
6692
6688
6685
6681
6677
6673
6669
6665
6661
6658
6654
6650
6646
6642
6638
6635
6631
6627
6623
6619
6615
6612
6608
6604
6600
6596
6592
6589
6585
6581
6577
6573
6570
6566
6562
6558
6554
6551
6547
6543
6539
6535
6532
6528
6524
6520
6516
6513
6509
6505
6501
6498
6494
6490
6486
6483
6479
6475
6471
6468
6464
6460
6456
6453
6449
6445
6441
6438
6434
6430
6427
6423
6419
6415
6412
6408
6404
6401
6397
6393
6389
6386
6382
6378
6375
6371
6367
6364
6360
6356
6353
6349
6345
6342
6338
6334
6331
6327
6323
6320
6316
6312
6309
6305
6301
6298
6294
6290
6287
6283
6280
6276
6272
6269
6265
6261
6258
6254
6251
6247
6243
6240
6236
6233
6229
6225
6222
6218
6215
6211
6207
6204
6200
6197
6193
6189
6186
6182
6179
6175
6171
6168
6164
6161
6157
6154
6150
6146
6143
6139
6136
6132
6129
6125
6121
6118
6114
6111
6107
6104
6100
6096
6093
6089
6086
6082
6079
6075
6072
6068
6065
6061
6057
6054
6050
6047
6043
6040
6036
6033
6029
6026
6022
6019
6015
6011
6008
6004
6001
5997
5994
5990
5987
5983
5980
5976
5973
5969
5966
5962
5959
5955
5952
5948
5945
5941
5938
5934
5931
5927
5924
5920
5917
5913
5910
5906
5903
5899
5896
5892
5889
5885
5882
5878
5875
5871
5868
5864
5861
5857
5854
5850
5847
5843
5840
5837
5833
5830
5826
5823
5819
5816
5812
5809
5805
5802
5799
5795
5792
5788
5785
5781
5778
5774
5771
5768
5764
5761
5757
5754
5750
5747
5744
5740
5737
5733
5730
5727
5723
5720
5716
5713
5710
5706
5703
5700
5696
5693
5689
5686
5683
5679
5676
5673
5669
5666
5662
5659
5656
5652
5649
5646
5642
5639
5636
5632
5629
5626
5622
5619
5616
5612
5609
5606
5602
5599
5596
5592
5589
5586
5582
5579
5576
5572
5569
5566
5563
5559
5556
5553
5549
5546
5543
5540
5536
5533
5530
5526
5523
5520
5517
5513
5510
5507
5503
5500
5497
5494
5490
5487
5484
5481
5477
5474
5471
5468
5464
5461
5458
5455
5451
5448
5445
5442
5438
5435
5432
5429
5426
5422
5419
5416
5413
5410
5406
5403
5400
5397
5393
5390
5387
5384
5381
5378
5374
5371
5368
5365
5362
5358
5355
5352
5349
5346
5343
5339
5336
5333
5330
5327
5324
5320
5317
5314
5311
5308
5305
5302
5299
5295
5292
5289
5286
5283
5280
5277
5274
5270
5267
5264
5261
5258
5255
5252
5249
5246
5242
5239
5236
5233
5230
5227
5224
5221
5218
5215
5211
5208
5205
5202
5199
5196
5193
5190
5187
5184
5181
5178
5174
5171
5168
5165
5162
5159
5156
5153
5150
5147
5144
5141
5138
5135
5132
5128
5125
5122
5119
5116
5113
5110
5107
5104
5101
5098
5095
5092
5089
5086
5083
5080
5077
5074
5071
5068
5065
5062
5059
5055
5052
5049
5046
5043
5040
5037
5034
5031
5028
5025
5022
5019
5016
5013
5010
5007
5004
5001
4998
4995
4992
4989
4986
4983
4980
4977
4974
4971
4968
4965
4963
4960
4957
4954
4951
4948
4945
4942
4939
4936
4933
4930
4927
4924
4921
4918
4915
4912
4909
4906
4903
4900
4898
4895
4892
4889
4886
4883
4880
4877
4874
4871
4868
4865
4862
4860
4857
4854
4851
4848
4845
4842
4839
4836
4833
4831
4828
4825
4822
4819
4816
4813
4810
4807
4805
4802
4799
4796
4793
4790
4787
4784
4782
4779
4776
4773
4770
4767
4764
4762
4759
4756
4753
4750
4747
4744
4742
4739
4736
4733
4730
4727
4725
4722
4719
4716
4713
4710
4708
4705
4702
4699
4696
4693
4691
4688
4685
4682
4679
4677
4674
4671
4668
4665
4662
4660
4657
4654
4651
4648
4646
4643
4640
4637
4634
4632
4629
4626
4623
4620
4618
4615
4612
4609
4607
4604
4601
4598
4595
4593
4590
4587
4584
4581
4579
4576
4573
4570
4568
4565
4562
4559
4556
4554
4551
4548
4545
4543
4540
4537
4534
4532
4529
4526
4523
4521
4518
4515
4512
4510
4507
4504
4501
4499
4496
4493
4490
4488
4485
4482
4480
4477
4474
4471
4469
4466
4463
4461
4458
4455
4452
4450
4447
4444
4442
4439
4436
4434
4431
4428
4426
4423
4420
4418
4415
4412
4410
4407
4404
4402
4399
4396
4394
4391
4388
4386
4383
4380
4378
4375
4372
4370
4367
4364
4362
4359
4357
4354
4351
4349
4346
4343
4341
4338
4336
4333
4330
4328
4325
4323
4320
4317
4315
4312
4310
4307
4304
4302
4299
4297
4294
4291
4289
4286
4284
4281
4279
4276
4273
4271
4268
4266
4263
4261
4258
4255
4253
4250
4248
4245
4243
4240
4238
4235
4233
4230
4228
4225
4222
4220
4217
4215
4212
4210
4207
4205
4202
4200
4197
4195
4192
4190
4187
4185
4182
4180
4177
4175
4172
4170
4167
4165
4162
4160
4157
4155
4152
4150
4147
4145
4142
4140
4137
4135
4132
4130
4127
4125
4123
4120
4118
4115
4113
4110
4108
4105
4103
4100
4098
4095
4093
4090
4088
4085
4083
4081
4078
4076
4073
4071
4068
4066
4063
4061
4058
4056
4054
4051
4049
4046
4044
4041
4039
4037
4034
4032
4029
4027
4024
4022
4020
4017
4015
4012
4010
4007
4005
4003
4000
3998
3995
3993
3991
3988
3986
3983
3981
3979
3976
3974
3971
3969
3967
3964
3962
3959
3957
3955
3952
3950
3948
3945
3943
3940
3938
3936
3933
3931
3929
3926
3924
3921
3919
3917
3914
3912
3910
3907
3905
3903
3900
3898
3895
3893
3891
3888
3886
3884
3881
3879
3877
3874
3872
3870
3867
3865
3863
3860
3858
3856
3853
3851
3849
3846
3844
3842
3839
3837
3835
3833
3830
3828
3826
3823
3821
3819
3816
3814
3812
3809
3807
3805
3802
3800
3798
3796
3793
3791
3789
3786
3784
3782
3779
3777
3775
3772
3770
3768
3766
3763
3761
3759
3756
3754
3752
3750
3747
3745
3743
3740
3738
3736
3734
3731
3729
3727
3724
3722
3720
3718
3715
3713
3711
3708
3706
3704
3702
3699
3697
3695
3693
3690
3688
3686
3683
3681
3679
3677
3674
3672
3670
3668
3665
3663
3661
3659
3656
3654
3652
3649
3647
3645
3643
3640
3638
3636
3634
3631
3629
3627
3625
3622
3620
3618
3616
3613
3611
3609
3607
3605
3602
3600
3598
3596
3593
3591
3589
3587
3584
3582
3580
3578
3576
3573
3571
3569
3567
3564
3562
3560
3558
3556
3553
3551
3549
3547
3545
3542
3540
3538
3536
3534
3532
3529
3527
3525
3523
3521
3519
3516
3514
3512
3510
3508
3506
3503
3501
3499
3497
3495
3493
3490
3488
3486
3484
3482
3480
3478
3475
3473
3471
3469
3467
3465
3463
3460
3458
3456
3454
3452
3450
3448
3446
3443
3441
3439
3437
3435
3433
3431
3429
3426
3424
3422
3420
3418
3416
3414
3412
3410
3407
3405
3403
3401
3399
3397
3395
3393
3391
3389
3386
3384
3382
3380
3378
3376
3374
3372
3370
3368
3366
3364
3361
3359
3357
3355
3353
3351
3349
3347
3345
3343
3341
3339
3337
3335
3333
3331
3328
3326
3324
3322
3320
3318
3316
3314
3312
3310
3308
3306
3304
3302
3300
3298
3296
3294
3292
3290
3288
3286
3284
3282
3280
3278
3275
3273
3271
3269
3267
3265
3263
3261
3259
3257
3255
3253
3251
3249
3247
3245
3243
3241
3239
3237
3235
3233
3231
3229
3227
3225
3223
3221
3219
3217
3215
3213
3211
3209
3207
3205
3203
3201
3199
3197
3195
3193
3191
3189
3187
3185
3183
3182
3180
3178
3176
3174
3172
3170
3168
3166
3164
3162
3160
3158
3156
3154
3152
3150
3148
3146
3144
3142
3140
3138
3136
3134
3132
3130
3128
3126
3124
3122
3120
3118
3116
3114
3112
3110
3109
3107
3105
3103
3101
3099
3097
3095
3093
3091
3089
3087
3085
3083
3081
3079
3077
3075
3073
3071
3069
3067
3065
3064
3062
3060
3058
3056
3054
3052
3050
3048
3046
3044
3042
3040
3038
3036
3034
3033
3031
3029
3027
3025
3023
3021
3019
3017
3015
3013
3011
3009
3007
3006
3004
3002
3000
2998
2996
2994
2992
2990
2988
2986
2984
2983
2981
2979
2977
2975
2973
2971
2969
2967
2965
2964
2962
2960
2958
2956
2954
2952
2950
2948
2946
2945
2943
2941
2939
2937
2935
2933
2931
2929
2928
2926
2924
2922
2920
2918
2916
2914
2913
2911
2909
2907
2905
2903
2901
2899
2897
2896
2894
2892
2890
2888
2886
2884
2882
2881
2879
2877
2875
2873
2871
2869
2868
2866
2864
2862
2860
2858
2856
2854
2853
2851
2849
2847
2845
2843
2841
2839
2838
2836
2834
2832
2830
2828
2826
2825
2823
2821
2819
2817
2815
2813
2812
2810
2808
2806
2804
2802
2800
2799
2797
2795
2793
2791
2789
2787
2786
2784
2782
2780
2778
2776
2775
2773
2771
2769
2767
2765
2764
2762
2760
2758
2756
2754
2753
2751
2749
2747
2745
2743
2742
2740
2738
2736
2734
2733
2731
2729
2727
2725
2723
2722
2720
2718
2716
2714
2713
2711
2709
2707
2705
2704
2702
2700
2698
2696
2695
2693
2691
2689
2687
2686
2684
2682
2680
2678
2677
2675
2673
2671
2669
2668
2666
2664
2662
2660
2659
2657
2655
2653
2652
2650
2648
2646
2645
2643
2641
2639
2637
2636
2634
2632
2630
2629
2627
2625
2623
2622
2620
2618
2616
2615
2613
2611
2609
2608
2606
2604
2602
2601
2599
2597
2595
2594
2592
2590
2588
2587
2585
2583
2582
2580
2578
2576
2575
2573
2571
2569
2568
2566
2564
2563
2561
2559
2557
2556
2554
2552
2550
2549
2547
2545
2544
2542
2540
2538
2537
2535
2533
2532
2530
2528
2526
2525
2523
2521
2520
2518
2516
2515
2513
2511
2509
2508
2506
2504
2503
2501
2499
2498
2496
2494
2492
2491
2489
2487
2486
2484
2482
2480
2479
2477
2475
2474
2472
2470
2469
2467
2465
2463
2462
2460
2458
2457
2455
2453
2451
2450
2448
2446
2445
2443
2441
2440
2438
2436
2434
2433
2431
2429
2428
2426
2424
2423
2421
2419
2417
2416
2414
2412
2411
2409
2407
2406
2404
2402
2400
2399
2397
2395
2394
2392
2390
2389
2387
2385
2383
2382
2380
2378
2377
2375
2373
2372
2370
2368
2367
2365
2363
2361
2360
2358
2356
2355
2353
2351
2350
2348
2346
2345
2343
2341
2340
2338
2336
2334
2333
2331
2329
2328
2326
2324
2323
2321
2319
2318
2316
2314
2313
2311
2309
2308
2306
2304
2303
2301
2299
2298
2296
2294
2293
2291
2289
2288
2286
2284
2283
2281
2279
2278
2276
2274
2273
2271
2269
2268
2266
2264
2263
2261
2259
2258
2256
2254
2253
2251
2250
2248
2246
2245
2243
2241
2240
2238
2236
2235
2233
2231
2230
2228
2227
2225
2223
2222
2220
2218
2217
2215
2213
2212
2210
2209
2207
2205
2204
2202
2200
2199
2197
2195
2194
2192
2191
2189
2187
2186
2184
2182
2181
2179
2178
2176
2174
2173
2171
2169
2168
2166
2165
2163
2161
2160
2158
2157
2155
2153
2152
2150
2148
2147
2145
2144
2142
2140
2139
2137
2136
2134
2132
2131
2129
2128
2126
2124
2123
2121
2120
2118
2116
2115
2113
2112
2110
2109
2107
2105
2104
2102
2101
2099
2097
2096
2094
2093
2091
2090
2088
2086
2085
2083
2082
2080
2079
2077
2075
2074
2072
2071
2069
2068
2066
2064
2063
2061
2060
2058
2057
2055
2054
2052
2050
2049
2047
2046
2044
2043
2041
2040
2038
2036
2035
2033
2032
2030
2029
2027
2026
2024
2023
2021
2019
2018
2016
2015
2013
2012
2010
2009
2007
2006
2004
2003
2001
2000
1998
1996
1995
1993
1992
1990
1989
1987
1986
1984
1983
1981
1980
1978
1977
1975
1974
1972
1971
1969
1968
1966
1965
1963
1962
1960
1959
1957
1956
1954
1953
1951
1950
1948
1947
1945
1944
1942
1941
1939
1938
1936
1935
1933
1932
1930
1929
1927
1926
1924
1923
1921
1920
1918
1917
1915
1914
1912
1911
1909
1908
1906
1905
1903
1902
1900
1899
1897
1896
1894
1893
1891
1890
1888
1887
1885
1884
1882
1881
1879
1878
1876
1875
1873
1872
1870
1869
1868
1866
1865
1863
1862
1860
1859
1857
1856
1854
1853
1851
1850
1848
1847
1845
1844
1842
1841
1839
1838
1837
1835
1834
1832
1831
1829
1828
1826
1825
1823
1822
1820
1819
1817
1816
1815
1813
1812
1810
1809
1807
1806
1804
1803
1801
1800
1798
1797
1796
1794
1793
1791
1790
1788
1787
1785
1784
1782
1781
1780
1778
1777
1775
1774
1772
1771
1769
1768
1766
1765
1764
1762
1761
1759
1758
1756
1755
1753
1752
1751
1749
1748
1746
1745
1743
1742
1740
1739
1738
1736
1735
1733
1732
1730
1729
1727
1726
1725
1723
1722
1720
1719
1717
1716
1714
1713
1712
1710
1709
1707
1706
1704
1703
1702
1700
1699
1697
1696
1694
1693
1692
1690
1689
1687
1686
1684
1683
1682
1680
1679
1677
1676
1675
1673
1672
1670
1669
1667
1666
1665
1663
1662
1660
1659
1658
1656
1655
1653
1652
1651
1649
1648
1646
1645
1644
1642
1641
1639
1638
1637
1635
1634
1632
1631
1630
1628
1627
1626
1624
1623
1621
1620
1619
1617
1616
1614
1613
1612
1610
1609
1608
1606
1605
1603
1602
1601
1599
1598
1597
1595
1594
1592
1591
1590
1588
1587
1586
1584
1583
1582
1580
1579
1578
1576
1575
1573
1572
1571
1569
1568
1567
1565
1564
1563
1561
1560
1559
1557
1556
1555
1553
1552
1551
1549
1548
1547
1545
1544
1543
1541
1540
1539
1537
1536
1535
1533
1532
1531
1529
1528
1527
1525
1524
1523
1521
1520
1519
1517
1516
1515
1513
1512
1511
1509
1508
1507
1506
1504
1503
1502
1500
1499
1498
1496
1495
1494
1492
1491
1490
1489
1487
1486
1485
1483
1482
1481
1479
1478
1477
1476
1474
1473
1472
1470
1469
1468
1467
1465
1464
1463
1461
1460
1459
1458
1456
1455
1454
1453
1451
1450
1449
1447
1446
1445
1444
1442
1441
1440
1438
1437
1436
1435
1433
1432
1431
1430
1428
1427
1426
1425
1423
1422
1421
1419
1418
1417
1416
1414
1413
1412
1411
1409
1408
1407
1406
1404
1403
1402
1401
1399
1398
1397
1396
1394
1393
1392
1391
1389
1388
1387
1386
1384
1383
1382
1381
1379
1378
1377
1376
1374
1373
1372
1371
1369
1368
1367
1366
1364
1363
1362
1361
1359
1358
1357
1356
1354
1353
1352
1351
1350
1348
1347
1346
1345
1343
1342
1341
1340
1338
1337
1336
1335
1333
1332
1331
1330
1329
1327
1326
1325
1324
1322
1321
1320
1319
1317
1316
1315
1314
1312
1311
1310
1309
1308
1306
1305
1304
1303
1301
1300
1299
1298
1296
1295
1294
1293
1292
1290
1289
1288
1287
1285
1284
1283
1282
1280
1279
1278
1277
1275
1274
1273
1272
1271
1269
1268
1267
1266
1264
1263
1262
1261
1259
1258
1257
1256
1255
1253
1252
1251
1250
1248
1247
1246
1245
1243
1242
1241
1240
1239
1237
1236
1235
1234
1232
1231
1230
1229
1227
1226
1225
1224
1223
1221
1220
1219
1218
1216
1215
1214
1213
1211
1210
1209
1208
1207
1205
1204
1203
1202
1200
1199
1198
1197
1196
1194
1193
1192
1191
1190
1188
1187
1186
1185
1183
1182
1181
1180
1179
1177
1176
1175
1174
1173
1171
1170
1169
1168
1167
1165
1164
1163
1162
1161
1159
1158
1157
1156
1155
1153
1152
1151
1150
1149
1147
1146
1145
1144
1143
1141
1140
1139
1138
1137
1136
1134
1133
1132
1131
1130
1128
1127
1126
1125
1124
1122
1121
1120
1119
1118
1117
1115
1114
1113
1112
1111
1110
1108
1107
1106
1105
1104
1102
1101
1100
1099
1098
1097
1095
1094
1093
1092
1091
1090
1088
1087
1086
1085
1084
1083
1082
1080
1079
1078
1077
1076
1075
1073
1072
1071
1070
1069
1068
1066
1065
1064
1063
1062
1061
1060
1058
1057
1056
1055
1054
1053
1052
1050
1049
1048
1047
1046
1045
1043
1042
1041
1040
1039
1038
1037
1035
1034
1033
1032
1031
1030
1029
1028
1026
1025
1024
1023
1022
1021
1020
1018
1017
1016
1015
1014
1013
1012
1011
1009
1008
1007
1006
1005
1004
1003
1001
1000
999
998
997
996
995
994
992
991
990
989
988
987
986
985
984
982
981
980
979
978
977
976
975
973
972
971
970
969
968
967
966
964
963
962
961
960
959
958
957
956
954
953
952
951
950
949
948
947
945
944
943
942
941
940
939
938
937
935
934
933
932
931
930
929
928
927
925
924
923
922
921
920
919
918
917
915
914
913
912
911
910
909
908
907
905
904
903
902
901
900
899
898
897
896
894
893
892
891
890
889
888
887
886
884
883
882
881
880
879
878
877
876
874
873
872
871
870
869
868
867
866
864
863
862
861
860
859
858
857
856
854
853
852
851
850
849
848
847
846
845
843
842
841
840
839
838
837
836
835
833
832
831
830
829
828
827
826
825
823
822
821
820
819
818
817
816
815
814
812
811
810
809
808
807
806
805
804
802
801
800
799
798
797
796
795
794
792
791
790
789
788
787
786
785
784
783
781
780
779
778
777
776
775
774
773
771
770
769
768
767
766
765
764
763
762
760
759
758
757
756
755
754
753
752
751
749
748
747
746
745
744
743
742
741
740
739
737
736
735
734
733
732
731
730
729
728
727
725
724
723
722
721
720
719
718
717
716
715
713
712
711
710
709
708
707
706
705
704
703
702
701
699
698
697
696
695
694
693
692
691
690
689
688
687
685
684
683
682
681
680
679
678
677
676
675
674
673
672
671
670
668
667
666
665
664
663
662
661
660
659
658
657
656
655
654
653
652
651
649
648
647
646
645
644
643
642
641
640
639
638
637
636
635
634
633
632
631
630
629
628
627
626
624
623
622
621
620
619
618
617
616
615
614
613
612
611
610
609
608
607
606
605
604
603
602
601
600
599
598
597
596
595
594
593
592
591
590
589
588
587
586
585
583
582
581
580
579
578
577
576
575
574
573
572
571
570
569
568
567
566
565
564
563
562
561
560
559
558
557
556
555
554
553
552
551
550
549
548
547
546
545
544
543
542
541
540
539
538
537
536
535
534
533
532
531
530
529
528
527
526
525
524
523
522
521
520
519
518
517
516
515
514
513
512
511
510
509
508
507
506
505
504
503
502
501
500
499
498
497
496
495
494
493
492
491
490
489
488
487
486
485
484
483
482
481
480
479
478
477
476
475
474
473
472
471
470
469
468
467
466
466
465
464
463
462
461
460
459
458
457
456
455
454
453
452
451
450
449
448
447
446
445
444
443
442
441
440
439
438
437
436
435
434
433
432
431
430
429
428
427
426
425
424
423
422
421
420
419
418
417
416
415
414
413
413
412
411
410
409
408
407
406
405
404
403
402
401
400
399
398
397
396
395
394
393
392
391
390
389
388
387
386
385
384
383
382
381
380
379
379
378
377
376
375
374
373
372
371
370
369
368
367
366
365
364
363
362
361
360
359
358
357
356
355
355
354
353
352
351
350
349
348
347
346
345
344
343
342
341
340
339
338
337
336
336
335
334
333
332
331
330
329
328
327
326
325
324
323
322
321
321
320
319
318
317
316
315
314
313
312
311
310
309
308
308
307
306
305
304
303
302
301
300
299
298
297
296
296
295
294
293
292
291
290
289
288
287
286
285
285
284
283
282
281
280
279
278
277
276
276
275
274
273
272
271
270
269
268
267
266
266
265
264
263
262
261
260
259
258
258
257
256
255
254
253
252
251
250
249
249
248
247
246
245
244
243
242
241
241
240
239
238
237
236
235
234
234
233
232
231
230
229
228
227
226
226
225
224
223
222
221
220
219
219
218
217
216
215
214
213
213
212
211
210
209
208
207
206
206
205
204
203
202
201
200
200
199
198
197
196
195
194
193
193
192
191
190
189
188
187
187
186
185
184
183
182
181
181
180
179
178
177
176
175
175
174
173
172
171
170
169
169
168
167
166
165
164
164
163
162
161
160
159
158
158
157
156
155
154
153
153
152
151
150
149
148
147
147
146
145
144
143
142
142
141
140
139
138
137
136
136
135
134
133
132
131
131
130
129
128
127
126
125
125
124
123
122
121
120
120
119
118
117
116
115
115
114
113
112
111
110
110
109
108
107
106
105
104
104
103
102
101
100
99
99
98
97
96
95
94
94
93
92
91
90
89
89
88
87
86
85
84
84
83
82
81
80
79
79
78
77
76
75
75
74
73
72
71
70
70
69
68
67
66
65
65
64
63
62
61
60
60
59
58
57
56
56
55
54
53
52
51
51
50
49
48
47
46
46
45
44
43
42
42
41
40
39
38
38
37
36
35
34
33
33
32
31
30
29
29
28
27
26
25
25
24
23
22
21
21
20
19
18
17
17
16
15
14
13
13
12
11
10
9
9
8
7
6
5
5
4
3
2
1
1
0
0
-1
-2
-2
-3
-4
-5
-6
-6
-7
-8
-9
-10
-10
-11
-12
-13
-13
-14
-15
-16
-17
-17
-18
-19
-20
-20
-21
-22
-23
-24
-24
-25
-26
-27
-27
-28
-29
-30
-31
-31
-32
-33
-34
-34
-35
-36
-37
-38
-38
-39
-40
-41
-41
-42
-43
-44
-44
-45
-46
-47
-47
-48
-49
-50
-51
-51
-52
-53
-54
-54
-55
-56
-57
-57
-58
-59
-60
-60
-61
-62
-63
-63
-64
-65
-66
-66
-67
-68
-69
-69
-70
-71
-72
-72
-73
-74
-75
-75
-76
-77
-78
-78
-79
-80
-81
-81
-82
-83
-84
-84
-85
-86
-87
-87
-88
-89
-89
-90
-91
-92
-92
-93
-94
-95
-95
-96
-97
-98
-98
-99
-100
-101
-101
-102
-103
-103
-104
-105
-106
-106
-107
-108
-109
-109
-110
-111
-112
-112
-113
-114
-114
-115
-116
-117
-117
-118
-119
-120
-120
-121
-122
-123
-123
-124
-125
-125
-126
-127
-128
-128
-129
-130
-131
-131
-132
-133
-133
-134
-135
-136
-136
-137
-138
-139
-139
-140
-141
-141
-142
-143
-144
-144
-145
-146
-147
-147
-148
-149
-149
-150
-151
-152
-152
-153
-154
-154
-155
-156
-157
-157
-158
-159
-160
-160
-161
-162
-162
-163
-164
-165
-165
-166
-167
-167
-168
-169
-170
-170
-171
-172
-172
-173
-174
-175
-175
-176
-177
-178
-178
-179
-180
-180
-181
-182
-183
-183
-184
-185
-185
-186
-187
-188
-188
-189
-190
-190
-191
-192
-192
-193
-194
-195
-195
-196
-197
-197
-198
-199
-200
-200
-201
-202
-202
-203
-204
-205
-205
-206
-207
-207
-208
-209
-209
-210
-211
-212
-212
-213
-214
-214
-215
-216
-217
-217
-218
-219
-219
-220
-221
-221
-222
-223
-224
-224
-225
-226
-226
-227
-228
-228
-229
-230
-231
-231
-232
-233
-233
-234
-235
-235
-236
-237
-238
-238
-239
-240
-240
-241
-242
-242
-243
-244
-245
-245
-246
-247
-247
-248
-249
-249
-250
-251
-251
-252
-253
-253
-254
-255
-256
-256
-257
-258
-258
-259
-260
-260
-261
-262
-262
-263
-264
-264
-265
-266
-267
-267
-268
-269
-269
-270
-271
-271
-272
-273
-273
-274
-275
-275
-276
-277
-277
-278
-279
-279
-280
-281
-282
-282
-283
-284
-284
-285
-286
-286
-287
-288
-288
-289
-290
-290
-291
-292
-292
-293
-294
-294
-295
-296
-296
-297
-298
-298
-299
-300
-300
-301
-302
-302
-303
-304
-304
-305
-306
-306
-307
-308
-308
-309
-310
-310
-311
-312
-312
-313
-314
-314
-315
-316
-316
-317
-318
-318
-319
-319
-320
-321
-321
-322
-323
-323
-324
-325
-325
-326
-327
-327
-328
-329
-329
-330
-331
-331
-332
-333
-333
-334
-334
-335
-336
-336
-337
-338
-338
-339
-340
-340
-341
-342
-342
-343
-344
-344
-345
-345
-346
-347
-347
-348
-349
-349
-350
-351
-351
-352
-353
-353
-354
-354
-355
-356
-356
-357
-358
-358
-359
-360
-360
-361
-361
-362
-363
-363
-364
-365
-365
-366
-367
-367
-368
-368
-369
-370
-370
-371
-372
-372
-373
-374
-374
-375
-376
-376
-377
-377
-378
-379
-379
-380
-381
-381
-382
-382
-383
-384
-384
-385
-386
-386
-387
-388
-388
-389
-389
-390
-391
-391
-392
-393
-393
-394
-395
-395
-396
-396
-397
-398
-398
-399
-400
-400
-401
-401
-402
-403
-403
-404
-405
-405
-406
-407
-407
-408
-408
-409
-410
-410
-411
-412
-412
-413
-413
-414
-415
-415
-416
-417
-417
-418
-419
-419
-420
-420
-421
-422
-422
-423
-424
-424
-425
-425
-426
-427
-427
-428
-429
-429
-430
-430
-431
-432
-432
-433
-434
-434
-435
-435
-436
-437
-437
-438
-439
-439
-440
-440
-441
-442
-442
-443
-444
-444
-445
-445
-446
-447
-447
-448
-449
-449
-450
-450
-451
-452
-452
-453
-454
-454
-455
-455
-456
-457
-457
-458
-459
-459
-460
-460
-461
-462
-462
-463
-464
-464
-465
-465
-466
-467
-467
-468
-468
-469
-470
-470
-471
-472
-472
-473
-473
-474
-475
-475
-476
-477
-477
-478
-478
-479
-480
-480
-481
-481
-482
-483
-483
-484
-485
-485
-486
-486
-487
-488
-488
-489
-489
-490
-491
-491
-492
-492
-493
-494
-494
-495
-496
-496
-497
-497
-498
-499
-499
-500
-500
-501
-502
-502
-503
-503
-504
-505
-505
-506
-506
-507
-508
-508
-509
-509
-510
-511
-511
-512
-512
-513
-514
-514
-515
-515
-516
-517
-517
-518
-518
-519
-520
-520
-521
-521
-522
-523
-523
-524
-524
-525
-526
-526
-527
-527
-528
-529
-529
-530
-530
-531
-532
-532
-533
-533
-534
-535
-535
-536
-536
-537
-537
-538
-539
-539
-540
-540
-541
-542
-542
-543
-543
-544
-545
-545
-546
-546
-547
-547
-548
-549
-549
-550
-550
-551
-552
-552
-553
-553
-554
-555
-555
-556
-556
-557
-557
-558
-559
-559
-560
-560
-561
-561
-562
-563
-563
-564
-564
-565
-566
-566
-567
-567
-568
-568
-569
-570
-570
-571
-571
-572
-572
-573
-574
-574
-575
-575
-576
-576
-577
-578
-578
-579
-579
-580
-580
-581
-582
-582
-583
-583
-584
-584
-585
-586
-586
-587
-587
-588
-588
-589
-590
-590
-591
-591
-592
-592
-593
-594
-594
-595
-595
-596
-596
-597
-597
-598
-599
-599
-600
-600
-601
-601
-602
-603
-603
-604
-604
-605
-605
-606
-607
-607
-608
-608
-609
-609
-610
-610
-611
-612
-612
-613
-613
-614
-614
-615
-615
-616
-617
-617
-618
-618
-619
-619
-620
-621
-621
-622
-622
-623
-623
-624
-624
-625
-626
-626
-627
-627
-628
-628
-629
-629
-630
-631
-631
-632
-632
-633
-633
-634
-634
-635
-636
-636
-637
-637
-638
-638
-639
-639
-640
-641
-641
-642
-642
-643
-643
-644
-644
-645
-646
-646
-647
-647
-648
-648
-649
-649
-650
-651
-651
-652
-652
-653
-653
-654
-654
-655
-656
-656
-657
-657
-658
-658
-659
-659
-660
-660
-661
-662
-662
-663
-663
-664
-664
-665
-665
-666
-666
-667
-668
-668
-669
-669
-670
-670
-671
-671
-672
-672
-673
-674
-674
-675
-675
-676
-676
-677
-677
-678
-678
-679
-680
-680
-681
-681
-682
-682
-683
-683
-684
-684
-685
-685
-686
-687
-687
-688
-688
-689
-689
-690
-690
-691
-691
-692
-692
-693
-693
-694
-695
-695
-696
-696
-697
-697
-698
-698
-699
-699
-700
-700
-701
-701
-702
-702
-703
-703
-704
-705
-705
-706
-706
-707
-707
-708
-708
-709
-709
-710
-710
-711
-711
-712
-712
-713
-713
-714
-714
-715
-715
-716
-716
-717
-718
-718
-719
-719
-720
-720
-721
-721
-722
-722
-723
-723
-724
-724
-725
-725
-726
-726
-727
-727
-728
-728
-729
-729
-730
-730
-731
-731
-732
-732
-733
-733
-734
-734
-735
-735
-736
-736
-737
-737
-738
-738
-739
-739
-740
-740
-741
-741
-742
-742
-743
-743
-744
-744
-745
-745
-746
-746
-747
-747
-748
-748
-749
-749
-750
-750
-751
-751
-752
-752
-753
-753
-754
-754
-755
-755
-756
-756
-757
-757
-758
-758
-759
-759
-760
-760
-761
-761
-762
-762
-763
-763
-764
-764
-764
-765
-765
-766
-766
-767
-767
-768
-768
-769
-769
-770
-770
-771
-771
-772
-772
-773
-773
-774
-774
-775
-775
-776
-776
-776
-777
-777
-778
-778
-779
-779
-780
-780
-781
-781
-782
-782
-783
-783
-784
-784
-785
-785
-785
-786
-786
-787
-787
-788
-788
-789
-789
-790
-790
-791
-791
-792
-792
-792
-793
-793
-794
-794
-795
-795
-796
-796
-797
-797
-798
-798
-799
-799
-799
-800
-800
-801
-801
-802
-802
-803
-803
-804
-804
-805
-805
-805
-806
-806
-807
-807
-808
-808
-809
-809
-810
-810
-810
-811
-811
-812
-812
-813
-813
-814
-814
-815
-815
-815
-816
-816
-817
-817
-818
-818
-819
-819
-820
-820
-820
-821
-821
-822
-822
-823
-823
-824
-824
-825
-825
-825
-826
-826
-827
-827
-828
-828
-829
-829
-830
-830
-830
-831
-831
-832
-832
-833
-833
-834
-834
-834
-835
-835
-836
-836
-837
-837
-838
-838
-839
-839
-839
-840
-840
-841
-841
-842
-842
-843
-843
-843
-844
-844
-845
-845
-846
-846
-847
-847
-847
-848
-848
-849
-849
-850
-850
-851
-851
-851
-852
-852
-853
-853
-854
-854
-855
-855
-855
-856
-856
-857
-857
-858
-858
-858
-859
-859
-860
-860
-861
-861
-862
-862
-862
-863
-863
-864
-864
-865
-865
-866
-866
-866
-867
-867
-868
-868
-869
-869
-869
-870
-870
-871
-871
-872
-872
-872
-873
-873
-874
-874
-875
-875
-875
-876
-876
-877
-877
-878
-878
-878
-879
-879
-880
-880
-881
-881
-881
-882
-882
-883
-883
-884
-884
-884
-885
-885
-886
-886
-887
-887
-887
-888
-888
-889
-889
-890
-890
-890
-891
-891
-892
-892
-892
-893
-893
-894
-894
-895
-895
-895
-896
-896
-897
-897
-897
-898
-898
-899
-899
-900
-900
-900
-901
-901
-902
-902
-902
-903
-903
-904
-904
-905
-905
-905
-906
-906
-907
-907
-907
-908
-908
-909
-909
-909
-910
-910
-911
-911
-912
-912
-912
-913
-913
-914
-914
-914
-915
-915
-916
-916
-916
-917
-917
-918
-918
-918
-919
-919
-920
-920
-920
-921
-921
-922
-922
-922
-923
-923
-924
-924
-924
-925
-925
-926
-926
-926
-927
-927
-928
-928
-929
-929
-929
-930
-930
-931
-931
-931
-932
-932
-933
-933
-933
-934
-934
-935
-935
-935
-936
-936
-937
-937
-937
-938
-938
-938
-939
-939
-940
-940
-940
-941
-941
-942
-942
-942
-943
-943
-944
-944
-944
-945
-945
-946
-946
-946
-947
-947
-948
-948
-948
-949
-949
-950
-950
-950
-951
-951
-952
-952
-952
-953
-953
-954
-954
-954
-955
-955
-955
-956
-956
-957
-957
-957
-958
-958
-959
-959
-959
-960
-960
-961
-961
-961
-962
-962
-963
-963
-963
-964
-964
-964
-965
-965
-966
-966
-966
-967
-967
-968
-968
-968
-969
-969
-970
-970
-970
-971
-971
-972
-972
-972
-973
-973
-973
-974
-974
-975
-975
-975
-976
-976
-977
-977
-977
-978
-978
-979
-979
-979
-980
-980
-980
-981
-981
-982
-982
-982
-983
-983
-984
-984
-984
-985
-985
-986
-986
-986
-987
-987
-987
-988
-988
-989
-989
-989
-990
-990
-991
-991
-991
-992
-992
-993
-993
-993
-994
-994
-994
-995
-995
-996
-996
-996
-997
-997
-998
-998
-998
-999
-999
-1000
-1000
-1000
-1001
-1001
-1001
-1002
-1002
-1003
-1003
-1003
-1004
-1004
-1005
-1005
-1005
-1006
-1006
-1007
-1007
-1007
-1008
-1008
-1008
-1009
-1009
-1010
-1010
-1010
-1011
-1011
-1012
-1012
-1012
-1013
-1013
-1013
-1014
-1014
-1015
-1015
-1015
-1016
-1016
-1017
-1017
-1017
-1018
-1018
-1019
-1019
-1019
-1020
-1020
-1020
-1021
-1021
-1022
-1022
-1022
-1023
-1023
-1024
-1024
-1024
-1025
-1025
-1025
-1026
-1026
-1027
-1027
-1027
-1028
-1028
-1029
-1029
-1029
-1030
-1030
-1030
-1031
-1031
-1032
-1032
-1032
-1033
-1033
-1034
-1034
-1034
-1035
-1035
-1035
-1036
-1036
-1037
-1037
-1037
-1038
-1038
-1039
-1039
-1039
-1040
-1040
-1040
-1041
-1041
-1042
-1042
-1042
-1043
-1043
-1043
-1044
-1044
-1045
-1045
-1045
-1046
-1046
-1046
-1047
-1047
-1048
-1048
-1048
-1049
-1049
-1050
-1050
-1050
-1051
-1051
-1051
-1052
-1052
-1053
-1053
-1053
-1054
-1054
-1054
-1055
-1055
-1056
-1056
-1056
-1057
-1057
-1057
-1058
-1058
-1059
-1059
-1059
-1060
-1060
-1060
-1061
-1061
-1061
-1062
-1062
-1063
-1063
-1063
-1064
-1064
-1064
-1065
-1065
-1066
-1066
-1066
-1067
-1067
-1067
-1068
-1068
-1069
-1069
-1069
-1070
-1070
-1070
-1071
-1071
-1072
-1072
-1072
-1073
-1073
-1073
-1074
-1074
-1074
-1075
-1075
-1076
-1076
-1076
-1077
-1077
-1077
-1078
-1078
-1079
-1079
-1079
-1080
-1080
-1080
-1081
-1081
-1081
-1082
-1082
-1083
-1083
-1083
-1084
-1084
-1084
-1085
-1085
-1086
-1086
-1086
-1087
-1087
-1087
-1088
-1088
-1088
-1089
-1089
-1090
-1090
-1090
-1091
-1091
-1091
-1092
-1092
-1092
-1093
-1093
-1094
-1094
-1094
-1095
-1095
-1095
-1096
-1096
-1096
-1097
-1097
-1098
-1098
-1098
-1099
-1099
-1099
-1100
-1100
-1100
-1101
-1101
-1102
-1102
-1102
-1103
-1103
-1103
-1104
-1104
-1104
-1105
-1105
-1106
-1106
-1106
-1107
-1107
-1107
-1108
-1108
-1108
-1109
-1109
-1110
-1110
-1110
-1111
-1111
-1111
-1112
-1112
-1112
-1113
-1113
-1113
-1114
-1114
-1115
-1115
-1115
-1116
-1116
-1116
-1117
-1117
-1117
-1118
-1118
-1119
-1119
-1119
-1120
-1120
-1120
-1121
-1121
-1121
-1122
-1122
-1122
-1123
-1123
-1123
-1124
-1124
-1125
-1125
-1125
-1126
-1126
-1126
-1127
-1127
-1127
-1128
-1128
-1128
-1129
-1129
-1130
-1130
-1130
-1131
-1131
-1131
-1132
-1132
-1132
-1133
-1133
-1133
-1134
-1134
-1134
-1135
-1135
-1135
-1136
-1136
-1137
-1137
-1137
-1138
-1138
-1138
-1139
-1139
-1139
-1140
-1140
-1140
-1141
-1141
-1141
-1142
-1142
-1142
-1143
-1143
-1144
-1144
-1144
-1145
-1145
-1145
-1146
-1146
-1146
-1147
-1147
-1147
-1148
-1148
-1148
-1149
-1149
-1149
-1150
-1150
-1150
-1151
-1151
-1151
-1152
-1152
-1152
-1153
-1153
-1153
-1154
-1154
-1154
-1155
-1155
-1155
-1156
-1156
-1157
-1157
-1157
-1158
-1158
-1158
-1159
-1159
-1159
-1160
-1160
-1160
-1161
-1161
-1161
-1162
-1162
-1162
-1163
-1163
-1163
-1164
-1164
-1164
-1165
-1165
-1165
-1166
-1166
-1166
-1167
-1167
-1167
-1168
-1168
-1168
-1169
-1169
-1169
-1170
-1170
-1170
-1171
-1171
-1171
-1171
-1172
-1172
-1172
-1173
-1173
-1173
-1174
-1174
-1174
-1175
-1175
-1175
-1176
-1176
-1176
-1177
-1177
-1177
-1178
-1178
-1178
-1179
-1179
-1179
-1180
-1180
-1180
-1181
-1181
-1181
-1182
-1182
-1182
-1182
-1183
-1183
-1183
-1184
-1184
-1184
-1185
-1185
-1185
-1186
-1186
-1186
-1187
-1187
-1187
-1188
-1188
-1188
-1188
-1189
-1189
-1189
-1190
-1190
-1190
-1191
-1191
-1191
-1192
-1192
-1192
-1193
-1193
-1193
-1193
-1194
-1194
-1194
-1195
-1195
-1195
-1196
-1196
-1196
-1197
-1197
-1197
-1197
-1198
-1198
-1198
-1199
-1199
-1199
-1200
-1200
-1200
-1201
-1201
-1201
-1201
-1202
-1202
-1202
-1203
-1203
-1203
-1204
-1204
-1204
-1204
-1205
-1205
-1205
-1206
-1206
-1206
-1207
-1207
-1207
-1208
-1208
-1208
-1208
-1209
-1209
-1209
-1210
-1210
-1210
-1211
-1211
-1211
-1211
-1212
-1212
-1212
-1213
-1213
-1213
-1213
-1214
-1214
-1214
-1215
-1215
-1215
-1216
-1216
-1216
-1216
-1217
-1217
-1217
-1218
-1218
-1218
-1219
-1219
-1219
-1219
-1220
-1220
-1220
-1221
-1221
-1221
-1221
-1222
-1222
-1222
-1223
-1223
-1223
-1224
-1224
-1224
-1224
-1225
-1225
-1225
-1226
-1226
-1226
-1226
-1227
-1227
-1227
-1228
-1228
-1228
-1228
-1229
-1229
-1229
-1230
-1230
-1230
-1231
-1231
-1231
-1231
-1232
-1232
-1232
-1233
-1233
-1233
-1233
-1234
-1234
-1234
-1235
-1235
-1235
-1235
-1236
-1236
-1236
-1237
-1237
-1237
-1237
-1238
-1238
-1238
-1239
-1239
-1239
-1239
-1240
-1240
-1240
-1241
-1241
-1241
-1241
-1242
-1242
-1242
-1243
-1243
-1243
-1243
-1244
-1244
-1244
-1245
-1245
-1245
-1245
-1246
-1246
-1246
-1246
-1247
-1247
-1247
-1248
-1248
-1248
-1248
-1249
-1249
-1249
-1250
-1250
-1250
-1250
-1251
-1251
-1251
-1251
-1252
-1252
-1252
-1253
-1253
-1253
-1253
-1254
-1254
-1254
-1255
-1255
-1255
-1255
-1256
-1256
-1256
-1256
-1257
-1257
-1257
-1257
-1258
-1258
-1258
-1259
-1259
-1259
-1259
-1260
-1260
-1260
-1260
-1261
-1261
-1261
-1262
-1262
-1262
-1262
-1263
-1263
-1263
-1263
-1264
-1264
-1264
-1264
-1265
-1265
-1265
-1266
-1266
-1266
-1266
-1267
-1267
-1267
-1267
-1268
-1268
-1268
-1268
-1269
-1269
-1269
-1270
-1270
-1270
-1270
-1271
-1271
-1271
-1271
-1272
-1272
-1272
-1272
-1273
-1273
-1273
-1273
-1274
-1274
-1274
-1274
-1275
-1275
-1275
-1276
-1276
-1276
-1276
-1277
-1277
-1277
-1277
-1278
-1278
-1278
-1278
-1279
-1279
-1279
-1279
-1280
-1280
-1280
-1280
-1281
-1281
-1281
-1281
-1282
-1282
-1282
-1282
-1283
-1283
-1283
-1283
-1284
-1284
-1284
-1284
-1285
-1285
-1285
-1286
-1286
-1286
-1286
-1287
-1287
-1287
-1287
-1288
-1288
-1288
-1288
-1289
-1289
-1289
-1289
-1290
-1290
-1290
-1290
-1291
-1291
-1291
-1291
-1292
-1292
-1292
-1292
-1293
-1293
-1293
-1293
-1294
-1294
-1294
-1294
-1295
-1295
-1295
-1295
-1295
-1296
-1296
-1296
-1296
-1297
-1297
-1297
-1297
-1298
-1298
-1298
-1298
-1299
-1299
-1299
-1299
-1300
-1300
-1300
-1300
-1301
-1301
-1301
-1301
-1302
-1302
-1302
-1302
-1303
-1303
-1303
-1303
-1304
-1304
-1304
-1304
-1305
-1305
-1305
-1305
-1305
-1306
-1306
-1306
-1306
-1307
-1307
-1307
-1307
-1308
-1308
-1308
-1308
-1309
-1309
-1309
-1309
-1310
-1310
-1310
-1310
-1311
-1311
-1311
-1311
-1311
-1312
-1312
-1312
-1312
-1313
-1313
-1313
-1313
-1314
-1314
-1314
-1314
-1315
-1315
-1315
-1315
-1316
-1316
-1316
-1316
-1317
-1317
-1317
-1317
-1317
-1318
-1318
-1318
-1318
-1319
-1319
-1319
-1319
-1320
-1320
-1320
-1320
-1321
-1321
-1321
-1321
-1322
-1322
-1322
-1322
-1322
-1323
-1323
-1323
-1323
-1324
-1324
-1324
-1324
-1325
-1325
-1325
-1325
-1326
-1326
-1326
-1326
-1327
-1327
-1327
-1327
-1328
-1328
-1328
-1328
-1328
-1329
-1329
-1329
-1329
-1330
-1330
-1330
-1330
-1331
-1331
-1331
-1331
-1332
-1332
-1332
-1332
-1333
-1333
-1333
-1333
-1333
-1334
-1334
-1334
-1334
-1335
-1335
-1335
-1335
-1336
-1336
-1336
-1336
-1337
-1337
-1337
-1337
-1337
-1338
-1338
-1338
-1338
-1339
-1339
-1339
-1339
-1340
-1340
-1340
-1340
-1341
-1341
-1341
-1341
-1342
-1342
-1342
-1342
-1342
-1343
-1343
-1343
-1343
-1344
-1344
-1344
-1344
-1345
-1345
-1345
-1345
-1345
-1346
-1346
-1346
-1346
-1347
-1347
-1347
-1347
-1348
-1348
-1348
-1348
-1349
-1349
-1349
-1349
-1349
-1350
-1350
-1350
-1350
-1351
-1351
-1351
-1351
-1352
-1352
-1352
-1352
-1352
-1353
-1353
-1353
-1353
-1354
-1354
-1354
-1354
-1355
-1355
-1355
-1355
-1355
-1356
-1356
-1356
-1356
-1357
-1357
-1357
-1357
-1357
-1358
-1358
-1358
-1358
-1359
-1359
-1359
-1359
-1359
-1360
-1360
-1360
-1360
-1361
-1361
-1361
-1361
-1362
-1362
-1362
-1362
-1362
-1363
-1363
-1363
-1363
-1364
-1364
-1364
-1364
-1364
-1365
-1365
-1365
-1365
-1366
-1366
-1366
-1366
-1366
-1367
-1367
-1367
-1367
-1367
-1368
-1368
-1368
-1368
-1369
-1369
-1369
-1369
-1369
-1370
-1370
-1370
-1370
-1371
-1371
-1371
-1371
-1371
-1372
-1372
-1372
-1372
-1372
-1373
-1373
-1373
-1373
-1374
-1374
-1374
-1374
-1374
-1375
-1375
-1375
-1375
-1376
-1376
-1376
-1376
-1376
-1377
-1377
-1377
-1377
-1377
-1378
-1378
-1378
-1378
-1378
-1379
-1379
-1379
-1379
-1380
-1380
-1380
-1380
-1380
-1381
-1381
-1381
-1381
-1381
-1382
-1382
-1382
-1382
-1383
-1383
-1383
-1383
-1383
-1384
-1384
-1384
-1384
-1384
-1385
-1385
-1385
-1385
-1385
-1386
-1386
-1386
-1386
-1387
-1387
-1387
-1387
-1387
-1388
-1388
-1388
-1388
-1388
-1389
-1389
-1389
-1389
-1389
-1390
-1390
-1390
-1390
-1390
-1391
-1391
-1391
-1391
-1392
-1392
-1392
-1392
-1392
-1393
-1393
-1393
-1393
-1393
-1394
-1394
-1394
-1394
-1394
-1395
-1395
-1395
-1395
-1395
-1396
-1396
-1396
-1396
-1397
-1397
-1397
-1397
-1397
-1398
-1398
-1398
-1398
-1398
-1399
-1399
-1399
-1399
-1399
-1400
-1400
-1400
-1400
-1400
-1401
-1401
-1401
-1401
-1401
-1402
-1402
-1402
-1402
-1402
-1403
-1403
-1403
-1403
-1403
-1404
-1404
-1404
-1404
-1404
-1405
-1405
-1405
-1405
-1406
-1406
-1406
-1406
-1406
-1407
-1407
-1407
-1407
-1407
-1408
-1408
-1408
-1408
-1408
-1409
-1409
-1409
-1409
-1409
-1410
-1410
-1410
-1410
-1410
-1411
-1411
-1411
-1411
-1411
-1412
-1412
-1412
-1412
-1412
-1413
-1413
-1413
-1413
-1413
-1414
-1414
-1414
-1414
-1414
-1415
-1415
-1415
-1415
-1415
-1416
-1416
-1416
-1416
-1416
-1417
-1417
-1417
-1417
-1417
-1418
-1418
-1418
-1418
-1418
-1419
-1419
-1419
-1419
-1419
-1420
-1420
-1420
-1420
-1420
-1421
-1421
-1421
-1421
-1421
-1422
-1422
-1422
-1422
-1422
-1423
-1423
-1423
-1423
-1423
-1424
-1424
-1424
-1424
-1424
-1425
-1425
-1425
-1425
-1425
-1426
-1426
-1426
-1426
-1426
-1426
-1427
-1427
-1427
-1427
-1427
-1428
-1428
-1428
-1428
-1428
-1429
-1429
-1429
-1429
-1429
-1430
-1430
-1430
-1430
-1430
-1431
-1431
-1431
-1431
-1431
-1431
-1432
-1432
-1432
-1432
-1432
-1433
-1433
-1433
-1433
-1433
-1434
-1434
-1434
-1434
-1434
-1434
-1435
-1435
-1435
-1435
-1435
-1436
-1436
-1436
-1436
-1436
-1437
-1437
-1437
-1437
-1437
-1437
-1438
-1438
-1438
-1438
-1438
-1439
-1439
-1439
-1439
-1439
-1439
-1440
-1440
-1440
-1440
-1440
-1441
-1441
-1441
-1441
-1441
-1441
-1442
-1442
-1442
-1442
-1442
-1443
-1443
-1443
-1443
-1443
-1443
-1444
-1444
-1444
-1444
-1444
-1445
-1445
-1445
-1445
-1445
-1445
-1446
-1446
-1446
-1446
-1446
-1446
-1447
-1447
-1447
-1447
-1447
-1447
-1448
-1448
-1448
-1448
-1448
-1449
-1449
-1449
-1449
-1449
-1449
-1450
-1450
-1450
-1450
-1450
-1450
-1451
-1451
-1451
-1451
-1451
-1451
-1452
-1452
-1452
-1452
-1452
-1452
-1453
-1453
-1453
-1453
-1453
-1453
-1454
-1454
-1454
-1454
-1454
-1454
-1455
-1455
-1455
-1455
-1455
-1455
-1456
-1456
-1456
-1456
-1456
-1456
-1457
-1457
-1457
-1457
-1457
-1457
-1458
-1458
-1458
-1458
-1458
-1458
-1459
-1459
-1459
-1459
-1459
-1459
-1460
-1460
-1460
-1460
-1460
-1460
-1461
-1461
-1461
-1461
-1461
-1461
-1462
-1462
-1462
-1462
-1462
-1462
-1462
-1463
-1463
-1463
-1463
-1463
-1463
-1464
-1464
-1464
-1464
-1464
-1464
-1465
-1465
-1465
-1465
-1465
-1465
-1466
-1466
-1466
-1466
-1466
-1466
-1467
-1467
-1467
-1467
-1467
-1467
-1468
-1468
-1468
-1468
-1468
-1468
-1468
-1469
-1469
-1469
-1469
-1469
-1469
-1470
-1470
-1470
-1470
-1470
-1470
-1471
-1471
-1471
-1471
-1471
-1471
-1471
-1472
-1472
-1472
-1472
-1472
-1472
-1473
-1473
-1473
-1473
-1473
-1473
-1474
-1474
-1474
-1474
-1474
-1474
-1474
-1475
-1475
-1475
-1475
-1475
-1475
-1476
-1476
-1476
-1476
-1476
-1476
-1477
-1477
-1477
-1477
-1477
-1477
-1477
-1478
-1478
-1478
-1478
-1478
-1478
-1479
-1479
-1479
-1479
-1479
-1479
-1479
-1480
-1480
-1480
-1480
-1480
-1480
-1481
-1481
-1481
-1481
-1481
-1481
-1482
-1482
-1482
-1482
-1482
-1482
-1482
-1483
-1483
-1483
-1483
-1483
-1483
-1484
-1484
-1484
-1484
-1484
-1484
-1484
-1485
-1485
-1485
-1485
-1485
-1485
-1486
-1486
-1486
-1486
-1486
-1486
-1486
-1487
-1487
-1487
-1487
-1487
-1487
-1487
-1488
-1488
-1488
-1488
-1488
-1488
-1489
-1489
-1489
-1489
-1489
-1489
-1489
-1490
-1490
-1490
-1490
-1490
-1490
-1490
-1491
-1491
-1491
-1491
-1491
-1491
-1492
-1492
-1492
-1492
-1492
-1492
-1492
-1493
-1493
-1493
-1493
-1493
-1493
-1493
-1494
-1494
-1494
-1494
-1494
-1494
-1494
-1495
-1495
-1495
-1495
-1495
-1495
-1495
-1496
-1496
-1496
-1496
-1496
-1496
-1497
-1497
-1497
-1497
-1497
-1497
-1497
-1498
-1498
-1498
-1498
-1498
-1498
-1498
-1499
-1499
-1499
-1499
-1499
-1499
-1499
-1500
-1500
-1500
-1500
-1500
-1500
-1500
-1500
-1501
-1501
-1501
-1501
-1501
-1501
-1501
-1502
-1502
-1502
-1502
-1502
-1502
-1502
-1503
-1503
-1503
-1503
-1503
-1503
-1503
-1504
-1504
-1504
-1504
-1504
-1504
-1504
-1505
-1505
-1505
-1505
-1505
-1505
-1505
-1506
-1506
-1506
-1506
-1506
-1506
-1506
-1506
-1507
-1507
-1507
-1507
-1507
-1507
-1507
-1508
-1508
-1508
-1508
-1508
-1508
-1508
-1509
-1509
-1509
-1509
-1509
-1509
-1509
-1509
-1510
-1510
-1510
-1510
-1510
-1510
-1510
-1511
-1511
-1511
-1511
-1511
-1511
-1511
-1512
-1512
-1512
-1512
-1512
-1512
-1512
-1512
-1513
-1513
-1513
-1513
-1513
-1513
-1513
-1514
-1514
-1514
-1514
-1514
-1514
-1514
-1515
-1515
-1515
-1515
-1515
-1515
-1515
-1515
-1516
-1516
-1516
-1516
-1516
-1516
-1516
-1517
-1517
-1517
-1517
-1517
-1517
-1517
-1517
-1518
-1518
-1518
-1518
-1518
-1518
-1518
-1519
-1519
-1519
-1519
-1519
-1519
-1519
-1519
-1520
-1520
-1520
-1520
-1520
-1520
-1520
-1521
-1521
-1521
-1521
-1521
-1521
-1521
-1522
-1522
-1522
-1522
-1522
-1522
-1522
-1522
-1523
-1523
-1523
-1523
-1523
-1523
-1523
-1524
-1524
-1524
-1524
-1524
-1524
-1524
-1524
-1525
-1525
-1525
-1525
-1525
-1525
-1525
-1526
-1526
-1526
-1526
-1526
-1526
-1526
-1526
-1527
-1527
-1527
-1527
-1527
-1527
-1527
-1528
-1528
-1528
-1528
-1528
-1528
-1528
-1528
-1529
-1529
-1529
-1529
-1529
-1529
-1529
-1530
-1530
-1530
-1530
-1530
-1530
-1530
-1530
-1531
-1531
-1531
-1531
-1531
-1531
-1531
-1532
-1532
-1532
-1532
-1532
-1532
-1532
-1532
-1533
-1533
-1533
-1533
-1533
-1533
-1533
-1533
-1534
-1534
-1534
-1534
-1534
-1534
-1534
-1535
-1535
-1535
-1535
-1535
-1535
-1535
-1535
-1536
-1536
-1536
-1536
-1536
-1536
-1536
-1536
-1537
-1537
-1537
-1537
-1537
-1537
-1537
-1537
-1538
-1538
-1538
-1538
-1538
-1538
-1538
-1538
-1539
-1539
-1539
-1539
-1539
-1539
-1539
-1539
-1540
-1540
-1540
-1540
-1540
-1540
-1540
-1540
-1541
-1541
-1541
-1541
-1541
-1541
-1541
-1541
-1542
-1542
-1542
-1542
-1542
-1542
-1542
-1542
-1543
-1543
-1543
-1543
-1543
-1543
-1543
-1543
-1544
-1544
-1544
-1544
-1544
-1544
-1544
-1544
-1545
-1545
-1545
-1545
-1545
-1545
-1545
-1545
-1545
-1546
-1546
-1546
-1546
-1546
-1546
-1546
-1546
-1547
-1547
-1547
-1547
-1547
-1547
-1547
-1547
-1547
-1548
-1548
-1548
-1548
-1548
-1548
-1548
-1548
-1549
-1549
-1549
-1549
-1549
-1549
-1549
-1549
-1549
-1550
-1550
-1550
-1550
-1550
-1550
-1550
-1550
-1550
-1551
-1551
-1551
-1551
-1551
-1551
-1551
-1551
-1551
-1552
-1552
-1552
-1552
-1552
-1552
-1552
-1552
-1552
-1553
-1553
-1553
-1553
-1553
-1553
-1553
-1553
-1553
-1554
-1554
-1554
-1554
-1554
-1554
-1554
-1554
-1554
-1555
-1555
