PIEZO:
0.00
1.00
0.00
0.00
44.00
5.00
0.00
3.00
0.00
0.00
29.00
0.00
3.00
1.00
1.00
12.00
2.00
0.00
3.00
6.00
0.00
0.00
0.00
3.00
5.00
4.00
0.00
0.00
3.00
0.00
0.00
6.00
2.00
0.00
4.00
0.00
27.00
8.00
9.00
0.00
0.00
3.00
19.00
1.00
0.00
0.00
0.00
5.00
19.00
8.00
31.00
2.00
0.00
0.00
0.00
0.00
4.00
0.00
2.00
0.00
4.00
0.00
4.00
2.00
0.00
0.00
1.00
0.00
7.00
0.00
0.00
0.00
3.00
0.00
0.00
0.00
0.00
0.00
0.00
11.00
0.00
4.00
3.00
0.00
0.00
0.00
5.00
0.00
3.00
0.00
4.00
0.00
3.00
5.00
0.00
3.00
0.00
0.00
1.00
0.00
0.00
0.00
0.00
10.00
0.00
0.00
0.00
2.00
11.00
0.00
4.00
0.00
0.00
2.00
30.00
13.00
19.00
0.00
0.00
0.00
0.00
0.00
2.00
3.00
2.00
0.00
0.00
1.00
6.00
4.00
0.00
42.00
0.00
22.00
0.00
0.00
2.00
3.00
3.00
2.00
0.00
4.00
0.00
6.00
0.00
0.00
0.00
4.00
10.00
1.00
0.00
0.00
0.00
0.00
14.00
4.00
0.00
0.00
1.00
7.00
4.00
0.00
0.00
1.00
1.00
0.00
0.00
2.00
1.00
0.00
0.00
0.00
3.00
4.00
12.00
45.00
0.00
5.00
2.00
0.00
0.00
7.00
4.00
0.00
0.00
11.00
0.00
0.00
1.00
7.00
10.00
0.00
0.00
0.00
16.00
3.00
0.00
0.00
2.00
22.00
0.00
5.00
8.00
0.00
4.00
0.00
0.00
0.00
0.00
9.00
6.00
2.00
1.00
8.00
16.00
0.00
2.00
24.00
0.00
0.00
0.00
6.00
0.00
3.00
1.00
0.00
5.00
0.00
3.00
1.00
16.00
1.00
0.00
0.00
0.00
20.00
0.00
2.00
14.00
0.00
17.00
0.00
15.00
2.00
5.00
6.00
0.00
0.00
0.00
0.00
0.00
33.00
0.00
0.00
0.00
0.00
0.00
7.00
2.00
6.00
5.00
2.00
9.00
8.00
29.00
16.00
0.00
0.00
8.00
0.00
27.00
0.00
15.00
0.00
26.00
0.00
1.00
0.00
4.00
14.00
0.00
3.00
0.00
3.00
8.00
25.00
0.00
0.00
0.00
0.00
20.00
0.00
1.00
39.00
0.00
0.00
0.00
0.00
12.00
8.00
5.00
0.00
3.00
0.00
3.00
0.00
14.00
0.00
0.00
0.00
0.00
0.00
0.00
5.00
3.00
5.00
0.00
11.00
13.00
35.00
0.00
0.00
0.00
2.00
0.00
0.00
26.00
20.00
0.00
13.00
0.00
4.00
0.00
3.00
7.00
0.00
0.00
0.00
13.00
11.00
26.00
0.00
13.00
0.00
0.00
0.00
3.00
26.00
33.00
0.00
0.00
0.00
0.00
1.00
6.00
0.00
11.00
0.00
25.00
14.00
32.00
0.00
5.00
16.00
0.00
0.00
0.00
5.00
5.00
34.00
1.00
0.00
0.00
0.00
0.00
0.00
0.00
31.00
0.00
0.00
0.00
0.00
10.00
14.00
3.00
21.00
0.00
38.00
2.00
0.00
0.00
40.00
15.00
8.00
5.00
0.00
0.00
18.00
44.00
1.00
0.00
0.00
20.00
0.00
0.00
0.00
28.00
0.00
0.00
0.00
0.00
0.00
0.00
3.00
39.00
0.00
0.00
0.00
6.00
0.00
0.00
0.00
34.00
0.00
0.00
0.00
5.00
0.00
1.00
5.00
32.00
0.00
19.00
0.00
0.00
37.00
13.00
0.00
69.00
7.00
67.00
0.00
0.00
15.00
13.00
0.00
18.00
0.00
43.00
0.00
2.00
0.00
39.00
2.00
18.00
0.00
43.00
2.00
0.00
0.00
5.00
16.00
14.00
0.00
49.00
1.00
0.00
0.00
9.00
5.00
5.00
0.00
43.00
16.00
0.00
0.00
11.00
6.00
0.00
5.00
50.00
4.00
3.00
0.00
8.00
0.00
3.00
0.00
66.00
15.00
0.00
5.00
6.00
8.00
4.00
0.00
46.00
2.00
0.00
0.00
