PIEZO:
1.00
0.00
0.00
0.00
0.00
3.00
7.00
0.00
5.00
0.00
0.00
0.00
6.00
0.00
14.00
0.00
1.00
0.00
16.00
2.00
3.00
0.00
1.00
0.00
0.00
2.00
17.00
7.00
0.00
0.00
3.00
0.00
0.00
2.00
0.00
2.00
1.00
2.00
0.00
7.00
9.00
0.00
0.00
0.00
1.00
4.00
1.00
0.00
10.00
2.00
10.00
0.00
0.00
0.00
0.00
6.00
3.00
0.00
1.00
0.00
0.00
13.00
0.00
6.00
0.00
0.00
0.00
0.00
0.00
0.00
0.00
0.00
0.00
1.00
0.00
0.00
1.00
3.00
4.00
0.00
3.00
0.00
0.00
11.00
0.00
3.00
2.00
5.00
7.00
0.00
31.00
0.00
1.00
1.00
0.00
7.00
0.00
6.00
0.00
0.00
0.00
0.00
6.00
0.00
0.00
15.00
3.00
5.00
0.00
5.00
3.00
4.00
0.00
407.00
12.00
0.00
0.00
47.00
34.00
0.00
0.00
47.00
63.00
76.00
59.00
0.00
0.00
0.00
53.00
10.00
56.00
0.00
0.00
59.00
53.00
3.00
0.00
0.00
0.00
4.00
19.00
35.00
17.00
44.00
31.00
0.00
0.00
0.00
0.00
15.00
30.00
25.00
4.00
0.00
0.00
0.00
0.00
0.00
0.00
2.00
6.00
4.00
1.00
0.00
0.00
5.00
4.00
10.00
0.00
3.00
0.00
12.00
2.00
0.00
0.00
2.00
9.00
0.00
11.00
0.00
15.00
0.00
0.00
0.00
2.00
0.00
1.00
0.00
30.00
0.00
5.00
0.00
0.00
0.00
0.00
0.00
0.00
0.00
0.00
6.00
4.00
3.00
3.00
3.00
1.00
6.00
2.00
0.00
3.00
4.00
2.00
1.00
0.00
7.00
2.00
1.00
0.00
4.00
0.00
0.00
0.00
1.00
0.00
5.00
13.00
0.00
5.00
8.00
7.00
0.00
3.00
0.00
28.00
0.00
3.00
1.00
3.00
0.00
0.00
5.00
0.00
2.00
0.00
0.00
6.00
2.00
0.00
0.00
21.00
4.00
0.00
0.00
2.00
2.00
1.00
0.00
0.00
0.00
2.00
37.00
10.00
0.00
0.00
0.00
6.00
4.00
10.00
0.00
0.00
15.00
3.00
5.00
0.00
2.00
1.00
0.00
0.00
0.00
0.00
1.00
14.00
0.00
0.00
0.00
3.00
7.00
0.00
6.00
19.00
3.00
0.00
0.00
0.00
0.00
3.00
0.00
3.00
2.00
3.00
0.00
0.00
1.00
0.00
0.00
2.00
6.00
27.00
1.00
0.00
0.00
18.00
0.00
19.00
0.00
0.00
2.00
1.00
1.00
6.00
44.00
5.00
0.00
2.00
1.00
0.00
0.00
2.00
0.00
2.00
4.00
21.00
2.00
5.00
3.00
3.00
0.00
9.00
5.00
0.00
3.00
3.00
0.00
0.00
3.00
3.00
13.00
1.00
0.00
32.00
2.00
0.00
0.00
3.00
0.00
0.00
3.00
6.00
4.00
0.00
0.00
0.00
0.00
5.00
0.00
3.00
3.00
0.00
0.00
0.00
0.00
0.00
0.00
3.00
0.00
0.00
1.00
1.00
0.00
0.00
0.00
9.00
3.00
16.00
0.00
0.00
2.00
0.00
0.00
17.00
0.00
0.00
0.00
0.00
2.00
29.00
0.00
10.00
1.00
0.00
5.00
0.00
0.00
0.00
0.00
7.00
6.00
0.00
0.00
0.00
4.00
0.00
2.00
28.00
0.00
10.00
0.00
1.00
0.00
0.00
0.00
5.00
3.00
0.00
0.00
1.00
0.00
0.00
0.00
26.00
0.00
0.00
0.00
0.00
0.00
0.00
14.00
0.00
0.00
5.00
0.00
2.00
2.00
0.00
1.00
0.00
0.00
0.00
1.00
2.00
5.00
1.00
10.00
6.00
14.00
23.00
8.00
1.00
2.00
0.00
0.00
8.00
0.00
1.00
0.00
1.00
10.00
16.00
0.00
9.00
1.00
4.00
0.00
1.00
0.00
0.00
1.00
0.00
1.00
0.00
0.00
0.00
0.00
1.00
0.00
2.00
0.00
1.00
4.00
0.00
0.00
8.00
13.00
0.00
0.00
2.00
0.00
2.00
1.00
13.00
0.00
