P_X:
624
716
716
812
812
812
812
812
812
812
812
812
812
812
812
668
668
668
668
668
668
668
668
668
668
668
668
668
668
716
716
716
716
716
716
716
716
716
716
716
716
716
716
812
812
812
812
812
812
812
812
812
812
812
812
4000
4000
4000
4000
4000
4000
4000
4000
4000
4000
6736
6736
7000
7000
7000
7000
7000
7000
7000
7000
7000
7000
7000
7000
7000
7000
7000
7000
7000
7000
7000
7000
7000
7000
7000
7000
7000
7000
7000
7000
7000
7000
7000
7000
7000
7000
7000
7000
7000
7000
7000
7000
7000
7000
7000
7000
7000
7000
7000
7000
7000
7000
7000
7000
7000
7000
7000
7000
7000
7000
7000
7000
7000
7000
7000
7000
7000
7000
7000
7000
7000
7000
7000
7000
7000
7000
7000
7000
7000
7000
7000
7000
7000
7000
7000
7000
7000
7000
7000
7000
7000
4054
4054
7000
7000
7000
7000
7000
7000
7000
7000
7000
7000
7000
7000
7000
7000
7000
7000
7000
3040
3040
3040
3040
3040
3040
3040
3040
3040
3040
3040
3040
3000
3000
3000
3000
3000
3000
3000
3000
3000
3000
3000
3000
3000
3000
3000
3000
3000
3000
3000
3000
3000
3000
3000
3000
1884
1884
1884
1884
1884
1884
1884
1884
1884
1884
1884
1884
0
0
0
0
0
0
0
501
501
501
501
501
501
501
501
501
501
501
501
0
0
0
0
0
0
0
0
0
0
0
0
0
0
0
0
0
0
0
0
0
0
0
0
0
0
0
0
0
0
0
0
0
0
0
0
0
0
0
0
0
0
0
0
0
0
0
0
0
0
0
0
0
0
0
0
0
0
0
0
0
0
0
0
0
0
0
0
0
0
0
0
0
0
0
0
0
0
0
0
0
0
0
0
0
0
0
0
0
0
0
0
0
0
0
0
0
0
0
0
0
0
0
0
0
0
0
0
ACC_X:
0.17
0.15
0.15
0.17
0.19
0.19
0.21
0.21
0.21
0.21
0.21
0.18
0.18
0.16
0.16
0.15
0.15
0.15
0.15
0.13
0.14
0.14
0.17
0.17
0.20
0.21
0.21
0.20
0.20
0.19
0.19
0.17
0.17
0.15
0.15
0.15
0.15
0.15
0.15
0.15
0.15
0.15
0.17
0.20
0.20
0.21
0.21
0.21
0.19
0.19
0.17
0.17
0.15
0.13
0.13
0.13
0.13
0.16
0.16
-0.16
-0.16
-0.78
-1.12
-1.12
-0.99
-0.99
-0.41
-0.41
0.01
0.20
0.20
0.11
0.11
-0.11
-0.11
-0.02
-0.02
0.15
0.34
0.34
0.43
0.43
0.35
0.35
0.20
0.22
0.22
0.31
0.31
0.41
0.41
0.44
0.37
0.37
0.25
0.25
0.16
0.16
0.13
0.20
0.20
0.27
0.27
0.22
0.22
0.12
0.12
0.12
0.12
-0.11
-0.16
-0.21
-0.21
-0.22
-0.22
-0.23
-0.23
-0.27
-0.27
-0.26
-0.18
-0.18
-0.07
-0.07
0.06
0.06
0.20
0.25
0.25
0.31
0.31
0.40
0.40
0.43
0.43
0.43
0.40
0.40
0.31
0.31
0.16
0.16
-0.02
-0.08
-0.08
-0.07
-0.07
-0.57
-0.57
-1.06
-1.06
-0.18
0.91
0.91
0.79
0.79
0.26
0.08
0.08
0.09
0.09
0.08
0.08
0.14
0.14
0.19
0.23
0.23
0.24
0.24
0.22
0.22
0.25
0.31
0.31
0.33
0.33
0.32
0.32
0.32
0.35
0.35
0.39
0.39
0.41
0.41
0.40
0.39
0.39
0.45
0.45
0.62
0.62
0.93
0.93
0.93
0.93
2.32
2.59
2.01
2.01
1.62
1.62
1.17
1.17
0.75
0.75
0.49
0.49
0.49
0.49
0.46
0.50
0.50
0.52
0.61
0.61
0.76
0.76
0.90
0.90
1.02
1.02
1.08
1.02
1.02
0.81
0.81
0.58
0.58
0.44
0.42
0.42
0.49
0.49
0.62
0.62
0.74
0.74
0.80
0.79
0.79
0.75
0.75
0.72
0.72
0.72
0.75
0.75
0.79
0.79
0.81
0.81
0.79
0.76
0.76
0.72
0.72
0.71
0.71
0.72
0.73
0.73
0.75
0.75
0.75
0.75
0.75
0.74
0.74
0.74
0.74
0.74
0.74
0.74
0.73
0.73
0.73
0.73
0.73
0.73
0.74
0.74
0.75
0.75
0.75
0.74
0.74
0.74
0.74
0.74
0.74
0.74
0.73
0.73
0.74
0.74
0.74
0.74
0.74
0.74
0.74
0.74
0.74
0.74
0.74
0.74
0.74
0.74
0.74
0.74
0.74
0.74
0.74
0.74
0.74
0.74
0.74
0.74
0.74
0.74
0.74
0.74
0.74
0.74
0.74
0.74
0.74
0.74
0.74
0.74
0.74
0.74
0.74
0.74
0.74
0.74
0.74
0.74
0.74
0.74
0.74
0.74
0.74
0.74
0.74
0.74
0.74
0.74
0.74
0.74
ACC_Y:
0.23
0.22
0.22
0.24
0.24
0.24
0.23
0.23
0.21
0.21
0.20
0.18
0.18
0.15
0.15
0.15
0.15
0.16
0.16
0.19
0.22
0.22
0.24
0.24
0.24
0.23
0.23
0.21
0.21
0.19
0.19
0.17
0.17
0.16
0.15
0.15
0.18
0.18
0.20
0.20
0.20
0.20
0.23
0.23
0.23
0.22
0.20
0.20
0.17
0.17
0.14
0.14
0.13
0.15
0.15
0.18
0.18
0.21
0.21
0.39
0.39
0.45
0.23
0.23
-0.11
-0.11
-0.15
-0.15
0.18
0.33
0.33
0.17
0.17
0.04
0.04
-0.01
-0.01
0.05
0.25
0.25
0.27
0.27
0.17
0.17
0.07
0.04
0.04
0.17
0.17
0.26
0.26
0.27
0.23
0.23
0.16
0.16
0.10
0.10
0.10
0.18
0.18
0.22
0.22
0.15
0.15
0.09
0.09
0.09
0.09
0.01
0.05
0.07
0.07
0.08
0.08
0.07
0.07
-0.00
-0.00
-0.06
-0.07
-0.07
-0.10
-0.10
-0.10
-0.10
-0.08
-0.11
-0.11
-0.07
-0.07
-0.02
-0.02
-0.02
-0.02
0.03
0.13
0.13
0.27
0.27
0.29
0.29
0.22
0.23
0.23
0.29
0.29
0.75
0.75
1.02
1.02
0.14
-0.43
-0.43
-0.18
-0.18
-0.11
-0.02
-0.02
0.05
0.05
-0.09
-0.09
-0.12
-0.12
-0.16
-0.16
-0.16
-0.09
-0.09
-0.04
-0.04
-0.05
-0.16
-0.16
-0.18
-0.18
-0.17
-0.17
-0.13
-0.12
-0.12
-0.11
-0.11
-0.06
-0.06
0.00
0.08
0.08
0.17
0.17
0.28
0.28
0.46
0.46
0.46
0.46
1.78
2.57
1.98
1.98
0.80
0.80
0.01
0.01
-0.20
-0.20
-0.15
-0.15
-0.15
-0.15
0.12
0.20
0.20
0.24
0.29
0.29
0.39
0.39
0.55
0.55
0.74
0.74
0.90
0.95
0.95
0.81
0.81
0.56
0.56
0.38
0.31
0.31
0.36
0.36
0.51
0.51
0.67
0.67
0.72
0.63
0.63
0.48
0.48
0.39
0.39
0.39
0.43
0.43
0.49
0.49
0.55
0.55
0.56
0.52
0.52
0.49
0.49
0.49
0.49
0.51
0.54
0.54
0.54
0.54
0.52
0.52
0.49
0.48
0.48
0.49
0.49
0.51
0.51
0.53
0.52
0.52
0.52
0.52
0.51
0.51
0.51
0.51
0.51
0.50
0.50
0.50
0.50
0.50
0.51
0.51
0.52
0.52
0.52
0.52
0.51
0.51
0.51
0.51
0.51
0.51
0.51
0.51
0.51
0.51
0.51
0.51
0.51
0.51
0.51
0.51
0.51
0.50
0.50
0.51
0.51
0.51
0.51
0.51
0.51
0.51
0.51
0.51
0.51
0.51
0.51
0.51
0.51
0.51
0.51
0.51
0.51
0.51
0.51
0.51
0.51
0.51
0.51
0.51
0.51
0.51
0.51
0.51
0.51
0.51
0.51
0.51
0.51
0.51
0.51
0.51
ACC_Z:
1.00
0.96
0.96
0.96
0.96
0.96
0.97
0.97
0.99
0.99
1.00
0.99
0.99
0.99
0.99
0.99
0.99
0.99
0.99
0.97
0.95
0.95
0.96
0.96
0.98
0.97
0.97
0.97
0.97
0.97
0.97
0.97
0.97
0.96
0.96
0.96
0.96
0.96
0.96
0.96
0.96
0.96
0.99
1.00
1.00
0.99
0.98
0.98
0.98
0.98
0.97
0.97
0.96
0.97
0.97
0.97
0.97
0.85
0.85
0.97
0.97
0.74
-0.18
-0.18
-0.40
-0.40
-0.24
-0.24
-0.17
-0.10
-0.10
-0.09
-0.09
0.05
0.05
0.01
0.01
0.01
0.05
0.05
0.04
0.04
0.09
0.09
0.11
0.13
0.13
0.14
0.14
0.14
0.14
0.11
0.09
0.09
0.08
0.08
0.08
0.08
0.08
0.08
0.08
0.05
0.05
0.03
0.03
0.02
0.02
0.02
0.02
0.01
-0.01
-0.05
-0.05
-0.07
-0.07
-0.05
-0.05
-0.03
-0.03
-0.01
0.02
0.02
0.03
0.03
0.06
0.06
0.11
0.16
0.16
0.25
0.25
0.26
0.26
0.21
0.21
0.22
0.22
0.22
0.21
0.21
0.13
0.13
0.05
0.02
0.02
0.06
0.06
0.93
0.93
1.43
1.43
1.25
0.49
0.49
-0.13
-0.13
-0.37
-0.68
-0.68
-0.04
-0.04
-0.21
-0.21
-0.28
-0.28
0.21
-0.02
-0.02
-0.01
-0.01
0.07
0.07
0.02
0.05
0.05
-0.02
-0.02
-0.02
-0.02
-0.02
-0.05
-0.05
-0.05
-0.05
-0.09
-0.09
-0.11
-0.15
-0.15
-0.14
-0.14
-0.09
-0.09
-0.04
-0.04
-0.04
-0.04
-0.31
-0.71
-0.77
-0.77
-0.60
-0.60
-0.40
-0.40
-0.26
-0.26
-0.13
-0.13
-0.13
-0.13
-0.11
-0.19
-0.19
-0.31
-0.42
-0.42
-0.55
-0.55
-0.69
-0.69
-0.79
-0.79
-0.81
-0.72
-0.72
-0.58
-0.58
-0.47
-0.47
-0.41
-0.39
-0.39
-0.40
-0.40
-0.46
-0.46
-0.53
-0.53
-0.54
-0.51
-0.51
-0.45
-0.45
-0.40
-0.38
-0.38
-0.38
-0.38
-0.40
-0.40
-0.41
-0.41
-0.40
-0.37
-0.37
-0.35
-0.35
-0.35
-0.35
-0.36
-0.39
-0.39
-0.41
-0.41
-0.42
-0.42
-0.43
-0.44
-0.44
-0.45
-0.45
-0.45
-0.45
-0.45
-0.44
-0.44
-0.43
-0.43
-0.42
-0.42
-0.41
-0.41
-0.41
-0.41
-0.41
-0.40
-0.40
-0.40
-0.40
-0.40
-0.41
-0.41
-0.41
-0.41
-0.42
-0.42
-0.43
-0.43
-0.43
-0.43
-0.43
-0.43
-0.43
-0.42
-0.42
-0.42
-0.41
-0.41
-0.41
-0.41
-0.41
-0.41
-0.41
-0.41
-0.41
-0.41
-0.41
-0.41
-0.42
-0.42
-0.42
-0.42
-0.43
-0.43
-0.43
-0.43
-0.43
-0.42
-0.42
-0.42
-0.42
-0.41
-0.41
-0.41
-0.41
-0.41
-0.41
-0.41
-0.41
-0.41
-0.41
-0.42
-0.42
-0.42
-0.42
-0.42
-0.42
-0.43
-0.43
-0.43
PIEZO:
0.00
0.00
0.00
0.00
0.00
0.00
0.00
0.00
0.00
0.00
0.00
0.00
0.00
0.00
0.00
0.00
0.00
0.00
0.00
0.00
0.00
0.00
0.00
0.00
0.00
0.00
0.00
0.00
0.00
0.00
0.00
0.00
0.00
0.00
0.00
0.00
0.00
0.00
0.00
0.00
0.00
0.00
0.00
0.00
0.00
0.00
0.00
0.00
0.00
0.00
0.00
0.00
0.00
0.00
0.00
0.00
0.00
0.00
0.00
0.00
0.00
0.00
0.00
0.00
0.00
0.00
0.00
0.00
0.00
0.00
0.00
0.00
0.00
0.00
0.00
0.00
0.00
0.00
0.00
0.00
0.00
0.00
0.00
0.00
0.00
0.00
0.00
0.00
0.00
0.00
0.00
0.00
0.00
0.00
0.00
0.00
0.00
0.00
0.00
0.00
0.00
0.00
0.00
0.00
0.00
0.00
0.00
0.00
0.00
0.00
0.00
0.00
0.00
0.00
0.00
0.00
0.00
0.00
0.00
0.00
0.00
0.00
0.00
0.00
0.00
0.00
0.00
0.00
0.00
0.00
0.00
0.00
0.00
0.00
0.00
0.00
0.00
0.00
0.00
0.00
0.00
0.00
0.00
0.00
0.00
0.00
0.00
0.00
0.00
0.00
0.00
0.00
0.00
0.00
0.00
0.00
0.00
0.00
0.00
0.00
0.00
0.00
0.00
0.00
0.00
0.00
0.00
0.00
0.00
0.00
0.00
0.00
0.00
0.00
0.00
0.00
0.00
0.00
0.00
0.00
0.00
0.00
0.00
0.00
0.00
0.00
0.00
0.00
0.00
0.00
0.00
0.00
0.00
0.00
0.00
0.00
0.00
0.00
0.00
0.00
0.00
0.00
0.00
0.00
0.00
0.00
0.00
0.00
0.00
0.00
0.00
0.00
0.00
0.00
0.00
0.00
0.00
0.00
0.00
0.00
0.00
0.00
0.00
0.00
0.00
0.00
0.00
0.00
0.00
0.00
0.00
0.00
0.00
0.00
0.00
0.00
0.00
0.00
0.00
0.00
0.00
0.00
0.00
0.00
0.00
0.00
0.00
0.00
0.00
0.00
0.00
0.00
0.00
0.00
0.00
0.00
0.00
0.00
0.00
0.00
0.00
0.00
0.00
0.00
0.00
0.00
0.00
0.00
0.00
0.00
0.00
0.00
0.00
0.00
0.00
0.00
0.00
0.00
0.00
0.00
0.00
0.00
0.00
0.00
0.00
0.00
0.00
0.00
0.00
0.00
0.00
0.00
0.00
0.00
0.00
0.00
0.00
0.00
0.00
0.00
0.00
0.00
0.00
0.00
0.00
0.00
0.00
0.00
0.00
0.00
0.00
0.00
0.00
0.00
0.00
0.00
0.00
0.00
0.00
0.00
0.00
0.00
0.00
0.00
0.00
0.00
0.00
0.00
0.00
0.00
0.00
0.00
0.00
0.00
0.00
0.00
0.00
0.00
0.00
0.00
0.00
0.00
0.00
0.00
0.00
0.00
0.00
0.00
0.00
0.00
PROXIMITY:
125
127
127
129
129
126
126
125
125
125
125
127
127
125
125
126
126
126
126
126
126
124
124
125
125
124
124
123
123
127
127
127
127
126
126
127
127
125
125
125
125
126
126
129
129
125
125
125
125
126
126
127
127
126
126
247
247
246
246
237
237
241
241
247
247
246
246
245
245
245
245
247
247
249
249
246
246
246
246
247
247
246
246
247
247
247
247
247
247
246
246
245
245
247
247
247
247
248
248
244
244
246
246
246
246
246
246
247
247
248
248
248
248
248
248
246
246
245
245
246
246
247
247
247
247
247
247
246
246
246
246
247
247
245
245
247
247
247
247
245
245
247
247
246
246
247
247
249
249
247
247
242
242
238
238
236
236
228
228
223
223
217
217
205
205
189
189
177
177
162
162
147
147
128
128
106
106
84
84
51
51
24
24
3
3
0
0
0
0
0
0
0
0
0
0
0
0
0
0
0
0
0
0
0
0
0
0
0
0
0
0
0
0
0
0
0
0
0
0
0
0
0
0
0
0
0
0
0
0
0
0
0
0
0
0
0
0
0
0
0
0
0
0
0
0
0
0
0
0
0
0
0
0
0
0
0
0
0
0
0
0
0
0
0
0
0
0
0
0
0
0
0
0
0
0
0
0
0
0
0
0
0
0
0
0
0
0
0
0
0
0
0
0
0
0
0
0
0
0
0
0
0
0
0
0
0
0
0
0
0
0
0
0
0
0
0
0
0
0
0
0
0
0
0
0
0
0
0
0
0
0
0
0
0
0
0
0
0
0
0
0
0
0
0
0
0
0
0
0
0
