PIEZO:
0.00
14.00
0.00
5.00
0.00
0.00
0.00
10.00
0.00
3.00
6.00
0.00
0.00
0.00
0.00
41.00
0.00
3.00
0.00
3.00
0.00
1.00
0.00
0.00
0.00
0.00
11.00
0.00
0.00
1.00
0.00
0.00
0.00
3.00
8.00
0.00
0.00
7.00
1.00
0.00
0.00
3.00
0.00
0.00
0.00
0.00
0.00
1.00
0.00
2.00
0.00
0.00
6.00
2.00
0.00
19.00
0.00
3.00
0.00
8.00
14.00
0.00
0.00
0.00
0.00
0.00
0.00
6.00
2.00
2.00
10.00
1.00
0.00
0.00
44.00
0.00
0.00
0.00
0.00
3.00
0.00
2.00
0.00
0.00
0.00
0.00
5.00
0.00
2.00
0.00
0.00
2.00
3.00
0.00
4.00
6.00
0.00
17.00
13.00
5.00
2.00
4.00
19.00
3.00
3.00
3.00
1.00
2.00
2.00
7.00
0.00
15.00
0.00
3.00
0.00
0.00
4.00
1.00
0.00
0.00
7.00
0.00
12.00
0.00
0.00
0.00
0.00
0.00
0.00
2.00
5.00
11.00
8.00
0.00
2.00
0.00
1.00
5.00
0.00
0.00
0.00
0.00
1.00
4.00
0.00
0.00
8.00
0.00
0.00
0.00
2.00
2.00
6.00
0.00
3.00
1.00
0.00
0.00
3.00
1.00
7.00
0.00
3.00
3.00
14.00
0.00
0.00
0.00
0.00
1.00
0.00
31.00
2.00
2.00
2.00
3.00
1.00
5.00
0.00
0.00
0.00
1.00
2.00
11.00
0.00
0.00
15.00
0.00
2.00
2.00
1.00
1.00
4.00
6.00
0.00
0.00
12.00
2.00
0.00
0.00
0.00
0.00
0.00
0.00
0.00
3.00
0.00
0.00
0.00
1.00
0.00
0.00
2.00
0.00
0.00
2.00
0.00
0.00
2.00
0.00
0.00
0.00
0.00
0.00
0.00
1.00
14.00
0.00
10.00
0.00
1.00
0.00
3.00
6.00
0.00
44.00
0.00
1.00
4.00
8.00
0.00
0.00
554.00
0.00
33.00
0.00
0.00
96.00
0.00
8.00
25.00
0.00
0.00
3.00
0.00
7.00
10.00
0.00
0.00
0.00
0.00
0.00
0.00
0.00
2.00
0.00
3.00
6.00
0.00
9.00
2.00
0.00
0.00
4.00
0.00
0.00
2.00
0.00
1.00
0.00
0.00
0.00
1.00
1.00
0.00
0.00
2.00
0.00
2.00
0.00
7.00
1.00
0.00
10.00
31.00
0.00
3.00
0.00
2.00
5.00
2.00
1.00
6.00
2.00
8.00
10.00
10.00
0.00
2.00
0.00
0.00
0.00
0.00
10.00
8.00
3.00
0.00
0.00
9.00
1.00
4.00
0.00
0.00
2.00
2.00
0.00
0.00
6.00
3.00
1.00
0.00
1.00
0.00
3.00
0.00
0.00
0.00
10.00
9.00
0.00
0.00
8.00
0.00
18.00
2.00
4.00
1.00
42.00
0.00
24.00
0.00
7.00
0.00
0.00
0.00
4.00
0.00
0.00
1.00
0.00
0.00
0.00
1.00
12.00
1.00
5.00
0.00
2.00
7.00
8.00
1.00
6.00
0.00
10.00
0.00
2.00
0.00
4.00
2.00
0.00
5.00
0.00
0.00
0.00
0.00
0.00
0.00
3.00
7.00
0.00
18.00
0.00
0.00
7.00
0.00
3.00
0.00
0.00
1.00
0.00
3.00
14.00
0.00
7.00
8.00
5.00
1.00
0.00
0.00
1.00
1.00
0.00
0.00
34.00
1.00
12.00
0.00
5.00
4.00
2.00
0.00
0.00
0.00
0.00
0.00
0.00
0.00
4.00
6.00
0.00
6.00
0.00
0.00
1.00
4.00
0.00
2.00
0.00
9.00
0.00
0.00
0.00
0.00
2.00
8.00
0.00
6.00
0.00
0.00
1.00
0.00
2.00
0.00
0.00
3.00
0.00
0.00
0.00
0.00
0.00
0.00
0.00
0.00
40.00
0.00
0.00
1.00
1.00
7.00
4.00
6.00
0.00
3.00
0.00
0.00
0.00
0.00
12.00
0.00
5.00
1.00
0.00
2.00
0.00
5.00
0.00
0.00
0.00
3.00
0.00
0.00
5.00
0.00
9.00
3.00
0.00
0.00
0.00
0.00
2.00
