P_X:
0
0
0
0
0
0
0
0
0
0
0
0
0
0
0
0
0
0
0
0
0
0
0
0
0
0
0
0
0
0
0
0
0
0
0
0
0
0
0
4000
4000
4000
7000
7000
7000
7000
7000
7000
7000
7000
7000
7000
7000
7000
7000
7000
7000
7000
7000
7000
7000
4792
7000
7000
7000
7000
7000
7000
7000
7000
7000
7000
7000
7000
7000
7000
7000
7000
7000
7000
7000
7000
7000
7000
7000
7000
7000
7000
7000
7000
7000
7000
7000
7000
7000
7000
7000
7000
7000
7000
7000
7000
7000
7000
7000
7000
7000
7000
7000
7000
7000
7000
7000
7000
7000
7000
7000
7000
7000
7000
7000
7000
7000
7000
7000
7000
7000
7000
7000
7000
7000
7000
7000
7000
7000
7000
7000
7000
7000
7000
7000
7000
7000
7000
7000
7000
7000
7000
7000
7000
7000
7000
7000
7000
7000
7000
7000
7000
7000
7000
7000
7000
7000
7000
6376
6376
6376
6376
6376
6376
6376
6376
6376
6376
6376
6376
6376
6376
6376
6376
6376
6376
3000
3000
3000
3000
3000
3000
3000
3000
3000
3000
3000
3000
3000
3240
3240
5708
5708
6944
6944
7000
7000
7000
7000
7000
7000
7000
7000
7000
7000
7000
7000
7000
7000
7000
7000
7000
7000
7000
7000
7000
7000
7000
7000
7000
7000
7000
7000
7000
7000
7000
7000
4000
4000
4000
4000
4000
4000
4000
4000
4000
4000
4000
4000
4000
4000
4000
4000
4000
4000
4000
4000
4000
4000
4000
4000
4000
4000
4000
4000
4000
4000
4000
4000
4000
4000
4000
4000
4000
4000
4000
4000
4000
4000
4000
4000
4000
4000
4000
4000
4000
4000
4000
4000
4000
4000
4000
4000
4000
4000
4000
4000
4000
4000
4000
4000
4000
4000
4000
4000
4000
4000
4000
4000
4000
4000
4000
4000
4000
4000
4000
4000
4000
4000
4000
4000
4000
4000
4000
4000
4000
4000
4000
4000
4000
4000
4000
4000
4000
4000
4000
4000
4000
4000
4000
4000
4000
4000
4000
4000
4000
4000
4000
4000
4000
4000
4000
4000
4000
ACC_X:
0.17
0.14
0.14
0.15
0.15
0.15
0.15
0.15
0.15
0.15
0.15
0.16
0.16
0.16
0.16
0.15
0.15
0.15
0.15
0.15
0.16
0.16
0.15
0.15
0.15
0.15
0.15
0.16
0.16
0.15
0.15
0.15
0.15
0.16
0.15
0.15
0.15
0.15
0.16
0.16
-0.01
-0.38
-0.38
-0.38
-0.38
-0.56
-0.56
-0.45
-0.45
0.39
1.09
1.09
1.17
1.17
0.69
0.44
0.44
0.45
0.45
0.38
0.38
0.30
0.30
0.29
0.20
0.20
0.10
0.10
0.07
0.07
0.03
0.06
0.06
0.03
0.03
-0.10
-0.10
-0.12
-0.15
-0.15
-0.17
-0.17
-0.04
-0.04
0.12
0.18
0.18
0.11
0.11
0.03
0.03
-0.02
-0.02
-0.05
-0.02
-0.02
0.02
0.02
0.02
-0.00
-0.00
-0.01
-0.01
-0.03
-0.03
-0.02
-0.02
0.03
0.09
0.09
0.13
0.13
0.14
0.14
0.12
0.08
0.08
0.01
0.01
-0.06
-0.06
-0.07
-0.07
-0.07
-0.07
0.02
0.07
0.08
0.08
-0.09
-0.09
0.42
0.42
1.43
1.43
2.14
1.40
1.40
-0.12
-0.12
-1.34
-1.34
-2.16
-1.74
-1.74
-0.35
-0.35
0.75
0.75
0.84
0.84
0.59
0.38
0.38
0.33
0.33
0.28
0.28
0.24
0.18
0.18
0.02
0.02
-0.13
-0.13
-0.08
0.09
0.09
-0.19
-0.19
-0.53
-0.53
-0.33
-0.19
-0.19
-0.12
-0.12
0.06
0.06
0.10
0.10
0.11
0.06
0.06
0.01
0.01
-0.01
-0.07
-0.07
-0.16
-0.16
-0.19
-0.19
-0.20
-0.20
-0.32
-0.44
-0.44
-0.20
-0.20
-0.05
-0.05
-0.16
-0.08
-0.08
-0.05
-0.05
-0.13
-0.13
-0.32
-0.87
-0.87
-1.66
-1.66
-2.11
-2.11
-1.95
-1.13
-1.13
-0.22
-0.22
0.32
0.32
0.54
0.54
0.52
0.48
0.48
0.46
0.46
0.47
0.51
0.51
0.54
0.54
0.51
0.51
0.44
0.44
0.36
0.27
0.27
0.18
0.18
0.11
0.11
0.06
0.02
0.02
-0.02
-0.02
-0.04
-0.04
-0.04
-0.03
-0.03
-0.01
-0.01
0.03
0.03
0.10
0.19
0.19
0.27
0.27
0.32
0.32
0.31
0.31
0.23
0.14
0.14
0.07
0.07
0.03
0.02
0.02
0.03
0.03
0.06
0.06
0.10
0.10
0.12
0.13
0.13
0.13
0.13
0.12
0.12
0.11
0.11
0.11
0.11
0.11
0.12
0.12
0.12
0.12
0.12
0.12
0.12
0.11
0.11
0.11
0.10
0.10
0.10
0.10
0.10
0.10
0.11
0.11
0.11
0.12
0.12
0.12
0.12
0.11
0.11
0.11
0.11
0.11
0.11
0.11
0.10
0.10
0.11
0.11
0.11
0.11
0.11
0.11
0.11
0.11
0.11
0.11
0.11
0.11
0.11
0.11
0.11
0.11
0.11
0.11
0.11
0.11
0.11
0.11
0.11
0.11
ACC_Y:
0.17
0.18
0.18
0.18
0.18
0.17
0.16
0.16
0.16
0.16
0.17
0.16
0.16
0.16
0.16
0.16
0.16
0.16
0.16
0.17
0.17
0.17
0.17
0.17
0.16
0.16
0.17
0.16
0.16
0.15
0.15
0.15
0.15
0.16
0.16
0.16
0.16
0.16
0.16
0.16
-0.04
-0.14
-0.14
-0.10
-0.10
0.08
0.08
0.44
0.44
0.22
0.04
0.04
0.35
0.35
0.64
0.52
0.52
0.36
0.36
0.56
0.56
0.55
0.55
0.26
0.11
0.11
0.20
0.20
0.22
0.22
0.14
0.17
0.17
0.22
0.22
0.19
0.19
0.11
-0.03
-0.03
-0.10
-0.10
-0.04
-0.04
0.05
0.12
0.12
0.12
0.12
0.08
0.08
0.06
0.06
0.03
0.03
0.03
0.06
0.06
0.08
0.07
0.07
0.05
0.05
0.03
0.03
0.01
0.01
0.02
0.04
0.04
0.07
0.07
0.08
0.08
0.08
0.05
0.05
0.00
0.00
-0.03
-0.03
-0.03
-0.03
-0.03
-0.03
-0.01
-0.05
-0.10
-0.10
-0.12
-0.12
0.51
0.51
1.80
1.80
2.55
1.14
1.14
-0.86
-0.86
-1.31
-1.31
-2.19
-2.58
-2.58
-1.32
-1.32
-0.22
-0.22
0.04
0.04
-0.35
-0.52
-0.52
-0.31
-0.31
0.00
0.00
0.18
0.08
0.08
0.02
0.02
0.04
0.04
0.06
0.81
0.81
1.18
1.18
0.68
0.68
0.00
-0.20
-0.20
0.43
0.43
0.73
0.73
0.46
0.46
-0.14
-0.44
-0.44
-0.25
-0.25
-0.01
0.03
0.03
-0.30
-0.30
-1.36
-1.36
-3.03
-3.03
-4.00
-3.79
-3.79
-2.68
-2.68
-1.58
-1.58
-0.60
-0.05
-0.05
0.07
0.07
0.06
0.06
0.28
0.59
0.59
0.85
0.85
1.19
1.19
1.38
1.16
1.16
1.06
1.06
1.27
1.27
1.34
1.34
1.21
1.09
1.09
0.98
0.98
0.77
0.54
0.54
0.40
0.40
0.33
0.33
0.30
0.30
0.26
0.22
0.22
0.17
0.17
0.12
0.12
0.04
-0.02
-0.02
-0.09
-0.09
-0.20
-0.20
-0.29
-0.35
-0.35
-0.40
-0.40
-0.44
-0.44
-0.47
-0.47
-0.47
-0.41
-0.41
-0.31
-0.31
-0.21
-0.21
-0.13
-0.07
-0.07
-0.03
-0.03
-0.00
0.01
0.01
0.01
0.01
-0.01
-0.01
-0.03
-0.03
-0.06
-0.10
-0.10
-0.13
-0.13
-0.15
-0.15
-0.16
-0.15
-0.15
-0.13
-0.13
-0.10
-0.10
-0.08
-0.08
-0.08
-0.08
-0.08
-0.09
-0.09
-0.11
-0.11
-0.11
-0.12
-0.12
-0.11
-0.11
-0.10
-0.10
-0.10
-0.09
-0.09
-0.10
-0.10
-0.10
-0.11
-0.11
-0.11
-0.11
-0.11
-0.11
-0.10
-0.10
-0.10
-0.10
-0.10
-0.10
-0.10
-0.10
-0.10
-0.10
-0.10
-0.10
-0.10
-0.10
-0.10
-0.10
-0.10
-0.10
-0.10
-0.10
-0.10
-0.10
-0.10
-0.10
-0.10
-0.10
ACC_Z:
0.97
1.04
1.04
1.03
1.03
1.01
1.00
1.00
0.98
0.98
0.98
0.99
0.99
1.01
1.01
1.03
1.03
1.02
1.02
1.01
1.01
1.01
0.98
0.98
0.97
0.97
0.98
1.00
1.00
0.98
0.98
0.97
0.97
0.96
0.95
0.95
0.94
0.94
0.94
0.94
1.03
0.70
0.70
0.12
0.12
-0.01
-0.01
0.03
0.03
-0.48
-0.70
-0.70
-0.34
-0.34
-0.11
0.08
0.08
0.08
0.08
0.06
0.06
0.08
0.08
0.12
0.17
0.17
0.09
0.09
-0.02
-0.02
-0.15
-0.21
-0.21
-0.20
-0.20
-0.15
-0.15
-0.14
-0.09
-0.09
-0.02
-0.02
0.02
0.02
0.04
0.02
0.02
0.03
0.03
0.02
0.02
0.00
0.00
0.02
0.01
0.01
0.01
0.01
0.00
-0.00
-0.00
0.01
0.01
0.01
0.01
0.02
0.02
0.05
0.09
0.09
0.09
0.09
0.07
0.07
0.06
0.05
0.05
0.04
0.04
0.02
0.02
-0.01
-0.01
-0.01
-0.01
0.01
0.05
0.08
0.08
0.05
0.05
-0.66
-0.66
-1.27
-1.27
-0.85
-0.85
-0.85
-1.66
-1.66
-1.84
-1.84
-0.52
0.55
0.55
-0.02
-0.02
-0.46
-0.46
-0.61
-0.61
-0.71
-0.29
-0.29
-0.08
-0.08
-0.00
-0.00
-0.10
-0.24
-0.24
-0.27
-0.27
-0.34
-0.34
-0.53
-1.27
-1.27
-2.08
-2.08
-1.97
-1.97
-1.12
-0.40
-0.40
-0.06
-0.06
-0.01
-0.01
-0.06
-0.06
-0.08
-0.12
-0.12
-0.13
-0.13
-0.15
-0.16
-0.16
-0.15
-0.15
0.04
0.04
0.42
0.42
0.36
-0.57
-0.57
-0.78
-0.78
-0.15
-0.15
-0.04
-0.23
-0.23
-0.45
-0.45
-0.58
-0.58
-0.51
-0.12
-0.12
0.35
0.35
0.64
0.64
0.78
0.95
0.95
1.10
1.10
1.20
1.20
1.23
1.23
1.18
1.11
1.11
1.00
1.00
0.89
0.79
0.79
0.73
0.73
0.75
0.75
0.82
0.82
0.90
0.96
0.96
1.00
1.00
1.04
1.04
1.08
1.11
1.11
1.10
1.10
1.07
1.07
1.01
0.95
0.95
0.91
0.91
0.90
0.90
0.93
0.97
0.97
0.99
0.99
1.00
1.00
1.00
1.00
1.01
1.01
1.01
1.01
1.01
1.00
0.99
0.99
0.98
0.98
0.99
0.99
1.00
1.00
1.00
1.00
1.00
1.00
1.00
0.99
0.99
0.99
1.00
1.00
1.00
1.00
1.00
1.00
1.00
1.00
1.00
1.00
1.00
1.00
1.00
1.00
0.99
0.99
0.99
0.99
0.99
0.99
1.00
1.00
1.00
1.00
1.00
1.00
1.00
1.00
1.00
1.00
1.00
1.00
0.99
0.99
0.99
0.99
1.00
1.00
1.00
1.00
1.00
1.00
1.00
1.00
1.00
1.00
1.00
1.00
1.00
1.00
1.00
1.00
1.00
1.00
1.00
1.00
1.00
1.00
1.00
1.00
PIEZO:
0.00
0.00
0.00
0.00
0.00
0.00
0.00
0.00
0.00
0.00
0.00
0.00
0.00
0.00
0.00
0.00
0.00
0.00
0.00
0.00
0.00
0.00
0.00
0.00
0.00
0.00
0.00
0.00
0.00
0.00
0.00
0.00
0.00
0.00
0.00
0.00
0.00
0.00
16.00
0.00
0.00
0.00
0.00
0.00
0.00
0.00
0.00
0.00
0.00
0.00
0.00
0.00
0.00
0.00
0.00
0.00
0.00
0.00
0.00
0.00
0.00
0.00
0.00
0.00
0.00
0.00
0.00
0.00
0.00
0.00
0.00
0.00
0.00
0.00
0.00
0.00
0.00
0.00
0.00
0.00
0.00
0.00
0.00
0.00
0.00
0.00
0.00
0.00
0.00
0.00
0.00
0.00
0.00
0.00
0.00
0.00
0.00
0.00
0.00
0.00
0.00
0.00
0.00
0.00
0.00
0.00
0.00
0.00
0.00
0.00
0.00
0.00
0.00
0.00
0.00
0.00
0.00
0.00
0.00
0.00
0.00
0.00
0.00
0.00
0.00
0.00
0.00
0.00
0.00
0.00
0.00
0.00
0.00
0.00
0.00
0.00
0.00
0.00
0.00
0.00
0.00
0.00
0.00
0.00
0.00
1.00
0.00
0.00
0.00
0.00
0.00
0.00
0.00
0.00
0.00
0.00
0.00
0.00
0.00
0.00
0.00
0.00
0.00
0.00
0.00
0.00
0.00
0.00
0.00
0.00
0.00
0.00
0.00
0.00
0.00
0.00
0.00
0.00
0.00
0.00
0.00
0.00
0.00
0.00
0.00
0.00
0.00
0.00
0.00
0.00
0.00
0.00
0.00
0.00
0.00
0.00
0.00
0.00
0.00
0.00
0.00
0.00
0.00
0.00
0.00
0.00
0.00
0.00
0.00
0.00
0.00
0.00
0.00
0.00
0.00
0.00
0.00
0.00
0.00
0.00
0.00
0.00
0.00
0.00
0.00
0.00
0.00
0.00
0.00
0.00
0.00
0.00
0.00
0.00
0.00
0.00
0.00
0.00
0.00
0.00
0.00
0.00
0.00
0.00
0.00
0.00
0.00
0.00
0.00
0.00
0.00
0.00
0.00
0.00
0.00
0.00
0.00
0.00
1.00
0.00
0.00
0.00
0.00
0.00
0.00
0.00
0.00
0.00
0.00
0.00
0.00
0.00
0.00
0.00
0.00
0.00
0.00
0.00
0.00
0.00
0.00
0.00
0.00
0.00
0.00
0.00
0.00
0.00
0.00
0.00
0.00
0.00
0.00
0.00
0.00
0.00
0.00
0.00
0.00
0.00
0.00
0.00
0.00
0.00
0.00
0.00
0.00
0.00
0.00
0.00
0.00
0.00
0.00
0.00
0.00
0.00
0.00
0.00
0.00
0.00
0.00
0.00
0.00
0.00
0.00
0.00
0.00
0.00
0.00
0.00
0.00
0.00
0.00
0.00
0.00
0.00
0.00
0.00
0.00
0.00
0.00
0.00
0.00
0.00
0.00
0.00
0.00
0.00
0.00
0.00
PROXIMITY:
0
0
0
0
0
0
0
0
0
0
0
0
0
0
0
0
0
0
0
0
0
0
0
0
0
0
0
0
0
0
0
0
0
0
0
0
0
0
0
247
247
146
146
212
212
172
172
193
193
208
208
200
200
198
198
212
212
211
211
212
212
217
217
219
219
232
232
237
237
238
238
231
231
221
221
218
218
223
223
224
224
226
226
229
229
224
224
224
224
221
221
222
222
227
227
225
225
224
224
225
225
226
226
226
226
227
227
227
227
227
227
226
226
224
224
226
226
226
226
227
227
229
229
227
227
227
227
228
228
216
216
239
239
212
212
205
205
209
209
206
206
199
199
202
202
199
199
192
192
186
186
172
172
170
170
168
168
170
170
171
171
171
171
175
175
159
159
143
143
128
128
104
104
85
85
55
55
27
27
5
5
0
0
0
0
0
0
0
0
0
0
7
7
36
36
115
115
162
162
193
193
207
207
215
215
222
222
225
225
209
209
201
201
211
211
228
228
235
235
234
234
232
232
226
226
223
223
225
225
224
224
227
227
229
229
224
224
228
228
225
225
225
225
227
227
226
226
228
228
227
227
227
227
224
224
226
226
227
227
227
227
226
226
227
227
227
227
225
225
224
224
227
227
226
226
227
227
225
225
226
226
225
225
224
224
223
223
226
226
225
225
226
226
229
229
226
226
225
225
227
227
226
226
227
227
228
228
223
223
226
226
227
227
224
224
226
226
225
225
224
224
226
226
226
226
224
224
225
225
226
226
226
226
225
225
227
227
224
224
225
225
226
226
225
225
225
225
229
229
228
