P_X:
0
0
0
0
0
0
0
0
0
0
0
0
0
0
0
0
0
0
0
0
0
0
0
0
0
0
0
0
0
0
0
0
0
0
0
0
0
0
0
0
0
0
0
0
0
0
0
0
0
0
0
0
0
0
0
0
0
0
0
0
0
0
0
0
0
0
0
0
0
0
0
0
0
0
0
0
0
0
0
0
0
2000
2000
6000
6282
6282
9000
9000
9000
9000
9000
9000
9000
9000
7000
3000
3000
3000
3000
3000
3000
3000
3000
3000
3000
3000
3000
3000
3000
3000
3000
3000
3000
3000
3000
3000
3000
3000
3000
3000
3000
3000
3000
3000
3000
3000
3000
3000
3000
3000
3000
3000
3000
3000
3000
3000
3000
3000
3000
3000
3000
3000
3000
3000
3000
3000
3000
3000
3000
3000
3000
3000
3000
3000
3000
3000
3000
3000
3000
3000
3000
3000
3000
3000
3000
3000
3000
3000
3000
3000
3000
3000
3000
3004
3004
3004
3004
5764
5764
5764
5764
5764
2764
5425
5425
5764
5764
5764
5764
3000
3000
3000
3000
3000
3000
3000
3000
3000
3000
3000
3000
3000
2439
2439
3000
3000
3000
3000
3000
3000
3000
3000
3000
3000
3000
3000
3000
3000
3000
3000
3000
3000
3000
3000
3000
3000
3000
3000
3000
3009
3009
3017
3017
3141
3141
3221
3221
3221
3221
3221
212
212
212
212
212
212
212
0
0
0
0
0
0
72
72
72
72
72
72
72
810
810
810
810
810
810
810
738
738
742
742
746
8
8
8
8
8
8
8
8
8
8
8
0
0
0
0
0
0
0
0
0
0
0
0
0
0
0
0
0
0
0
0
0
0
0
0
0
0
0
0
0
0
0
0
0
0
0
0
0
0
0
0
0
0
0
0
0
0
0
0
0
0
0
0
0
0
0
0
0
0
0
0
0
0
0
0
0
0
0
ACC_X:
0.18
0.11
0.11
0.12
0.12
0.12
0.12
0.12
0.16
0.16
0.14
0.04
0.04
0.03
0.03
0.14
0.14
0.19
0.19
0.17
0.11
0.11
0.07
0.07
0.08
0.09
0.09
0.06
0.06
0.06
0.06
0.09
0.09
0.11
0.10
0.10
0.09
0.09
0.09
0.09
0.09
0.09
0.14
0.15
0.15
0.11
0.07
0.07
0.08
0.08
0.10
0.10
0.12
0.11
0.11
0.09
0.09
0.05
0.05
0.04
0.04
0.08
0.12
0.12
0.12
0.12
0.10
0.10
0.09
0.11
0.11
0.14
0.14
0.15
0.15
0.12
0.12
0.10
0.10
0.10
0.11
0.11
0.08
0.08
-0.07
-0.30
-0.30
0.10
0.10
0.72
0.72
1.16
1.19
1.19
0.83
0.83
0.46
0.46
-0.01
-0.38
-0.38
-0.60
-0.60
-0.53
-0.53
-0.13
0.48
0.48
0.81
0.81
0.82
0.82
0.60
0.17
0.17
-0.22
-0.22
-0.41
-0.41
-0.26
-0.26
0.12
0.42
0.42
0.55
0.55
0.50
0.50
0.50
0.50
0.15
0.06
0.06
0.04
0.05
0.05
0.08
0.08
0.11
0.11
0.17
0.22
0.22
0.27
0.27
0.29
0.29
0.28
0.28
0.26
0.24
0.24
0.26
0.26
0.31
0.31
0.39
0.44
0.44
0.39
0.39
0.25
0.25
0.16
0.16
0.18
0.34
0.34
0.85
0.85
1.60
1.60
2.75
3.31
3.31
1.24
1.24
-1.08
-1.08
-1.80
-1.60
-1.60
-0.86
-0.86
-0.48
-0.48
-0.33
-0.32
-0.32
-0.28
-0.28
-0.26
-0.26
-0.32
-0.39
-0.39
-0.45
-0.45
-0.46
-0.46
-0.32
-0.11
-0.11
0.01
0.01
0.00
0.00
-0.08
-0.08
-0.13
-0.07
-0.07
0.06
0.06
0.14
0.14
-0.01
-0.57
-0.57
-1.86
-1.86
-2.79
-2.79
-1.89
-0.24
-0.24
0.53
0.53
0.42
0.42
0.06
0.01
0.01
0.26
0.26
0.44
0.44
0.54
0.54
0.61
0.64
0.64
0.61
0.61
0.60
0.69
0.69
0.88
0.88
1.12
1.12
1.15
1.15
0.79
0.31
0.31
0.01
0.01
-0.09
-0.09
-0.09
-0.10
-0.10
-0.11
-0.11
-0.05
-0.05
0.06
0.19
0.19
0.28
0.28
0.30
0.30
0.27
0.24
0.24
0.24
0.24
0.25
0.25
0.25
0.25
0.24
0.23
0.23
0.23
0.23
0.23
0.22
0.22
0.22
0.22
0.23
0.23
0.25
0.25
0.24
0.23
0.23
0.23
0.23
0.23
0.23
0.23
0.24
0.24
0.25
0.25
0.24
0.24
0.22
0.21
0.21
0.22
0.22
0.23
0.23
0.24
0.25
0.25
0.24
0.24
0.22
0.22
0.22
0.22
0.22
0.23
0.23
0.24
0.24
0.24
0.24
0.24
0.23
0.23
0.23
0.23
0.23
0.23
0.23
0.22
0.22
0.23
0.23
0.24
0.24
0.24
0.24
0.24
ACC_Y:
0.12
0.08
0.08
0.09
0.09
0.09
0.06
0.06
0.13
0.13
0.12
0.06
0.06
0.05
0.05
0.07
0.07
0.10
0.10
0.13
0.08
0.08
0.05
0.05
0.08
0.08
0.08
0.07
0.07
0.05
0.05
0.06
0.06
0.09
0.09
0.09
0.08
0.08
0.07
0.07
0.07
0.07
0.10
0.10
0.10
0.09
0.08
0.08
0.07
0.07
0.08
0.08
0.08
0.09
0.09
0.09
0.09
0.08
0.08
0.07
0.07
0.05
0.06
0.06
0.09
0.09
0.10
0.10
0.08
0.06
0.06
0.07
0.07
0.08
0.08
0.08
0.08
0.07
0.07
0.07
0.06
0.06
0.05
0.05
0.11
0.36
0.36
0.34
0.34
0.04
0.04
0.07
0.41
0.41
0.57
0.57
0.35
0.35
0.16
0.01
0.01
-0.14
-0.14
-0.21
-0.21
-0.21
-0.16
-0.16
-0.10
-0.10
-0.04
-0.04
0.01
0.12
0.12
0.25
0.25
0.23
0.23
0.16
0.16
0.12
-0.01
-0.01
-0.12
-0.12
-0.09
-0.09
-0.09
-0.09
0.13
0.23
0.23
0.27
0.22
0.22
0.11
0.11
-0.01
-0.01
-0.10
-0.13
-0.13
-0.10
-0.10
-0.04
-0.04
0.01
0.01
0.04
0.03
0.03
-0.00
-0.00
-0.04
-0.04
-0.06
-0.04
-0.04
0.02
0.02
0.08
0.08
0.10
0.10
-0.00
-0.07
-0.07
-0.13
-0.13
-0.51
-0.51
-0.52
0.40
0.40
0.97
0.97
0.41
0.41
-0.20
-0.17
-0.17
0.08
0.08
0.14
0.14
0.08
0.09
0.09
-0.02
-0.02
-0.32
-0.32
-0.45
-0.41
-0.41
-0.14
-0.14
0.40
0.40
0.75
0.67
0.67
0.43
0.43
0.33
0.33
0.37
0.37
0.46
0.52
0.52
0.49
0.49
0.32
0.32
0.13
-0.02
-0.02
-0.55
-0.55
-1.85
-1.85
-2.54
-1.80
-1.80
-0.81
-0.81
-0.33
-0.33
-0.43
-0.64
-0.64
-0.73
-0.73
-0.69
-0.69
-0.54
-0.54
-0.41
-0.31
-0.31
-0.23
-0.23
-0.17
-0.11
-0.11
-0.06
-0.06
-0.02
-0.02
0.06
0.06
0.25
0.48
0.48
0.61
0.61
0.59
0.59
0.46
0.28
0.28
0.14
0.14
0.06
0.06
0.02
-0.02
-0.02
-0.09
-0.09
-0.16
-0.16
-0.22
-0.25
-0.25
-0.28
-0.28
-0.29
-0.29
-0.29
-0.29
-0.26
-0.21
-0.21
-0.16
-0.16
-0.12
-0.09
-0.09
-0.07
-0.07
-0.04
-0.04
-0.02
-0.02
-0.00
0.02
0.02
0.01
0.01
-0.02
-0.02
-0.07
-0.11
-0.11
-0.13
-0.13
-0.14
-0.14
-0.12
-0.09
-0.09
-0.07
-0.07
-0.07
-0.07
-0.07
-0.08
-0.08
-0.09
-0.09
-0.08
-0.08
-0.07
-0.07
-0.07
-0.07
-0.07
-0.08
-0.08
-0.10
-0.11
-0.11
-0.11
-0.11
-0.09
-0.09
-0.08
-0.08
-0.06
-0.06
-0.06
-0.07
-0.07
-0.08
-0.08
-0.10
-0.10
-0.10
ACC_Z:
1.01
0.96
0.96
0.99
0.99
0.99
1.01
1.01
1.00
1.00
1.03
1.04
1.04
0.99
0.99
0.96
0.96
0.97
0.97
0.97
0.98
0.98
0.99
0.99
1.00
1.00
1.00
0.99
0.99
1.00
1.00
1.03
1.03
1.03
0.99
0.99
0.96
0.96
0.95
0.95
0.95
0.95
1.00
1.00
1.00
1.02
1.02
1.02
0.99
0.99
0.99
0.99
1.00
1.00
1.00
1.01
1.01
1.04
1.04
1.04
1.04
1.03
1.02
1.02
1.01
1.01
1.00
1.00
0.98
0.95
0.95
0.97
0.97
1.01
1.01
1.01
1.01
1.00
1.00
1.00
1.00
1.00
1.00
1.00
0.94
0.47
0.47
0.19
0.19
0.44
0.44
0.41
-0.11
-0.11
-0.45
-0.45
-0.39
-0.39
-0.32
-0.30
-0.30
-0.30
-0.30
-0.21
-0.21
-0.13
-0.07
-0.07
0.00
0.00
-0.07
-0.07
-0.15
-0.22
-0.22
-0.26
-0.26
-0.20
-0.20
-0.14
-0.14
-0.06
0.02
0.02
0.01
0.01
-0.09
-0.09
-0.09
-0.09
-0.21
-0.23
-0.23
-0.19
-0.13
-0.13
-0.11
-0.11
-0.13
-0.13
-0.12
-0.12
-0.12
-0.17
-0.17
-0.23
-0.23
-0.21
-0.21
-0.17
-0.16
-0.16
-0.13
-0.13
-0.13
-0.13
-0.11
-0.12
-0.12
-0.14
-0.14
-0.13
-0.13
-0.11
-0.11
-0.09
-0.12
-0.12
0.02
0.02
0.18
0.18
0.87
1.52
1.52
1.52
1.52
0.68
0.68
-0.38
-0.35
-0.35
-0.20
-0.20
-0.13
-0.13
0.03
-0.09
-0.09
-0.04
-0.04
-0.13
-0.13
-0.25
-0.24
-0.24
-0.13
-0.13
0.17
0.17
0.36
0.39
0.39
0.31
0.31
0.27
0.27
0.26
0.26
0.28
0.33
0.33
0.36
0.36
0.35
0.35
0.39
0.82
0.82
1.99
1.99
3.19
3.19
3.07
1.73
1.73
0.51
0.51
0.05
0.05
0.14
0.34
0.34
0.39
0.39
0.36
0.36
0.36
0.36
0.41
0.46
0.46
0.51
0.51
0.61
0.81
0.81
1.15
1.15
1.52
1.52
1.66
1.66
1.47
1.13
1.13
0.84
0.84
0.66
0.66
0.56
0.56
0.56
0.69
0.69
0.91
0.91
1.14
1.30
1.30
1.30
1.30
1.13
1.13
0.92
0.81
0.81
0.85
0.85
0.97
0.97
1.04
1.04
1.02
0.96
0.96
0.94
0.94
0.97
0.99
0.99
0.99
0.99
0.98
0.98
0.97
0.97
0.97
0.97
0.97
0.98
0.98
0.97
0.97
0.97
0.98
0.98
0.98
0.98
0.98
0.98
0.98
0.98
0.98
0.98
0.98
0.97
0.97
0.97
0.98
0.98
0.98
0.98
0.98
0.98
0.98
0.98
0.98
0.97
0.97
0.97
0.97
0.98
0.98
0.98
0.98
0.98
0.98
0.98
0.98
0.98
0.98
0.97
0.97
0.98
0.98
0.98
0.98
0.98
0.98
0.98
PIEZO:
0.00
0.00
0.00
0.00
0.00
0.00
0.00
0.00
0.00
0.00
0.00
0.00
0.00
0.00
0.00
0.00
0.00
0.00
0.00
0.00
0.00
0.00
0.00
0.00
3.00
1.00
0.00
0.00
0.00
0.00
0.00
0.00
0.00
0.00
0.00
0.00
0.00
0.00
0.00
0.00
0.00
0.00
0.00
0.00
0.00
0.00
0.00
0.00
0.00
0.00
0.00
0.00
0.00
0.00
0.00
0.00
0.00
0.00
0.00
0.00
0.00
0.00
0.00
0.00
0.00
0.00
0.00
0.00
0.00
0.00
0.00
0.00
0.00
0.00
0.00
0.00
0.00
0.00
0.00
0.00
0.00
802.00
42.00
1007.00
0.00
0.00
437.00
65.00
131.00
0.00
131.00
0.00
0.00
0.00
0.00
0.00
135.00
254.00
167.00
116.00
38.00
100.00
0.00
0.00
67.00
0.00
0.00
0.00
43.00
42.00
0.00
0.00
38.00
60.00
58.00
36.00
0.00
0.00
3.00
0.00
0.00
0.00
0.00
0.00
0.00
12.00
20.00
35.00
47.00
37.00
12.00
0.00
0.00
0.00
0.00
0.00
0.00
0.00
0.00
2.00
13.00
19.00
23.00
19.00
0.00
0.00
0.00
0.00
0.00
0.00
0.00
0.00
4.00
0.00
12.00
6.00
1.00
5.00
12.00
0.00
0.00
0.00
0.00
0.00
0.00
0.00
0.00
6.00
9.00
18.00
4.00
85.00
0.00
0.00
8.00
174.00
65.00
0.00
0.00
178.00
0.00
0.00
16.00
5.00
0.00
0.00
0.00
6.00
23.00
10.00
0.00
0.00
25.00
0.00
3.00
13.00
0.00
0.00
0.00
0.00
0.00
0.00
2.00
0.00
0.00
0.00
23.00
29.00
32.00
1.00
0.00
0.00
0.00
0.00
0.00
0.00
0.00
0.00
3.00
4.00
0.00
0.00
0.00
0.00
0.00
4.00
12.00
0.00
0.00
0.00
0.00
0.00
11.00
23.00
22.00
17.00
0.00
0.00
1.00
0.00
0.00
0.00
0.00
0.00
0.00
0.00
46.00
7.00
0.00
0.00
0.00
0.00
0.00
3.00
15.00
25.00
19.00
8.00
0.00
0.00
0.00
0.00
0.00
0.00
7.00
18.00
23.00
8.00
0.00
0.00
0.00
0.00
0.00
0.00
0.00
0.00
3.00
4.00
5.00
2.00
0.00
0.00
0.00
0.00
0.00
2.00
0.00
0.00
0.00
55.00
0.00
0.00
0.00
0.00
1.00
11.00
9.00
0.00
2.00
3.00
6.00
0.00
0.00
0.00
0.00
0.00
0.00
0.00
0.00
0.00
1.00
5.00
5.00
3.00
1.00
2.00
0.00
0.00
0.00
0.00
0.00
0.00
0.00
0.00
0.00
0.00
0.00
0.00
0.00
0.00
0.00
0.00
0.00
0.00
0.00
0.00
0.00
0.00
0.00
0.00
0.00
0.00
0.00
0.00
0.00
0.00
0.00
0.00
0.00
0.00
PROXIMITY:
20
19
19
20
20
21
21
20
20
19
19
19
19
20
20
19
19
18
18
19
19
20
20
21
21
21
21
19
19
18
18
19
19
21
21
22
22
20
20
20
20
18
18
19
19
19
19
20
20
19
19
19
19
18
18
19
19
21
21
18
18
19
19
20
20
20
20
19
19
20
20
19
19
19
19
19
19
19
19
20
20
40
40
236
236
0
0
0
0
17
17
0
0
0
0
0
0
0
0
0
0
0
0
0
0
0
0
0
0
0
0
0
0
0
0
0
0
0
0
0
0
0
0
0
0
0
0
0
0
0
0
0
0
0
0
0
0
0
0
0
0
0
0
0
0
0
0
0
0
0
0
0
0
0
0
0
0
0
0
0
0
0
0
0
0
0
0
0
0
0
0
0
0
102
102
83
83
163
163
136
136
95
95
66
66
67
67
63
63
69
69
70
70
72
72
72
72
71
71
66
66
62
62
58
58
58
58
60
60
63
63
60
60
60
60
59
59
68
68
76
76
58
58
45
45
56
56
94
94
94
94
103
103
111
111
114
114
110
110
97
97
88
88
84
84
85
85
89
89
89
89
99
99
108
108
108
108
107
107
102
102
96
96
92
92
94
94
96
96
102
102
103
103
99
99
97
97
93
93
92
92
91
91
91
91
90
90
94
94
91
91
96
96
92
92
90
90
89
89
91
91
95
95
94
94
92
92
90
90
92
92
89
89
91
91
95
95
93
93
93
93
95
95
92
92
92
92
90
90
93
93
92
92
94
94
92
92
92
92
89
89
92
92
92
92
91
91
93
93
91
