PIEZO:
0.00
1.00
3.00
0.00
0.00
0.00
0.00
0.00
2.00
1.00
3.00
4.00
0.00
0.00
0.00
15.00
0.00
0.00
0.00
4.00
0.00
1.00
5.00
3.00
0.00
0.00
6.00
2.00
0.00
30.00
0.00
0.00
0.00
2.00
3.00
18.00
0.00
3.00
38.00
0.00
4.00
0.00
0.00
1.00
0.00
0.00
0.00
0.00
8.00
0.00
0.00
6.00
0.00
7.00
6.00
0.00
0.00
17.00
0.00
2.00
1.00
0.00
0.00
0.00
2.00
0.00
6.00
0.00
4.00
0.00
0.00
4.00
0.00
0.00
24.00
2.00
0.00
0.00
0.00
40.00
2.00
1.00
2.00
4.00
13.00
0.00
0.00
1.00
0.00
3.00
0.00
0.00
0.00
0.00
0.00
15.00
0.00
0.00
3.00
15.00
4.00
0.00
12.00
6.00
5.00
1.00
1.00
31.00
0.00
1.00
6.00
1.00
37.00
255.00
0.00
5.00
0.00
0.00
1.00
1.00
0.00
3.00
4.00
1.00
0.00
0.00
2.00
1.00
0.00
1.00
6.00
2.00
3.00
5.00
1.00
2.00
2.00
0.00
0.00
7.00
4.00
3.00
4.00
2.00
0.00
1.00
0.00
2.00
0.00
0.00
2.00
1.00
1.00
1.00
2.00
0.00
2.00
0.00
1.00
0.00
2.00
2.00
1.00
0.00
0.00
0.00
2.00
3.00
2.00
0.00
0.00
2.00
0.00
2.00
0.00
1.00
1.00
0.00
1.00
0.00
6.00
1.00
2.00
1.00
0.00
3.00
0.00
1.00
5.00
4.00
0.00
1.00
0.00
1.00
4.00
0.00
2.00
0.00
1.00
4.00
0.00
11.00
2.00
19.00
0.00
0.00
1.00
2.00
1.00
0.00
0.00
2.00
2.00
10.00
1.00
2.00
1.00
0.00
4.00
1.00
4.00
0.00
0.00
0.00
3.00
2.00
1.00
1.00
3.00
0.00
1.00
0.00
0.00
1.00
1.00
1.00
0.00
0.00
2.00
1.00
0.00
3.00
1.00
0.00
1.00
2.00
0.00
2.00
3.00
0.00
1.00
1.00
2.00
22.00
0.00
1.00
1.00
2.00
3.00
1.00
1.00
21.00
2.00
0.00
0.00
3.00
1.00
3.00
7.00
4.00
1.00
19.00
2.00
5.00
4.00
1.00
3.00
2.00
2.00
0.00
1.00
0.00
1.00
0.00
3.00
0.00
0.00
0.00
2.00
0.00
0.00
2.00
0.00
1.00
1.00
1.00
3.00
4.00
2.00
1.00
1.00
3.00
2.00
3.00
2.00
0.00
16.00
4.00
1.00
2.00
0.00
0.00
1.00
2.00
1.00
4.00
0.00
0.00
0.00
0.00
1.00
2.00
0.00
4.00
1.00
1.00
0.00
2.00
1.00
1.00
1.00
1.00
1.00
6.00
18.00
2.00
1.00
2.00
6.00
0.00
0.00
2.00
1.00
2.00
1.00
1.00
2.00
1.00
4.00
1.00
0.00
1.00
1.00
4.00
3.00
15.00
2.00
1.00
1.00
0.00
2.00
1.00
0.00
2.00
0.00
3.00
3.00
4.00
0.00
6.00
0.00
0.00
2.00
0.00
4.00
0.00
8.00
2.00
2.00
1.00
1.00
1.00
1.00
0.00
0.00
3.00
1.00
3.00
0.00
2.00
1.00
2.00
2.00
0.00
3.00
3.00
0.00
0.00
4.00
0.00
3.00
1.00
3.00
10.00
3.00
2.00
2.00
5.00
0.00
1.00
1.00
3.00
8.00
0.00
2.00
0.00
0.00
3.00
19.00
1.00
0.00
2.00
0.00
0.00
1.00
1.00
0.00
0.00
1.00
1.00
0.00
0.00
0.00
0.00
3.00
3.00
5.00
5.00
4.00
1.00
4.00
0.00
1.00
3.00
0.00
0.00
0.00
2.00
13.00
3.00
1.00
0.00
2.00
4.00
4.00
0.00
4.00
4.00
2.00
6.00
3.00
5.00
0.00
2.00
3.00
0.00
0.00
6.00
4.00
0.00
0.00
3.00
2.00
6.00
0.00
3.00
1.00
1.00
3.00
0.00
1.00
1.00
4.00
2.00
0.00
2.00
3.00
1.00
2.00
0.00
0.00
4.00
2.00
4.00
1.00
1.00
0.00
2.00
3.00
0.00
