PIEZO:
6.00
3.00
4.00
0.00
1.00
7.00
0.00
0.00
2.00
0.00
0.00
0.00
0.00
4.00
8.00
0.00
2.00
0.00
0.00
0.00
7.00
3.00
10.00
0.00
0.00
0.00
0.00
0.00
2.00
5.00
0.00
0.00
0.00
3.00
0.00
0.00
0.00
0.00
0.00
0.00
15.00
0.00
10.00
8.00
2.00
0.00
5.00
0.00
0.00
0.00
5.00
0.00
0.00
0.00
4.00
0.00
0.00
0.00
0.00
4.00
7.00
0.00
0.00
0.00
14.00
0.00
3.00
4.00
0.00
0.00
5.00
0.00
0.00
1.00
0.00
0.00
0.00
21.00
0.00
1.00
0.00
15.00
0.00
1.00
7.00
6.00
4.00
2.00
3.00
0.00
32.00
5.00
6.00
7.00
3.00
0.00
9.00
5.00
0.00
1.00
4.00
0.00
0.00
0.00
1.00
0.00
2.00
0.00
0.00
0.00
0.00
2.00
19.00
9.00
0.00
0.00
0.00
3.00
0.00
0.00
0.00
0.00
0.00
9.00
0.00
0.00
10.00
3.00
0.00
0.00
32.00
0.00
0.00
0.00
0.00
0.00
0.00
7.00
7.00
11.00
4.00
30.00
10.00
3.00
0.00
4.00
5.00
14.00
5.00
0.00
2.00
4.00
1.00
2.00
0.00
13.00
4.00
2.00
0.00
0.00
5.00
7.00
0.00
0.00
0.00
1.00
0.00
3.00
0.00
0.00
0.00
0.00
5.00
1.00
0.00
0.00
7.00
0.00
0.00
16.00
0.00
0.00
10.00
0.00
2.00
3.00
0.00
0.00
0.00
0.00
0.00
0.00
0.00
0.00
0.00
0.00
0.00
0.00
1.00
0.00
2.00
4.00
17.00
0.00
43.00
0.00
5.00
0.00
0.00
0.00
6.00
4.00
0.00
0.00
0.00
7.00
0.00
4.00
0.00
0.00
0.00
16.00
16.00
0.00
1.00
3.00
0.00
0.00
1.00
21.00
0.00
0.00
2.00
0.00
0.00
0.00
2.00
1.00
6.00
2.00
0.00
1.00
4.00
0.00
0.00
0.00
2.00
0.00
6.00
1.00
0.00
4.00
0.00
5.00
12.00
11.00
3.00
0.00
18.00
0.00
0.00
2.00
9.00
0.00
0.00
4.00
0.00
2.00
0.00
20.00
0.00
0.00
0.00
0.00
0.00
0.00
3.00
1.00
0.00
0.00
1.00
2.00
1.00
0.00
0.00
3.00
14.00
2.00
11.00
0.00
0.00
6.00
4.00
1.00
0.00
4.00
0.00
0.00
4.00
3.00
1.00
0.00
0.00
0.00
0.00
1.00
0.00
2.00
0.00
5.00
0.00
0.00
34.00
0.00
0.00
0.00
3.00
2.00
10.00
1.00
0.00
1.00
0.00
3.00
0.00
8.00
3.00
0.00
0.00
4.00
0.00
1.00
12.00
0.00
14.00
10.00
1.00
6.00
0.00
0.00
6.00
0.00
35.00
1.00
2.00
1.00
5.00
3.00
1.00
4.00
0.00
0.00
7.00
0.00
5.00
1.00
1.00
2.00
0.00
0.00
0.00
0.00
0.00
4.00
0.00
0.00
14.00
0.00
3.00
2.00
3.00
0.00
5.00
1.00
6.00
2.00
6.00
0.00
0.00
5.00
7.00
6.00
2.00
0.00
0.00
5.00
5.00
3.00
3.00
6.00
0.00
4.00
0.00
0.00
0.00
0.00
0.00
0.00
0.00
0.00
0.00
28.00
0.00
0.00
0.00
5.00
2.00
0.00
0.00
0.00
8.00
1.00
0.00
0.00
0.00
0.00
0.00
5.00
0.00
9.00
28.00
8.00
2.00
9.00
0.00
0.00
0.00
1.00
0.00
21.00
3.00
0.00
0.00
0.00
0.00
0.00
0.00
0.00
0.00
0.00
3.00
3.00
2.00
0.00
1.00
0.00
0.00
0.00
0.00
0.00
2.00
14.00
6.00
3.00
20.00
0.00
0.00
0.00
0.00
4.00
15.00
0.00
0.00
0.00
1.00
0.00
3.00
5.00
0.00
0.00
2.00
0.00
5.00
7.00
37.00
0.00
0.00
0.00
9.00
0.00
16.00
0.00
8.00
0.00
0.00
0.00
1.00
0.00
2.00
0.00
2.00
0.00
4.00
0.00
2.00
17.00
0.00
3.00
0.00
0.00
