PIEZO:
0.00
24.00
0.00
0.00
0.00
0.00
13.00
0.00
0.00
11.00
0.00
0.00
2.00
19.00
38.00
0.00
0.00
0.00
21.00
1.00
4.00
3.00
0.00
2.00
0.00
0.00
2.00
0.00
1.00
1.00
0.00
1.00
3.00
0.00
12.00
0.00
0.00
4.00
0.00
0.00
5.00
0.00
0.00
0.00
0.00
5.00
0.00
6.00
0.00
0.00
0.00
1.00
4.00
0.00
2.00
12.00
2.00
0.00
0.00
1.00
3.00
3.00
0.00
6.00
12.00
3.00
0.00
0.00
0.00
0.00
6.00
2.00
1.00
0.00
0.00
1.00
0.00
1.00
0.00
0.00
0.00
0.00
0.00
0.00
12.00
0.00
1.00
2.00
0.00
6.00
1.00
5.00
0.00
0.00
0.00
0.00
1.00
7.00
0.00
0.00
0.00
0.00
7.00
0.00
0.00
27.00
0.00
0.00
0.00
0.00
3.00
1.00
0.00
0.00
24.00
0.00
0.00
0.00
0.00
2.00
0.00
2.00
3.00
0.00
4.00
0.00
0.00
0.00
0.00
4.00
14.00
1.00
3.00
4.00
1.00
4.00
7.00
5.00
0.00
0.00
0.00
5.00
0.00
6.00
417.00
678.00
0.00
269.00
7.00
94.00
67.00
0.00
23.00
0.00
0.00
0.00
0.00
9.00
0.00
0.00
0.00
3.00
2.00
0.00
0.00
19.00
0.00
0.00
0.00
0.00
1.00
0.00
0.00
0.00
0.00
0.00
0.00
0.00
1.00
0.00
0.00
0.00
0.00
11.00
0.00
0.00
0.00
7.00
3.00
0.00
1.00
0.00
1.00
3.00
0.00
7.00
1.00
4.00
6.00
0.00
0.00
5.00
4.00
0.00
0.00
0.00
0.00
0.00
0.00
11.00
0.00
0.00
0.00
0.00
0.00
0.00
20.00
8.00
0.00
0.00
0.00
0.00
3.00
0.00
0.00
0.00
0.00
5.00
3.00
0.00
0.00
0.00
5.00
4.00
0.00
0.00
0.00
6.00
5.00
8.00
10.00
0.00
0.00
2.00
0.00
0.00
4.00
11.00
1.00
12.00
0.00
2.00
7.00
1.00
0.00
1.00
8.00
1.00
0.00
5.00
0.00
0.00
2.00
0.00
0.00
8.00
17.00
0.00
0.00
0.00
0.00
3.00
0.00
0.00
23.00
0.00
5.00
0.00
6.00
8.00
2.00
2.00
0.00
0.00
2.00
0.00
2.00
0.00
0.00
0.00
0.00
3.00
0.00
0.00
0.00
0.00
2.00
1.00
0.00
0.00
0.00
26.00
2.00
0.00
0.00
0.00
2.00
1.00
0.00
6.00
2.00
2.00
18.00
0.00
0.00
2.00
3.00
2.00
0.00
0.00
5.00
1.00
0.00
3.00
1.00
4.00
9.00
6.00
0.00
6.00
0.00
1.00
0.00
4.00
0.00
0.00
0.00
0.00
5.00
0.00
5.00
8.00
1.00
28.00
0.00
0.00
0.00
0.00
29.00
0.00
0.00
0.00
0.00
0.00
0.00
0.00
0.00
2.00
4.00
2.00
2.00
1.00
0.00
6.00
0.00
0.00
0.00
0.00
4.00
0.00
1.00
3.00
0.00
0.00
0.00
2.00
0.00
1.00
0.00
3.00
4.00
2.00
0.00
0.00
0.00
5.00
0.00
1.00
0.00
0.00
0.00
3.00
0.00
0.00
3.00
0.00
0.00
0.00
8.00
8.00
7.00
1.00
1.00
27.00
0.00
6.00
0.00
0.00
1.00
32.00
4.00
0.00
39.00
2.00
0.00
0.00
0.00
0.00
0.00
1.00
2.00
0.00
3.00
0.00
2.00
3.00
0.00
2.00
0.00
2.00
2.00
9.00
1.00
0.00
0.00
0.00
0.00
9.00
0.00
6.00
6.00
4.00
0.00
3.00
0.00
0.00
3.00
31.00
0.00
4.00
2.00
0.00
0.00
0.00
0.00
0.00
2.00
0.00
2.00
0.00
5.00
0.00
12.00
0.00
0.00
0.00
28.00
0.00
0.00
0.00
7.00
3.00
3.00
0.00
7.00
0.00
0.00
6.00
0.00
0.00
0.00
6.00
3.00
0.00
0.00
0.00
3.00
9.00
0.00
0.00
22.00
5.00
0.00
0.00
7.00
2.00
3.00
7.00
0.00
11.00
