P_X:
0
0
0
0
0
0
0
0
0
0
0
0
0
0
0
0
0
0
0
0
0
0
0
0
0
0
0
0
0
0
0
0
0
0
0
0
0
0
0
0
0
0
0
0
0
0
0
0
0
0
0
0
0
0
0
0
0
0
0
0
0
0
0
0
0
0
0
0
0
0
0
0
0
0
0
0
0
0
0
0
0
0
0
0
0
0
0
0
0
0
0
0
0
0
0
0
0
0
0
0
0
0
0
0
0
0
0
0
0
0
0
0
0
0
0
0
0
0
0
0
0
0
0
0
0
0
0
0
0
0
0
0
0
0
0
0
0
0
0
0
0
0
0
0
0
0
0
0
0
0
0
0
0
0
0
0
0
0
0
0
0
0
0
0
0
0
0
0
0
0
0
0
0
0
0
0
0
0
0
0
0
0
0
0
0
0
0
0
0
0
0
0
0
0
0
0
0
0
0
0
0
0
0
0
0
0
0
0
0
0
0
0
0
0
0
0
0
0
0
0
0
0
0
0
0
0
0
0
0
0
0
0
0
0
0
0
0
0
0
0
0
0
0
0
0
0
0
0
0
0
0
0
0
0
0
0
0
0
0
0
0
0
0
0
0
0
0
0
0
0
0
0
0
0
0
0
0
0
0
0
0
0
0
0
0
0
0
0
0
0
0
0
0
0
0
0
0
0
0
0
0
0
0
0
0
0
0
0
0
0
0
0
0
0
0
0
0
0
0
0
0
0
0
0
0
0
0
0
0
0
0
0
0
0
0
0
0
0
0
0
0
0
0
0
0
0
0
0
0
0
ACC_X:
0.13
0.08
0.08
0.08
0.07
0.07
0.07
0.07
0.07
0.07
0.07
0.07
0.07
0.07
0.07
0.06
0.06
0.05
0.05
0.04
0.03
0.03
0.02
0.02
0.01
0.01
0.00
-0.00
-0.00
-0.01
-0.01
-0.01
-0.01
-0.00
-0.00
-0.00
0.01
0.01
0.01
0.01
0.02
0.03
0.03
0.05
0.05
0.07
0.07
0.08
0.10
0.10
0.12
0.12
0.14
0.14
0.15
0.16
0.16
0.17
0.17
0.17
0.17
0.17
0.17
0.17
0.16
0.16
0.15
0.15
0.15
0.15
0.14
0.14
0.14
0.14
0.14
0.15
0.15
0.15
0.14
0.14
0.14
0.14
0.13
0.13
0.14
0.14
0.14
0.14
0.14
0.15
0.15
0.15
0.16
0.16
0.16
0.16
0.16
0.16
0.16
0.16
0.16
0.16
0.16
0.16
0.16
0.16
0.17
0.17
0.18
0.18
0.19
0.19
0.19
0.20
0.20
0.20
0.20
0.21
0.21
0.21
0.21
0.21
0.22
0.22
0.22
0.22
0.23
0.23
0.24
0.24
0.24
0.24
0.24
0.25
0.25
0.25
0.25
0.25
0.25
0.25
0.25
0.25
0.25
0.25
0.25
0.26
0.26
0.26
0.26
0.26
0.26
0.26
0.25
0.25
0.25
0.25
0.24
0.24
0.24
0.23
0.23
0.23
0.23
0.23
0.23
0.23
0.23
0.23
0.23
0.23
0.22
0.22
0.22
0.22
0.22
0.21
0.21
0.21
0.21
0.21
0.21
0.21
0.21
0.21
0.21
0.21
0.21
0.21
0.21
0.21
0.21
0.21
0.21
0.20
0.20
0.20
0.20
0.20
0.20
0.20
0.20
0.20
0.20
0.20
0.20
0.19
0.19
0.19
0.19
0.19
0.19
0.19
0.19
0.19
0.19
0.20
0.20
0.20
0.20
0.20
0.20
0.21
0.21
0.21
0.21
0.21
0.21
0.21
0.22
0.23
0.23
0.23
0.23
0.23
0.23
0.24
0.24
0.24
0.23
0.23
0.22
0.22
0.22
0.22
0.21
0.20
0.20
0.19
0.19
0.19
0.19
0.18
0.17
0.17
0.16
0.16
0.15
0.15
0.15
0.14
0.14
0.14
0.14
0.14
0.14
0.14
0.15
0.15
0.16
0.16
0.16
0.16
0.15
0.15
0.15
0.15
0.15
0.15
0.15
0.16
0.16
0.16
0.16
0.16
0.17
0.17
0.17
0.17
0.17
0.18
0.18
0.19
0.19
0.20
0.20
0.21
0.21
0.21
0.21
0.21
0.20
0.20
0.20
0.19
0.19
0.19
0.19
0.18
0.18
0.18
0.18
0.18
0.18
0.18
0.17
0.17
0.17
0.17
0.17
0.17
0.17
0.17
0.17
0.18
0.18
0.18
0.18
0.18
0.19
0.19
0.19
0.20
0.20
0.21
0.21
0.21
0.21
0.22
0.22
0.22
0.24
0.24
0.24
0.24
0.25
0.25
0.25
0.26
0.26
0.26
0.26
ACC_Y:
-0.01
-0.06
-0.06
-0.06
-0.06
-0.06
-0.06
-0.06
-0.06
-0.06
-0.06
-0.06
-0.06
-0.06
-0.06
-0.06
-0.06
-0.06
-0.06
-0.05
-0.05
-0.05
-0.05
-0.05
-0.05
-0.05
-0.04
-0.03
-0.03
-0.03
-0.03
-0.02
-0.02
-0.02
-0.01
-0.01
-0.01
-0.01
-0.01
-0.01
-0.00
0.01
0.01
0.01
0.01
0.01
0.01
0.01
0.02
0.02
0.02
0.02
0.03
0.03
0.03
0.03
0.03
0.03
0.03
0.04
0.04
0.04
0.06
0.06
0.07
0.07
0.07
0.07
0.06
0.06
0.06
0.07
0.07
0.07
0.07
0.08
0.08
0.08
0.08
0.08
0.07
0.07
0.07
0.07
0.07
0.08
0.08
0.08
0.08
0.08
0.08
0.08
0.07
0.07
0.07
0.07
0.07
0.07
0.07
0.07
0.07
0.07
0.07
0.07
0.07
0.07
0.07
0.07
0.07
0.07
0.07
0.07
0.07
0.07
0.07
0.07
0.07
0.08
0.08
0.08
0.08
0.08
0.10
0.10
0.10
0.10
0.10
0.10
0.10
0.10
0.10
0.11
0.11
0.11
0.11
0.12
0.11
0.11
0.11
0.11
0.11
0.11
0.11
0.12
0.12
0.12
0.12
0.11
0.11
0.11
0.10
0.10
0.10
0.10
0.10
0.10
0.10
0.10
0.10
0.09
0.09
0.09
0.09
0.08
0.08
0.08
0.08
0.08
0.08
0.08
0.08
0.08
0.08
0.07
0.07
0.07
0.07
0.07
0.08
0.08
0.08
0.08
0.08
0.08
0.08
0.08
0.08
0.08
0.08
0.08
0.08
0.08
0.08
0.08
0.09
0.09
0.09
0.09
0.09
0.09
0.09
0.09
0.09
0.09
0.09
0.09
0.09
0.09
0.09
0.09
0.09
0.09
0.09
0.09
0.09
0.09
0.09
0.09
0.09
0.09
0.09
0.09
0.08
0.08
0.08
0.08
0.08
0.08
0.07
0.07
0.07
0.07
0.07
0.07
0.07
0.07
0.07
0.07
0.07
0.07
0.06
0.06
0.06
0.06
0.06
0.06
0.06
0.06
0.06
0.06
0.06
0.06
0.06
0.06
0.06
0.06
0.06
0.06
0.06
0.06
0.06
0.06
0.06
0.05
0.05
0.06
0.06
0.06
0.07
0.07
0.08
0.08
0.07
0.06
0.06
0.06
0.06
0.06
0.06
0.07
0.07
0.07
0.07
0.07
0.07
0.07
0.06
0.06
0.06
0.05
0.05
0.05
0.05
0.05
0.05
0.05
0.04
0.04
0.04
0.04
0.03
0.03
0.03
0.02
0.02
0.02
0.02
0.03
0.03
0.04
0.04
0.04
0.04
0.04
0.04
0.04
0.04
0.05
0.05
0.05
0.05
0.05
0.05
0.05
0.05
0.05
0.05
0.05
0.05
0.05
0.06
0.06
0.06
0.07
0.07
0.08
0.08
0.08
0.08
0.08
0.09
0.09
0.09
0.09
0.09
0.09
0.10
0.10
0.10
0.09
0.09
ACC_Z:
0.95
1.12
1.12
1.16
1.20
1.20
1.24
1.24
1.30
1.30
1.36
1.36
1.36
1.45
1.45
1.48
1.48
1.49
1.49
1.50
1.48
1.48
1.45
1.45
1.41
1.41
1.37
1.33
1.33
1.30
1.30
1.28
1.28
1.25
1.24
1.24
1.22
1.22
1.21
1.21
1.23
1.26
1.26
1.31
1.31
1.36
1.36
1.41
1.47
1.47
1.52
1.52
1.55
1.55
1.54
1.53
1.53
1.49
1.49
1.45
1.45
1.40
1.35
1.35
1.29
1.29
1.24
1.24
1.19
1.19
1.15
1.11
1.11
1.08
1.08
1.05
1.05
1.02
0.99
0.99
0.97
0.97
0.96
0.96
0.95
0.95
0.95
0.95
0.95
0.95
0.95
0.94
0.94
0.94
0.93
0.93
0.93
0.93
0.94
0.94
0.94
0.94
0.94
0.96
0.96
0.98
1.00
1.00
1.02
1.02
1.03
1.03
1.05
1.06
1.06
1.06
1.06
1.06
1.06
1.07
1.07
1.07
1.08
1.08
1.09
1.09
1.10
1.10
1.10
1.09
1.09
1.09
1.09
1.08
1.08
1.07
1.07
1.07
1.07
1.07
1.07
1.07
1.08
1.08
1.08
1.08
1.08
1.07
1.07
1.07
1.06
1.06
1.05
1.05
1.04
1.04
1.04
1.03
1.03
1.03
1.03
1.03
1.03
1.03
1.02
1.02
1.01
1.01
1.01
1.01
1.00
0.99
0.99
0.98
0.98
0.97
0.97
0.97
0.97
0.97
0.97
0.97
0.96
0.96
0.95
0.95
0.94
0.94
0.94
0.93
0.93
0.93
0.93
0.92
0.92
0.92
0.90
0.90
0.89
0.89
0.87
0.86
0.86
0.85
0.85
0.84
0.84
0.84
0.85
0.85
0.86
0.86
0.87
0.87
0.87
0.88
0.88
0.89
0.89
0.90
0.90
0.91
0.93
0.93
0.93
0.93
0.95
0.95
0.98
1.00
1.00
1.01
1.01
1.02
1.02
1.02
1.02
1.02
0.97
0.97
0.94
0.94
0.92
0.92
0.88
0.85
0.85
0.82
0.82
0.79
0.79
0.75
0.72
0.72
0.69
0.69
0.67
0.67
0.66
0.65
0.65
0.65
0.65
0.66
0.66
0.68
0.70
0.70
0.72
0.72
0.73
0.73
0.74
0.76
0.76
0.77
0.77
0.78
0.78
0.81
0.83
0.83
0.87
0.87
0.91
0.91
0.94
0.94
0.94
0.99
0.99
1.00
1.00
1.01
1.01
1.00
0.97
0.97
0.94
0.94
0.92
0.92
0.90
0.87
0.87
0.85
0.85
0.84
0.84
0.84
0.84
0.84
0.83
0.83
0.84
0.84
0.84
0.84
0.84
0.84
0.84
0.85
0.85
0.86
0.87
0.87
0.88
0.88
0.90
0.90
0.92
0.95
0.95
0.98
0.98
1.00
1.00
1.02
1.02
1.02
1.05
1.05
1.06
1.06
1.07
1.07
1.06
1.06
1.06
1.05
1.05
