PIEZO:
0.00
3.00
0.00
4.00
0.00
0.00
4.00
0.00
0.00
4.00
0.00
1.00
0.00
0.00
2.00
0.00
0.00
0.00
0.00
0.00
1.00
6.00
0.00
0.00
4.00
5.00
0.00
1.00
5.00
3.00
0.00
1.00
0.00
3.00
6.00
20.00
16.00
4.00
2.00
32.00
2.00
0.00
0.00
3.00
0.00
2.00
13.00
1.00
0.00
0.00
0.00
0.00
0.00
0.00
2.00
0.00
0.00
0.00
9.00
1.00
0.00
2.00
0.00
0.00
10.00
0.00
4.00
18.00
0.00
3.00
0.00
0.00
4.00
4.00
1.00
0.00
9.00
2.00
0.00
5.00
0.00
0.00
0.00
5.00
9.00
0.00
6.00
0.00
3.00
0.00
0.00
1.00
0.00
0.00
3.00
0.00
0.00
2.00
0.00
2.00
17.00
0.00
0.00
0.00
1.00
0.00
1.00
1.00
0.00
3.00
3.00
0.00
0.00
0.00
6.00
3.00
0.00
0.00
22.00
0.00
0.00
0.00
0.00
0.00
0.00
0.00
4.00
881.00
324.00
291.00
0.00
131.00
0.00
0.00
0.00
0.00
0.00
4.00
3.00
7.00
21.00
0.00
6.00
0.00
0.00
18.00
19.00
0.00
0.00
0.00
4.00
3.00
0.00
3.00
36.00
0.00
1.00
131.00
40.00
0.00
0.00
0.00
0.00
0.00
13.00
0.00
0.00
0.00
0.00
0.00
0.00
5.00
17.00
11.00
3.00
0.00
2.00
17.00
3.00
0.00
0.00
5.00
1.00
41.00
19.00
0.00
7.00
2.00
3.00
1.00
0.00
7.00
0.00
2.00
5.00
0.00
0.00
0.00
7.00
3.00
6.00
0.00
0.00
6.00
0.00
0.00
0.00
0.00
0.00
6.00
1.00
1.00
0.00
0.00
0.00
0.00
0.00
0.00
0.00
0.00
0.00
0.00
4.00
0.00
7.00
0.00
0.00
19.00
3.00
4.00
1.00
0.00
0.00
5.00
5.00
0.00
3.00
4.00
2.00
5.00
0.00
0.00
0.00
3.00
0.00
0.00
7.00
7.00
0.00
0.00
0.00
0.00
0.00
1.00
2.00
2.00
0.00
0.00
0.00
8.00
0.00
0.00
0.00
7.00
4.00
0.00
0.00
1.00
0.00
3.00
36.00
0.00
0.00
0.00
0.00
2.00
0.00
0.00
0.00
12.00
2.00
0.00
2.00
2.00
0.00
0.00
0.00
0.00
0.00
0.00
1.00
3.00
0.00
0.00
2.00
1.00
4.00
0.00
8.00
15.00
1.00
0.00
5.00
19.00
0.00
0.00
0.00
2.00
2.00
1.00
0.00
0.00
1.00
10.00
0.00
7.00
0.00
4.00
7.00
4.00
3.00
0.00
0.00
0.00
0.00
21.00
0.00
0.00
3.00
2.00
3.00
6.00
3.00
2.00
1.00
2.00
0.00
0.00
3.00
0.00
0.00
0.00
21.00
0.00
1.00
0.00
0.00
2.00
5.00
0.00
0.00
7.00
0.00
0.00
20.00
0.00
0.00
1.00
0.00
0.00
4.00
3.00
3.00
0.00
4.00
0.00
4.00
0.00
1.00
2.00
0.00
0.00
0.00
0.00
0.00
2.00
2.00
1.00
4.00
7.00
8.00
0.00
1.00
0.00
36.00
0.00
0.00
1.00
1.00
35.00
31.00
0.00
5.00
0.00
2.00
5.00
0.00
0.00
3.00
3.00
6.00
0.00
0.00
0.00
3.00
3.00
0.00
2.00
7.00
0.00
0.00
0.00
7.00
0.00
0.00
0.00
0.00
0.00
2.00
0.00
0.00
20.00
2.00
0.00
3.00
0.00
0.00
3.00
1.00
0.00
0.00
0.00
0.00
12.00
3.00
2.00
0.00
0.00
1.00
0.00
3.00
0.00
2.00
0.00
4.00
0.00
0.00
0.00
1.00
2.00
1.00
3.00
2.00
0.00
1.00
0.00
3.00
0.00
1.00
0.00
0.00
4.00
1.00
0.00
1.00
3.00
0.00
0.00
2.00
1.00
10.00
0.00
18.00
2.00
0.00
2.00
1.00
0.00
2.00
7.00
0.00
0.00
2.00
0.00
0.00
0.00
3.00
0.00
0.00
3.00
0.00
3.00
0.00
4.00
13.00
8.00
0.00
6.00
10.00
0.00
