MIC:
-84
-84
-84
-84
-84
-84
-84
-84
-84
-84
-84
-84
-84
-84
-84
-84
-84
-84
-84
-84
-84
-84
-84
-84
-84
-84
-84
-84
-84
-84
-85
-85
-85
-85
-85
-85
-85
-85
-85
-85
-85
-85
-85
-85
-85
-85
-85
-85
-85
-85
-85
-85
-85
-85
-85
-85
-85
-85
-85
-85
-85
-85
-85
-86
-86
-86
-86
-86
-86
-86
-86
-86
-86
-86
-86
-86
-86
-86
-86
-86
-86
-86
-86
-86
-86
-86
-86
-86
-86
-86
-86
-86
-86
-86
-86
-87
-87
-87
-87
-87
-87
-87
-87
-87
-87
-87
-87
-87
-87
-87
-87
-87
-87
-87
-87
-87
-87
-87
-87
-87
-87
-87
-87
-87
-87
-87
-87
-87
-88
-88
-88
-88
-88
-88
-88
-88
-88
-88
-88
-88
-88
-88
-88
-88
-88
-88
-88
-88
-88
-88
-88
-88
-88
-88
-88
-88
-88
-88
-88
-88
-89
-89
-89
-89
-89
-89
-89
-89
-89
-89
-89
-89
-89
-89
-89
-89
-89
-89
-89
-89
-89
-89
-89
-89
-89
-89
-89
-89
-89
-89
-89
-90
-90
-90
-90
-90
-90
-90
-90
-90
-90
-90
-90
-90
-90
-90
-90
-90
-90
-90
-90
-90
-90
-90
-90
-90
-90
-90
-90
-90
-90
-90
-91
-91
-91
-91
-91
-91
-91
-91
-91
-91
-91
-91
-91
-91
-91
-91
-91
-91
-91
-91
-91
-91
-91
-91
-91
-91
-91
-91
-91
-91
-91
-92
-92
-92
-92
-92
-92
-92
-92
-92
-92
-92
-92
-92
-92
-92
-92
-92
-92
-92
-92
-92
-92
-92
-92
-92
-92
-92
-92
-92
-92
-92
-93
-93
-93
-93
-93
-93
-93
-93
-93
-93
-93
-93
-93
-93
-93
-93
-93
-93
-93
-93
-93
-93
-93
-93
-93
-93
-93
-93
-93
-93
-93
-94
-94
-94
-94
-94
-94
-94
-94
-94
-94
-94
-94
-94
-94
-94
-94
-94
-94
-94
-94
-94
-94
-94
-94
-94
-94
-94
-94
-94
-94
-94
-94
-95
-95
-95
-95
-95
-95
-95
-95
-95
-95
-95
-95
-95
-95
-95
-95
-95
-95
-95
-95
-95
-95
-95
-95
-95
-95
-95
-95
-95
-95
-95
-96
-96
-96
-96
-96
-96
-96
-96
-96
-96
-96
-96
-96
-96
-96
-96
-96
-96
-96
-96
-96
-96
-96
-96
-96
-96
-96
-96
-96
-96
-96
-97
-97
-97
-97
-97
-97
-97
-97
-97
-97
-97
-97
-97
-97
-97
-97
-97
-97
-97
-97
-97
-97
-97
-97
-97
-97
-97
-97
-97
-97
-97
-97
-98
-98
-98
-98
-98
-98
-98
-98
-98
-98
-98
-98
-98
-98
-98
-98
-98
-98
-98
-98
-98
-98
-98
-98
-98
-98
-98
-98
-98
-98
-98
-98
-99
-99
-99
-99
-99
-99
-99
-99
-99
-99
-99
-99
-99
-99
-99
-99
-99
-99
-99
-99
-99
-99
-99
-99
-99
-99
-99
-99
-99
-99
-99
-99
-99
-100
-100
-100
-100
-100
-100
-100
-100
-100
-100
-100
-100
-100
-100
-100
-100
-100
-100
-100
-100
-100
-100
-100
-100
-100
-100
-100
-100
-100
-100
-100
-100
-100
-101
-101
-101
-101
-101
-101
-101
-101
-101
-101
-101
-101
-101
-101
-101
-101
-101
-101
-101
-101
-101
-101
-101
-101
-101
-101
-101
-101
-101
-101
-101
-101
-101
-101
-102
-102
-102
-102
-102
-102
-102
-102
-102
-102
-102
-102
-102
-102
-102
-102
-102
-102
-102
-102
-102
-102
-102
-102
-102
-102
-102
-102
-102
-102
-102
-102
-102
-102
-102
-103
-103
-103
-103
-103
-103
-103
-103
-103
-103
-103
-103
-103
-103
-103
-103
-103
-103
-103
-103
-103
-103
-103
-103
-103
-103
-103
-103
-103
-103
-103
-103
-103
-103
-103
-104
-104
-104
-104
-104
-104
-104
-104
-104
-104
-104
-104
-104
-104
-104
-104
-104
-104
-104
-104
-104
-104
-104
-104
-104
-104
-104
-104
-104
-104
-104
-104
-104
-104
-104
-104
-104
-105
-105
-105
-105
-105
-105
-105
-105
-105
-105
-105
-105
-105
-105
-105
-105
-105
-105
-105
-105
-105
-105
-105
-105
-105
-105
-105
-105
-105
-105
-105
-105
-105
-105
-105
-105
-105
-105
-106
-106
-106
-106
-106
-106
-106
-106
-106
-106
-106
-106
-106
-106
-106
-106
-106
-106
-106
-106
-106
-106
-106
-106
-106
-106
-106
-106
-106
-106
-106
-106
-106
-106
-106
-106
-106
-106
-107
-107
-107
-107
-107
-107
-107
-107
-107
-107
-107
-107
-107
-107
-107
-107
-107
-107
-107
-107
-107
-107
-107
-107
-107
-107
-107
-107
-107
-107
-107
-107
-107
-107
-107
-107
-107
-107
-107
-107
-107
-108
-108
-108
-108
-108
-108
-108
-108
-108
-108
-108
-108
-108
-108
-108
-108
-108
-108
-108
-108
-108
-108
-108
-108
-108
-108
-108
-108
-108
-108
-108
-108
-108
-108
-108
-108
-108
-108
-108
-108
-108
-108
-108
-109
-109
-109
-109
-109
-109
-109
-109
-109
-109
-109
-109
-109
-109
-109
-109
-109
-109
-109
-109
-109
-109
-109
-109
-109
-109
-109
-109
-109
-109
-109
-109
-109
-109
-109
-109
-109
-109
-109
-109
-109
-109
-109
-109
-109
-110
-110
-110
-110
-110
-110
-110
-110
-110
-110
-110
-110
-110
-110
-110
-110
-110
-110
-110
-110
-110
-110
-110
-110
-110
-110
-110
-110
-110
-110
-110
-110
-110
-110
-110
-110
-110
-110
-110
-110
-110
-110
-110
-110
-110
-110
-111
-111
-111
-111
-111
-111
-111
-111
-111
-111
-111
-111
-111
-111
-111
-111
-111
-111
-111
-111
-111
-111
-111
-111
-111
-111
-111
-111
-111
-111
-111
-111
-111
-111
-111
-111
-111
-111
-111
-111
-111
-111
-111
-111
-111
-111
-111
-111
-111
-112
-112
-112
-112
-112
-112
-112
-112
-112
-112
-112
-112
-112
-112
-112
-112
-112
-112
-112
-112
-112
-112
-112
-112
-112
-112
-112
-112
-112
-112
-112
-112
-112
-112
-112
-112
-112
-112
-112
-112
-112
-112
-112
-112
-112
-112
-112
-112
-112
-112
-113
-113
-113
-113
-113
-113
-113
-113
-113
-113
-113
-113
-113
-113
-113
-113
-113
-113
-113
-113
-113
-113
-113
-113
-113
-113
-113
-113
-113
-113
-113
-113
-113
-113
-113
-113
-113
-113
-113
-113
-113
-113
-113
-113
-113
-113
-113
-113
-113
-113
-113
-113
-113
-113
-114
-114
-114
-114
-114
-114
-114
-114
-114
-114
-114
-114
-114
-114
-114
-114
-114
-114
-114
-114
-114
-114
-114
-114
-114
-114
-114
-114
-114
-114
-114
-114
-114
-114
-114
-114
-114
-114
-114
-114
-114
-114
-114
-114
-114
-114
-114
-114
-114
-114
-114
-114
-114
-114
-114
-115
-115
-115
-115
-115
-115
-115
-115
-115
-115
-115
-115
-115
-115
-115
-115
-115
-115
-115
-115
-115
-115
-115
-115
-115
-115
-115
-115
-115
-115
-115
-115
-115
-115
-115
-115
-115
-115
-115
-115
-115
-115
-115
-115
-115
-115
-115
-115
-115
-115
-115
-115
-115
-115
-115
-116
-116
-116
-116
-116
-116
-116
-116
-116
-116
-116
-116
-116
-116
-116
-116
-116
-116
-116
-116
-116
-116
-116
-116
-116
-116
-116
-116
-116
-116
-116
-116
-116
-116
-116
-116
-116
-116
-116
-116
-116
-116
-116
-116
-116
-116
-116
-116
-116
-116
-116
-116
-116
-116
-117
-117
-117
-117
-117
-117
-117
-117
-117
-117
-117
-117
-117
-117
-117
-117
-117
-117
-117
-117
-117
-117
-117
-117
-117
-117
-117
-117
-117
-117
-117
-117
-117
-117
-117
-117
-117
-117
-117
-117
-117
-117
-117
-117
-117
-117
-117
-117
-117
-117
-117
-117
-117
-117
-118
-118
-118
-118
-118
-118
-118
-118
-118
-118
-118
-118
-118
-118
-118
-118
-118
-118
-118
-118
-118
-118
-118
-118
-118
-118
-118
-118
-118
-118
-118
-118
-118
-118
-118
-118
-118
-118
-118
-118
-118
-118
-118
-118
-118
-118
-118
-118
-118
-118
-118
-118
-118
-118
-118
-118
-118
-119
-119
-119
-119
-119
-119
-119
-119
-119
-119
-119
-119
-119
-119
-119
-119
-119
-119
-119
-119
-119
-119
-119
-119
-119
-119
-119
-119
-119
-119
-119
-119
-119
-119
-119
-119
-119
-119
-119
-119
-119
-119
-119
-119
-119
-119
-119
-119
-119
-119
-119
-119
-119
-119
-119
-119
-119
-119
-119
-119
-120
-120
-120
-120
-120
-120
-120
-120
-120
-120
-120
-120
-120
-120
-120
-120
-120
-120
-120
-120
-120
-120
-120
-120
-120
-120
-120
-120
-120
-120
-120
-120
-120
-120
-120
-120
-120
-120
-120
-120
-120
-120
-120
-120
-120
-120
-120
-120
-120
-120
-120
-120
-120
-120
-120
-120
-120
-120
-120
-120
-120
-120
-120
-121
-121
-121
-121
-121
-121
-121
-121
-121
-121
-121
-121
-121
-121
-121
-121
-121
-121
-121
-121
-121
-121
-121
-121
-121
-121
-121
-121
-121
-121
-121
-121
-121
-121
-121
-121
-121
-121
-121
-121
-121
-121
-121
-121
-121
-121
-121
-121
-121
-121
-121
-121
-121
-121
-121
-121
-121
-121
-121
-121
-121
-121
-121
-121
-121
-121
-121
-122
-122
-122
-122
-122
-122
-122
-122
-122
-122
-122
-122
-122
-122
-122
-122
-122
-122
-122
-122
-122
-122
-122
-122
-122
-122
-122
-122
-122
-122
-122
-122
-122
-122
-122
-122
-122
-122
-122
-122
-122
-122
-122
-122
-122
-122
-122
-122
-122
-122
-122
-122
-122
-122
-122
-122
-122
-122
-122
-122
-122
-122
-122
-122
-122
-122
-122
-122
-122
-122
-122
-123
-123
-123
-123
-123
-123
-123
-123
-123
-123
-123
-123
-123
-123
-123
-123
-123
-123
-123
-123
-123
-123
-123
-123
-123
-123
-123
-123
-123
-123
-123
-123
-123
-123
-123
-123
-123
-123
-123
-123
-123
-123
-123
-123
-123
-123
-123
-123
-123
-123
-123
-123
-123
-123
-123
-123
-123
-123
-123
-123
-123
-123
-123
-123
-123
-123
-123
-123
-123
-123
-123
-123
-123
-123
-123
-124
-124
-124
-124
-124
-124
-124
-124
-124
-124
-124
-124
-124
-124
-124
-124
-124
-124
-124
-124
-124
-124
-124
-124
-124
-124
-124
-124
-124
-124
-124
-124
-124
-124
-124
-124
-124
-124
-124
-124
-124
-124
-124
-124
-124
-124
-124
-124
-124
-124
-124
-124
-124
-124
-124
-124
-124
-124
-124
-124
-124
-124
-124
-124
-124
-124
-124
-124
-124
-124
-124
-124
-124
-124
-124
-124
-124
-124
-124
-124
-124
-124
-124
-124
-124
-124
-124
-124
-124
-125
-125
-125
-125
-125
-125
-125
-125
-125
-125
-125
-125
-125
-125
-125
-125
-125
-125
-125
-125
-125
-125
-125
-125
-125
-125
-125
-125
-125
-125
-125
-125
-125
-125
-125
-125
-125
-125
-125
-125
-125
-125
-125
-125
-125
-125
-125
-125
-125
-125
-125
-125
-125
-125
-125
-125
-125
-125
-125
-125
-125
-125
-125
-125
-125
-125
-125
-125
-125
-125
-125
-125
-125
-125
-125
-125
-125
-125
-125
-125
-125
-125
-125
-125
-125
-125
-125
-125
-125
-125
-125
-125
-125
-125
-125
-125
-125
-125
-125
-125
-125
-126
-126
-126
-126
-126
-126
-126
-126
-126
-126
-126
-126
-126
-126
-126
-126
-126
-126
-126
-126
-126
-126
-126
-126
-126
-126
-126
-126
-126
-126
-126
-126
-126
-126
-126
-126
-126
-126
-126
-126
-126
-126
-126
-126
-126
-126
-126
-126
-126
-126
-126
-126
-126
-126
-126
-126
-126
-126
-126
-126
-126
-126
-126
-126
-126
-126
-126
-126
-126
-126
-126
-126
-126
-126
-126
-126
-126
-126
-126
-126
-126
-126
-126
-126
-126
-126
-126
-126
-126
-126
-126
-126
-126
-126
-126
-126
-126
-127
-127
-127
-127
-127
-127
-127
-127
-127
-127
-127
-127
-127
-127
-127
-127
-127
-127
-127
-127
-127
-127
-127
-127
-127
-127
-127
-127
-127
-127
-127
-127
-127
-127
-127
-127
-127
-127
-127
-127
-127
-127
-127
-127
-127
-127
-127
-127
-127
-127
-127
-127
-127
-127
-127
-127
-127
-127
-127
-127
-127
-127
-127
-127
-127
-127
-127
-127
-127
-127
-127
-127
-127
-127
-127
-127
-127
-127
-127
-127
-127
-127
-127
-127
-127
-127
-127
-127
-127
-127
-127
-127
-127
-127
-127
-127
-127
-127
-127
-127
-127
-127
-127
-127
-127
-127
-127
-127
-127
-127
-127
-127
-127
-127
-127
-127
-127
-127
-128
-128
-128
-128
-128
-128
-128
-128
-128
-128
-128
-128
-128
-128
-128
-128
-128
-128
-128
-128
-128
-128
-128
-128
-128
-128
-128
-128
-128
-128
-128
-128
-128
-128
-128
-128
-128
-128
-128
-128
-128
-128
-128
-128
-128
-128
-128
-128
-128
-128
-128
-128
-128
-128
-128
-128
-128
-128
-128
-128
-128
-128
-128
-128
-128
-128
-128
-128
-128
-128
-128
-128
-128
-128
-128
-128
-128
-128
-128
-128
-128
-128
-128
-128
-128
-128
-128
-128
-128
-128
-128
-128
-128
-128
-128
-128
-128
-128
-128
-128
-128
-128
-128
-128
-128
-128
-128
-128
-128
-128
-128
-128
-128
-128
-128
-128
-128
-128
-128
-128
-128
-128
-128
-128
-128
-128
-128
-128
-128
-128
-128
-128
-128
-128
-128
-128
-128
-128
-129
-129
-129
-129
-129
-129
-129
-129
-129
-129
-129
-129
-129
-129
-129
-129
-129
-129
-129
-129
-129
-129
-129
-129
-129
-129
-129
-129
-129
-129
-129
-129
-129
-129
-129
-129
-129
-129
-129
-129
-129
-129
-129
-129
-129
-129
-129
-129
-129
-129
-129
-129
-129
-129
-129
-129
-129
-129
-129
-129
-129
-129
-129
-129
-129
-129
-129
-129
-129
-129
-129
-129
-129
-129
-129
-129
-129
-129
-129
-129
-129
-129
-129
-129
-129
-129
-129
-129
-129
-129
-129
-129
-129
-129
-129
-129
-129
-130
-130
-130
-130
-130
-130
-130
-130
-130
-130
-130
-130
-130
-130
-130
-130
-130
-130
-130
-130
-130
-130
-130
-130
-130
-130
-130
-130
-130
-130
-130
-130
-130
-130
-130
-130
-130
-130
-130
-130
-130
-130
-130
-130
-130
-130
-130
-130
-130
-130
-130
-130
-130
-130
-130
-130
-130
-130
-130
-130
-130
-130
-130
-130
-130
-130
-130
-130
-130
-130
-130
-130
-130
-130
-130
-130
-130
-130
-131
-131
-131
-131
-131
-131
-131
-131
-131
-131
-131
-131
-131
-131
-131
-131
-131
-131
-131
-131
-131
-131
-131
-131
-131
-131
-131
-131
-131
-131
-131
-131
-131
-131
-131
-131
-131
-131
-131
-131
-131
-131
-131
-131
-131
-131
-131
-131
-131
-131
-131
-131
-131
-131
-131
-131
-131
-131
-131
-131
-131
-131
-131
-131
-131
-131
-131
-131
-131
-131
-131
-131
-131
-132
-132
-132
-132
-132
-132
-132
-132
-132
-132
-132
-132
-132
-132
-132
-132
-132
-132
-132
-132
-132
-132
-132
-132
-132
-132
-132
-132
-132
-132
-132
-132
-132
-132
-132
-132
-132
-132
-132
-132
-132
-132
-132
-132
-132
-132
-132
-132
-132
-132
-132
-132
-132
-132
-132
-132
-132
-132
-132
-132
-132
-132
-132
-132
-132
-132
-132
-133
-133
-133
-133
-133
-133
-133
-133
-133
-133
-133
-133
-133
-133
-133
-133
-133
-133
-133
-133
-133
-133
-133
-133
-133
-133
-133
-133
-133
-133
-133
-133
-133
-133
-133
-133
-133
-133
-133
-133
-133
-133
-133
-133
-133
-133
-133
-133
-133
-133
-133
-133
-133
-133
-133
-133
-133
-133
-133
-134
-134
-134
-134
-134
-134
-134
-134
-134
-134
-134
-134
-134
-134
-134
-134
-134
-134
-134
-134
-134
-134
-134
-134
-134
-134
-134
-134
-134
-134
-134
-134
-134
-134
-134
-134
-134
-134
-134
-134
-134
-134
-134
-134
-134
-134
-134
-134
-134
-134
-134
-134
-134
-135
-135
-135
-135
-135
-135
-135
-135
-135
-135
-135
-135
-135
-135
-135
-135
-135
-135
-135
-135
-135
-135
-135
-135
-135
-135
-135
-135
-135
-135
-135
-135
-135
-135
-135
-135
-135
-135
-135
-135
-135
-135
-135
-135
-135
-135
-135
-135
-135
-135
-136
-136
-136
-136
-136
-136
-136
-136
-136
-136
-136
-136
-136
-136
-136
-136
-136
-136
-136
-136
-136
-136
-136
-136
-136
-136
-136
-136
-136
-136
-136
-136
-136
-136
-136
-136
-136
-136
-136
-136
-136
-136
-136
-136
-136
-136
-136
-136
-136
-137
-137
-137
-137
-137
-137
-137
-137
-137
-137
-137
-137
-137
-137
-137
-137
-137
-137
-137
-137
-137
-137
-137
-137
-137
-137
-137
-137
-137
-137
-137
-137
-137
-137
-137
-137
-137
-137
-137
-137
-137
-137
-137
-137
-137
-137
-137
-137
-137
-137
-137
-137
-137
-138
-138
-138
-138
-138
-138
-138
-138
-138
-138
-138
-138
-138
-138
-138
-138
-138
-138
-138
-138
-138
-138
-138
-138
-138
-138
-138
-138
-138
-138
-138
-138
-138
-138
-138
-138
-138
-138
-138
-138
-138
-138
-138
-138
-138
-138
-138
-138
-138
-138
-138
-138
-138
-138
-138
-138
-138
-138
-139
-139
-139
-139
-139
-139
-139
-139
-139
-139
-139
-139
-139
-139
-139
-139
-139
-139
-139
-139
-139
-139
-139
-139
-139
-139
-139
-139
-139
-139
-139
-139
-139
-139
-139
-139
-139
-139
-139
-139
-139
-139
-139
-139
-139
-139
-139
-139
-139
-139
-139
-139
-139
-139
-139
-139
-139
-139
-139
-139
-139
-139
-139
-139
-139
-139
-139
-139
-139
-139
-139
-139
-140
-140
-140
-140
-140
-140
-140
-140
-140
-140
-140
-140
-140
-140
-140
-140
-140
-140
-140
-140
-140
-140
-140
-140
-140
-140
-140
-140
-140
-140
-140
-140
-140
-140
-140
-140
-140
-140
-140
-140
-140
-140
-140
-140
-140
-140
-140
-140
-140
-140
-140
-140
-140
-140
-140
-140
-140
-140
-140
-140
-140
-140
-140
-140
-140
-140
-140
-140
-140
-140
-140
-140
-140
-140
-140
-140
-140
-140
-140
-140
-140
-140
-140
-140
-140
-140
-140
-140
-140
-140
-140
-140
-140
-140
-140
-140
-140
-140
-140
-140
-140
-140
-140
-140
-140
-140
-140
-141
-141
-141
-141
-141
-141
-141
-141
-141
-141
-141
-141
-141
-141
-141
-141
-141
-141
-141
-141
-141
-141
-141
-141
-141
-141
-141
-141
-141
-141
-141
-141
-141
-141
-141
-141
-141
-141
-141
-141
-141
-141
-141
-141
-141
-141
-141
-141
-141
-141
-141
-141
-141
-141
-141
-141
-141
-141
-141
-141
-141
-141
-141
-141
-141
-141
-141
-141
-141
-141
-141
-141
-141
-141
-141
-141
-141
-141
-141
-141
-141
-141
-141
-141
-141
-141
-141
-141
-141
-141
-141
-141
-141
-141
-141
-141
-141
-141
-141
-141
-141
-141
-141
-141
-141
-141
-141
-141
-141
-141
-141
-141
-141
-141
-141
-141
-141
-141
-141
-141
-141
-141
-141
-141
-141
-141
-141
-141
-141
-141
-141
-141
-141
-141
-141
-141
-141
-141
-141
-141
-141
-141
-141
-141
-141
-141
-141
-141
-141
-141
-141
-141
-141
-141
-141
-141
-141
-141
-141
-141
-141
-141
-141
-141
-141
-141
-141
-141
-141
-141
-141
-141
-141
-141
-141
-141
-141
-141
-141
-141
-141
-141
-141
-141
-141
-141
-141
-141
-141
-141
-141
-141
-141
-141
-141
-141
-141
-141
-141
-141
-141
-141
-141
-141
-141
-141
-141
-141
-141
-141
-141
-141
-141
-141
-141
-141
-141
-141
-141
-141
-141
-141
-141
-141
-141
-141
-141
-141
-141
-141
-141
-141
-141
-141
-141
-141
-141
-141
-141
-141
-141
-141
-141
-141
-141
-141
-141
-141
-141
-141
-141
-141
-141
-141
-141
-141
-141
-141
-141
-141
-141
-141
-141
-141
-141
-141
-141
-141
-141
-141
-141
-141
-141
-141
-141
-141
-141
-141
-141
-141
-141
-141
-141
-141
-141
-141
-141
-142
-142
-142
-142
-142
-142
-142
-142
-142
-142
-142
-142
-142
-142
-142
-142
-142
-142
-142
-142
-142
-142
-142
-142
-142
-142
-142
-142
-142
-142
-142
-142
-142
-142
-142
-142
-142
-142
-142
-142
-142
-142
-142
-142
-142
-142
-142
-142
-142
-142
-142
-142
-142
-142
-142
-142
-142
-142
-142
-142
-142
-142
-142
-142
-142
-142
-142
-142
-142
-142
-142
-142
-142
-142
-142
-142
-142
-142
-142
-142
-142
-142
-142
-142
-142
-142
-142
-142
-142
-142
-142
-142
-142
-142
-142
-142
-142
-142
-142
-142
-142
-142
-142
-142
-142
-142
-142
-142
-142
-142
-142
-142
-142
-142
-142
-142
-142
-142
-142
-142
-142
-142
-142
-142
-142
-142
-142
-142
-142
-142
-142
-142
-142
-142
-142
-142
-142
-142
-142
-142
-142
-142
-142
-142
-142
-142
-142
-142
-142
-142
-142
-142
-142
-142
-142
-142
-142
-142
-142
-142
-142
-142
-142
-142
-142
-143
-143
-143
-143
-143
-143
-143
-143
-143
-143
-143
-143
-143
-143
-143
-143
-143
-143
-143
-143
-143
-143
-143
-143
-143
-143
-143
-143
-143
-143
-143
-143
-143
-143
-143
-143
-143
-143
-143
-143
-143
-143
-143
-143
-143
-143
-143
-143
-143
-143
-143
-143
-143
-143
-143
-143
-143
-143
-143
-143
-143
-143
-143
-143
-143
-143
-143
-143
-143
-143
-144
-144
-144
-144
-144
-144
-144
-144
-144
-144
-144
-144
-144
-144
-144
-144
-144
-144
-144
-144
-144
-144
-144
-144
-144
-144
-144
-144
-144
-144
-144
-144
-144
-144
-144
-144
-144
-144
-144
-144
-144
-144
-144
-144
-144
-144
-144
-144
-144
-144
-144
-144
-144
-144
-144
-145
-145
-145
-145
-145
-145
-145
-145
-145
-145
-145
-145
-145
-145
-145
-145
-145
-145
-145
-145
-145
-145
-145
-145
-145
-145
-145
-145
-145
-145
-145
-145
-145
-145
-145
-145
-145
-145
-145
-145
-145
-145
-145
-145
-145
-145
-145
-146
-146
-146
-146
-146
-146
-146
-146
-146
-146
-146
-146
-146
-146
-146
-146
-146
-146
-146
-146
-146
-146
-146
-146
-146
-146
-146
-146
-146
-146
-146
-146
-146
-146
-146
-146
-146
-146
-146
-146
-146
-146
-146
-146
-146
-146
-146
-146
-146
-146
-146
-147
-147
-147
-147
-147
-147
-147
-147
-147
-147
-147
-147
-147
-147
-147
-147
-147
-147
-147
-147
-147
-147
-147
-147
-147
-147
-147
-147
-147
-147
-147
-147
-147
-147
-147
-147
-147
-147
-147
-147
-147
-147
-147
-147
-147
-147
-147
-147
-147
-147
-148
-148
-148
-148
-148
-148
-148
-148
-148
-148
-148
-148
-148
-148
-148
-148
-148
-148
-148
-148
-148
-148
-148
-148
-148
-148
-148
-148
-148
-148
-148
-148
-148
-148
-148
-148
-148
-148
-148
-148
-149
-149
-149
-149
-149
-149
-149
-149
-149
-149
-149
-149
-149
-149
-149
-149
-149
-149
-149
-149
-149
-149
-149
-149
-149
-149
-149
-149
-149
-149
-149
-149
-149
-149
-149
-149
-149
-149
-150
-150
-150
-150
-150
-150
-150
-150
-150
-150
-150
-150
-150
-150
-150
-150
-150
-150
-150
-150
-150
-150
-150
-150
-150
-150
-150
-150
-150
-150
-150
-150
-150
-150
-150
-150
-150
-151
-151
-151
-151
-151
-151
-151
-151
-151
-151
-151
-151
-151
-151
-151
-151
-151
-151
-151
-151
-151
-151
-151
-151
-151
-151
-151
-151
-151
-151
-151
-151
-151
-151
-151
-151
-151
-151
-151
-151
-151
-151
-152
-152
-152
-152
-152
-152
-152
-152
-152
-152
-152
-152
-152
-152
-152
-152
-152
-152
-152
-152
-152
-152
-152
-152
-152
-152
-152
-152
-152
-152
-152
-152
-152
-152
-152
-152
-152
-152
-152
-152
-152
-152
-152
-152
-152
-152
-152
-152
-152
-152
-152
-152
-152
-152
-152
-152
-152
-152
-152
-152
-152
-152
-152
-152
-152
-152
-152
-152
-152
-152
-152
-152
-152
-152
-152
-152
-152
-152
-152
-152
-152
-153
-153
-153
-153
-153
-153
-153
-153
-153
-153
-153
-153
-153
-153
-153
-153
-153
-153
-153
-153
-153
-153
-153
-153
-153
-153
-153
-153
-153
-153
-153
-153
-153
-153
-153
-153
-153
-153
-153
-153
-153
-153
-153
-153
-153
-153
-153
-153
-153
-153
-153
-153
-153
-153
-153
-153
-153
-153
-153
-153
-153
-153
-153
-153
-153
-153
-153
-153
-153
-153
-153
-153
-153
-153
-153
-153
-153
-153
-153
-153
-153
-153
-153
-153
-153
-153
-153
-153
-153
-153
-153
-153
-153
-153
-153
-153
-153
-153
-153
-153
-153
-153
-153
-153
-153
-153
-153
-153
-153
-153
-153
-153
-153
-153
-153
-153
-153
-153
-153
-153
-153
-153
-153
-153
-153
-153
-153
-153
-153
-153
-153
-153
-153
-153
-153
-153
-153
-153
-153
-153
-153
-153
-153
-153
-153
-153
-153
-153
-153
-153
-153
-153
-153
-153
-153
-153
-153
-153
-153
-153
-153
-153
-153
-153
-153
-153
-153
-153
-153
-153
-153
-153
-153
-153
-153
-153
-153
-153
-153
-153
-153
-153
-153
-153
-153
-153
-153
-153
-153
-153
-153
-153
-153
-153
-153
-153
-153
-153
-153
-153
-153
-153
-153
-153
-153
-153
-153
-153
-153
-153
-153
-153
-153
-153
-153
-153
-153
-153
-153
-153
-153
-153
-153
-153
-153
-153
-153
-153
-153
-153
-153
-153
-153
-153
-153
-153
-153
-153
-153
-153
-153
-153
-153
-153
-153
-153
-153
-153
-153
-153
-153
-153
-153
-153
-153
-153
-153
-153
-153
-153
-153
-153
-153
-153
-153
-153
-153
-153
-153
-153
-153
-153
-152
-152
-152
-152
-152
-152
-152
-152
-152
-152
-152
-152
-152
-152
-152
-152
-152
-152
-152
-152
-152
-152
-152
-152
-152
-152
-152
-152
-152
-152
-152
-152
-152
-152
-152
-152
-152
-152
-152
-152
-152
-152
-152
-152
-152
-152
-152
-152
-152
-152
-152
-152
-152
-152
-152
-152
-152
-152
-152
-152
-152
-152
-152
-152
-152
-152
-152
-152
-152
-152
-152
-152
-152
-152
-152
-152
-152
-152
-152
-152
-152
-152
-152
-152
-152
-152
-152
-152
-152
-152
-152
-152
-152
-152
-152
-152
-152
-152
-152
-152
-152
-152
-152
-152
-152
-152
-152
-152
-152
-152
-152
-152
-152
-152
-152
-152
-152
-152
-152
-152
-152
-152
-152
-152
-152
-152
-152
-152
-152
-152
-152
-152
-152
-152
-152
-152
-152
-152
-152
-152
-152
-152
-152
-152
-152
-152
-152
-152
-152
-152
-152
-152
-152
-152
-152
-152
-152
-152
-152
-152
-152
-152
-152
-152
-152
-152
-152
-152
-152
-152
-152
-152
-152
-152
-152
-152
-152
-152
-152
-152
-152
-152
-152
-152
-152
-152
-152
-152
-152
-152
-152
-152
-152
-152
-152
-152
-152
-152
-152
-151
-151
-151
-151
-151
-151
-151
-151
-151
-151
-151
-151
-151
-151
-151
-151
-151
-151
-151
-151
-151
-151
-151
-151
-151
-151
-151
-151
-151
-151
-151
-151
-151
-151
-151
-151
-151
-151
-151
-151
-151
-151
-151
-151
-151
-151
-151
-151
-151
-151
-151
-151
-151
-151
-151
-151
-151
-151
-151
-151
-151
-151
-151
-151
-151
-151
-151
-151
-151
-151
-151
-151
-151
-151
-151
-151
-151
-151
-151
-151
-151
-151
-151
-151
-151
-151
-151
-151
-151
-151
-151
-151
-151
-151
-151
-151
-151
-151
-151
-151
-151
-151
-151
-151
-151
-151
-151
-151
-151
-151
-151
-151
-151
-151
-151
-151
-151
-151
-151
-151
-151
-151
-151
-151
-151
-151
-151
-151
-151
-151
-151
-151
-151
-151
-151
-151
-151
-151
-151
-151
-151
-151
-151
-151
-151
-151
-151
-151
-151
-151
-151
-151
-151
-151
-150
-150
-150
-150
-150
-150
-150
-150
-150
-150
-150
-150
-150
-150
-150
-150
-150
-150
-150
-150
-150
-150
-150
-150
-150
-150
-150
-150
-150
-150
-150
-150
-150
-150
-150
-150
-150
-150
-150
-150
-150
-150
-150
-150
-150
-150
-149
-149
-148
-148
-148
-147
-146
-146
-145
-145
-144
-144
-143
-142
-142
-141
-140
-139
-138
-137
-136
-135
-134
-133
-131
-130
-129
-127
-126
-125
-124
-123
-121
-120
-119
-117
-116
-114
-113
-111
-110
-108
-106
-104
-102
-101
-99
-97
-95
-93
-91
-89
-87
-85
-83
-81
-79
-77
-75
-73
-71
-69
-67
-65
-63
-61
-58
-56
-54
-51
-49
-47
-44
-42
-39
-36
-34
-31
-28
-25
-23
-20
-17
-14
-11
-7
-4
-1
1
5
8
12
15
19
22
26
30
33
37
41
45
49
53
57
61
65
70
74
78
82
87
91
96
100
105
110
114
119
124
129
134
138
143
148
154
159
164
169
174
180
185
190
196
201
207
212
218
223
229
234
240
246
252
257
263
269
275
281
287
293
299
305
311
317
323
329
336
342
348
355
361
368
374
381
387
394
401
408
414
421
428
435
441
448
455
462
469
476
483
490
497
504
511
518
525
533
540
547
555
562
569
577
584
592
599
607
614
622
630
637
645
653
661
669
676
684
692
700
708
717
725
733
741
749
757
766
774
782
791
799
807
815
824
832
841
849
857
866
875
883
892
900
909
918
927
935
944
953
962
971
980
989
997
1006
1015
1024
1033
1041
1050
1059
1068
1077
1086
1094
1103
1112
1121
1130
1139
1149
1158
1167
1176
1185
1195
1204
1213
1223
1232
1241
1251
1260
1270
1279
1289
1298
1308
1317
1327
1337
1346
1356
1365
1375
1385
1395
1404
1414
1424
1434
1444
1454
1464
1474
1484
1494
1504
1514
1524
1534
1544
1555
1565
1575
1585
1596
1606
1616
1627
1637
1647
1657
1668
1678
1688
1699
1709
1719
1729
1740
1750
1760
1770
1780
1791
1801
1811
1822
1832
1843
1853
1864
1874
1885
1895
1906
1916
1927
1937
1948
1959
1969
1980
1990
2001
2012
2022
2033
2044
2054
2065
2076
2087
2097
2108
2119
2130
2141
2152
2162
2173
2184
2195
2206
2217
2228
2239
2249
2260
2271
2283
2294
2305
2316
2327
2338
2349
2360
2372
2383
2394
2405
2417
2428
2439
2451
2462
2473
2485
2496
2508
2519
2531
2542
2554
2565
2577
2588
2600
2611
2622
2634
2645
2657
2668
2680
2692
2703
2715
2726
2738
2750
2761
2773
2785
2797
2808
2820
2832
2844
2855
2867
2879
2891
2903
2915
2927
2938
2950
2962
2974
2986
2998
3010
3022
3034
3046
3058
3069
3081
3093
3105
3117
3129
3140
3152
3164
3176
3188
3199
3211
3223
3235
3247
3259
3270
3282
3294
3306
3318
3330
3342
3354
3366
3378
3390
3402
3414
3426
3438
3449
3461
3473
3485
3497
3509
3521
3533
3545
3557
3569
3581
3593
3604
3616
3628
3640
3652
3664
3676
3688
3700
3713
3725
3737
3749
3761
3773
3785
3797
3809
3822
3834
3846
3858
3870
3882
3894
3907
3919
3931
3943
3955
3967
3979
3991
4004
4016
4028
4040
4052
4064
4077
4089
4101
4113
4125
4137
4149
4162
4174
4186
4198
4210
4223
4235
4247
4259
4271
4284
4296
4308
4320
4332
4344
4357
4369
4381
4393
4405
4417
4429
4442
4454
4466
4478
4490
4502
4514
4527
4539
4551
4563
4575
4587
4600
4612
4624
4636
4648
4660
4673
4685
4697
4709
4722
4734
4746
4758
4770
4783
4795
4807
4820
4832
4844
4856
4869
4881
4893
4905
4918
4930
4942
4954
4967
4979
4991
5004
5016
5028
5040
5052
5065
5077
5089
5101
5113
5126
5138
5150
5162
5174
5186
5198
5210
5222
5235
5247
5259
5271
5283
5295
5307
5319
5331
5343
5355
5367
5379
5391
5403
5415
5427
5439
5451
5463
5475
5487
5499
5511
5523
5535
5547
5559
5571
5583
5595
5607
5619
5631
5643
5655
5667
5679
5691
5703
5715
5727
5739
5751
5763
5774
5786
5798
5810
5822
5834
5846
5858
5869
5881
5893
5905
5917
5929
5941
5953
5964
5976
5988
6000
6012
6024
6036
6048
6060
6072
6083
6095
6107
6119
6131
6143
6155
6166
6178
6190
6202
6213
6225
6237
6249
6260
6272
6284
6295
6307
6319
6331
6342
6354
6366
6378
6389
6401
6413
6424
6436
6447
6459
6471
6482
6494
6505
6517
6529
6540
6552
6563
6575
6586
6598
6609
6621
6633
6644
6656
6667
6679
6690
6702
6713
6725
6736
6748
6759
6771
6782
6794
6805
6817
6828
6840
6851
6863
6874
6886
6897
6909
6920
6932
6943
6955
6966
6977
6989
7000
7011
7023
7034
7045
7057
7068
7079
7091
7102
7113
7124
7136
7147
7158
7169
7181
7192
7203
7214
7225
7236
7247
7259
7270
7281
7292
7303
7314
7325
7336
7347
7358
7369
7380
7391
7402
7413
7424
7435
7446
7457
7468
7479
7490
7501
7511
7522
7533
7544
7555
7566
7576
7587
7598
7609
7619
7630
7641
7651
7662
7673
7683
7694
7705
7715
7726
7736
7747
7757
7768
7779
7789
7800
7810
7821
7831
7842
7852
7863
7874
7884
7895
7905
7916
7926
7937
7947
7958
7968
7979
7989
7999
8010
8020
8031
8041
8052
8062
8072
8083
8093
8104
8114
8124
8135
8145
8155
8166
8176
8186
8197
8207
8217
8227
8238
8248
8258
8268
8278
8289
8299
8309
8319
8329
8339
8349
8359
8370
8380
8390
8400
8410
8420
8430
8440
8450
8460
8470
8480
8489
8499
8509
8519
8529
8539
8549
8558
8568
8578
8588
8597
8607
8617
8626
8636
8646
8655
8665
8674
8684
8693
8703
8712
8722
8731
8740
8750
8759
8768
8778
8787
8796
8806
8815
8824
8834
8843
8852
8862
8871
8880
8889
8899
8908
8917
8927
8936
8945
8954
8963
8973
8982
8991
9000
9009
9018
9028
9037
9046
9055
9064
9073
9082
9091
9100
9109
9118
9127
9135
9144
9153
9162
9171
9180
9189
9198
9206
9215
9224
9233
9242
9250
9259
9268
9277
9286
9294
9303
9312
9321
9329
9338
9347
9355
9364
9373
9381
9390
9398
9407
9415
9424
9432
9440
9449
9457
9466
9474
9482
9491
9499
9507
9515
9524
9532
9540
9548
9557
9565
9573
9581
9590
9598
9606
9614
9623
9631
9639
9647
9655
9663
9671
9679
9688
9696
9704
9712
9720
9728
9736
9744
9752
9760
9768
9776
9783
9791
9799
9807
9815
9823
9831
9839
9847
9855
9862
9870
9878
9886
9894
9901
9909
9917
9925
9932
9940
9948
9955
9963
9971
9978
9986
9994
10001
10009
10017
10024
10032
10039
10047
10055
10062
10070
10077
10084
10092
10099
10107
10114
10121
10129
10136
10143
10150
10158
10165
10172
10179
10186
10193
10201
10208
10215
10222
10229
10236
10243
10250
10257
10264
10271
10278
10284
10291
10298
10305
10312
10319
10326
10333
10339
10346
10353
10360
10367
10373
10380
10387
10394
10400
10407
10414
10420
10427
10433
10440
10447
10453
10460
10466
10473
10479
10486
10492
10499
10505
10512
10518
10524
10531
10537
10544
10550
10556
10563
10569
10575
10582
10588
10594
10601
10607
10613
10620
10626
10632
10638
10645
10651
10657
10663
10669
10676
10682
10688
10694
10700
10707
10713
10719
10725
10731
10737
10743
10749
10755
10761
10767
10773
10779
10785
10791
10797
10803
10809
10815
10821
10827
10833
10838
10844
10850
10856
10862
10868
10873
10879
10885
10891
10896
10902
10908
10913
10919
10925
10930
10936
10941
10947
10953
10958
10964
10969
10975
10980
10986
10991
10997
11002
11007
11013
11018
11023
11029
11034
11039
11045
11050
11055
11060
11065
11070
11076
11081
11086
11091
11096
11101
11106
11111
11116
11121
11126
11131
11135
11140
11145
11150
11155
11160
11165
11169
11174
11179
11184
11188
11193
11198
11203
11207
11212
11217
11221
11226
11230
11235
11240
11244
11249
11253
11258
11262
11267
11271
11276
11280
11285
11289
11293
11298
11302
11306
11311
11315
11319
11324
11328
11332
11337
11341
11345
11349
11353
11358
11362
11366
11370
11374
11378
11382
11387
11391
11395
11399
11403
11407
11411
11415
11419
11423
11427
11431
11435
11439
11442
11446
11450
11454
11458
11462
11466
11470
11473
11477
11481
11485
11488
11492
11496
11500
11503
11507
11511
11514
11518
11521
11525
11529
11532
11536
11540
11543
11547
11550
11554
11557
11561
11564
11568
11571
11575
11578
11582
11585
11588
11592
11595
11599
11602
11605
11609
11612
11615
11619
11622
11625
11628
11631
11635
11638
11641
11644
11647
11650
11653
11657
11660
11663
11666
11669
11672
11675
11678
11681
11684
11687
11690
11693
11696
11698
11701
11704
11707
11710
11713
11716
11719
11721
11724
11727
11730
11732
11735
11738
11740
11743
11746
11748
11751
11754
11756
11759
11761
11764
11767
11769
11772
11774
11777
11779
11782
11784
11787
11789
11792
11794
11796
11799
11801
11804
11806
11808
11811
11813
11815
11818
11820
11822
11824
11827
11829
11831
11833
11835
11838
11840
11842
11844
11846
11848
11850
11853
11855
11857
11859
11861
11863
11865
11867
11869
11871
11873
11875
11877
11879
11881
11883
11885
11887
11888
11890
11892
11894
11896
11898
11900
11901
11903
11905
11907
11909
11910
11912
11914
11916
11918
11919
11921
11923
11925
11926
11928
11930
11931
11933
11935
11937
11938
11940
11942
11943
11945
11946
11948
11950
11951
11953
11954
11956
11958
11959
11961
11962
11964
11965
11966
11968
11969
11971
11972
11974
11975
11976
11978
11979
11980
11982
11983
11984
11986
11987
11988
11989
11991
11992
11993
11994
11996
11997
11998
11999
12000
12001
12003
12004
12005
12006
12007
12008
12009
12010
12011
12012
12013
12014
12015
12016
12017
12018
12019
12020
12021
12021
12022
12023
12024
12025
12025
12026
12027
12028
12028
12029
12030
12030
12031
12032
12032
12033
12034
12034
12035
12035
12036
12037
12037
12038
12038
12039
12039
12039
12040
12040
12041
12041
12042
12042
12042
12043
12043
12043
12044
12044
12044
12044
12045
12045
12045
12045
12046
12046
12046
12046
12046
12047
12047
12047
12047
12047
12047
12047
12048
12048
12048
12048
12048
12048
12048
12048
12048
12048
12048
12048
12048
12048
12048
12048
12048
12048
12048
12048
12048
12048
12048
12048
12048
12047
12047
12047
12047
12047
12047
12047
12047
12047
12046
12046
12046
12046
12046
12046
12045
12045
12045
12045
12044
12044
12044
12044
12043
12043
12043
12042
12042
12042
12042
12041
12041
12040
12040
12040
12039
12039
12039
12038
12038
12037
12037
12037
12036
12036
12035
12035
12034
12034
12033
12033
12032
12032
12031
12031
12030
12030
12029
12028
12028
12027
12027
12026
12025
12025
12024
12023
12023
12022
12021
12021
12020
12019
12019
12018
12017
12016
12015
12015
12014
12013
12012
12011
12010
12010
12009
12008
12007
12006
12005
12004
12003
12002
12001
12000
11999
11998
11997
11996
11995
11994
11993
11992
11991
11990
11989
11988
11987
11986
11985
11984
11983
11981
11980
11979
11978
11977
11976
11974
11973
11972
11971
11970
11968
11967
11966
11965
11963
11962
11961
11959
11958
11957
11955
11954
11953
11951
11950
11949
11947
11946
11945
11943
11942
11940
11939
11938
11936
11935
11933
11932
11930
11929
11928
11926
11925
11923
11922
11920
11919
11917
11916
11914
11913
11911
11909
11908
11906
11905
11903
11902
11900
11898
11897
11895
11893
11892
11890
11889
11887
11885
11884
11882
11880
11878
11877
11875
11873
11872
11870
11868
11866
11865
11863
11861
11859
11858
11856
11854
11852
11850
11849
11847
11845
11843
11841
11839
11838
11836
11834
11832
11830
11828
11826
11824
11823
11821
11819
11817
11815
11813
11811
11809
11807
11805
11803
11801
11799
11797
11795
11793
11791
11789
11787
11785
11783
11781
11779
11777
11775
11773
11771
11769
11767
11765
11763
11761
11759
11757
11755
11753
11751
11748
11746
11744
11742
11740
11738
11736
11733
11731
11729
11727
11725
11722
11720
11718
11716
11714
11711
11709
11707
11704
11702
11700
11698
11695
11693
11691
11688
11686
11684
11681
11679
11677
11675
11672
11670
11668
11665
11663
11660
11658
11656
11653
11651
11649
11646
11644
11641
11639
11637
11634
11632
11629
11627
11624
11622
11619
11617
11614
11612
11609
11607
11604
11602
11599
11597
11594
11592
11589
11587
11584
11581
11579
11576
11574
11571
11568
11566
11563
11561
11558
11555
11553
11550
11547
11545
11542
11539
11537
11534
11531
11529
11526
11523
11520
11518
11515
11512
11510
11507
11504
11501
11498
11496
11493
11490
11487
11484
11482
11479
11476
11473
11470
11467
11465
11462
11459
11456
11453
11450
11447
11444
11442
11439
11436
11433
11430
11427
11424
11421
11418
11415
11412
11409
11406
11403
11400
11397
11394
11391
11388
11385
11382
11379
11376
11373
11370
11366
11363
11360
11357
11354
11351
11348
11345
11341
11338
11335
11332
11329
11326
11322
11319
11316
11313
11310
11306
11303
11300
11297
11293
11290
11287
11284
11280
11277
11274
11271
11267
11264
11261
11258
11254
11251
11248
11244
11241
11238
11235
11231
11228
11225
11221
11218
11215
11211
11208
11205
11201
11198
11195
11191
11188
11185
11181
11178
11174
11171
11168
11164
11161
11158
11154
11151
11148
11144
11141
11138
11134
11131
11127
11124
11121
11117
11114
11111
11107
11104
11100
11097
11094
11090
11087
11084
11080
11077
11073
11070
11067
11063
11060
11056
11053
11050
11046
11043
11039
11036
11032
11029
11025
11022
11019
11015
11012
11008
11005
11001
10998
10994
10991
10988
10984
10981
10977
10974
10970
10967
10963
10960
10956
10953
10949
10946
10942
10939
10935
10932
10928
10925
10921
10917
10914
10910
10907
10903
10900
10896
10892
10889
10885
10882
10878
10874
10871
10867
10863
10860
10856
10853
10849
10845
10842
10838
10834
10831
10827
10823
10820
10816
10812
10809
10805
10801
10797
10794
10790
10786
10783
10779
10775
10771
10768
10764
10760
10756
10753
10749
10745
10741
10738
10734
10730
10726
10722
10719
10715
10711
10707
10704
10700
10696
10692
10688
10685
10681
10677
10673
10669
10666
10662
10658
10654
10650
10647
10643
10639
10635
10631
10627
10624
10620
10616
10612
10608
10604
10601
10597
10593
10589
10585
10581
10577
10574
10570
10566
10562
10558
10554
10550
10547
10543
10539
10535
10531
10527
10523
10519
10515
10512
10508
10504
10500
10496
10492
10488
10484
10480
10476
10472
10468
10464
10461
10457
10453
10449
10445
10441
10437
10433
10429
10425
10421
10417
10413
10409
10405
10401
10398
10394
10390
10386
10382
10378
10374
10370
10366
10362
10358
10354
10350
10346
10342
10338
10334
10330
10326
10323
10319
10315
10311
10307
10303
10299
10295
10291
10287
10283
10279
10275
10271
10267
10263
10259
10255
10251
10247
10243
10239
10235
10231
10227
10223
10218
10214
10210
10206
10202
10198
10194
10190
10186
10182
10178
10174
10170
10166
10162
10158
10154
10150
10146
10141
10137
10133
10129
10125
10121
10117
10113
10109
10105
10101
10096
10092
10088
10084
10080
10076
10072
10068
10063
10059
10055
10051
10047
10043
10038
10034
10030
10026
10022
10018
10013
10009
10005
10001
9997
9993
9988
9984
9980
9976
9972
9968
9963
9959
9955
9951
9947
9942
9938
9934
9930
9926
9921
9917
9913
9909
9905
9900
9896
9892
9888
9884
9880
9875
9871
9867
9863
9859
9854
9850
9846
9842
9838
9833
9829
9825
9821
9817
9812
9808
9804
9800
9796
9792
9787
9783
9779
9775
9771
9766
9762
9758
9754
9750
9745
9741
9737
9733
9729
9724
9720
9716
9712
9708
9704
9699
9695
9691
9687
9683
9678
9674
9670
9666
9662
9657
9653
9649
9645
9641
9636
9632
9628
9624
9620
9615
9611
9607
9603
9599
9594
9590
9586
9582
9578
9574
9569
9565
9561
9557
9552
9548
9544
9540
9536
9531
9527
9523
9519
9515
9510
9506
9502
9498
9493
9489
9485
9481
9477
9472
9468
9464
9460
9456
9451
9447
9443
9439
9434
9430
9426
9422
9418
9413
9409
9405
9401
9396
9392
9388
9384
9380
9375
9371
9367
9363
9358
9354
9350
9346
9342
9337
9333
9329
9325
9320
9316
9312
9308
9304
9299
9295
9291
9287
9282
9278
9274
9270
9265
9261
9257
9253
9248
9244
9240
9236
9231
9227
9223
9219
9215
9210
9206
9202
9198
9193
9189
9185
9181
9176
9172
9168
9164
9160
9155
9151
9147
9143
9138
9134
9130
9126
9122
9117
9113
9109
9105
9100
9096
9092
9088
9084
9079
9075
9071
9067
9062
9058
9054
9050
9046
9041
9037
9033
9029
9025
9020
9016
9012
9008
9004
8999
8995
8991
8987
8983
8978
8974
8970
8966
8962
8957
8953
8949
8945
8941
8936
8932
8928
8924
8920
8916
8911
8907
8903
8899
8895
8890
8886
8882
8878
8874
8870
8865
8861
8857
8853
8849
8845
8841
8836
8832
8828
8824
8820
8816
8811
8807
8803
8799
8795
8791
8787
8782
8778
8774
8770
8766
8762
8758
8753
8749
8745
8741
8737
8733
8728
8724
8720
8716
8712
8708
8704
8699
8695
8691
8687
8683
8679
8675
8670
8666
8662
8658
8654
8650
8646
8641
8637
8633
8629
8625
8621
8617
8613
8608
8604
8600
8596
8592
8588
8584
8579
8575
8571
8567
8563
8559
8555
8550
8546
8542
8538
8534
8530
8526
8521
8517
8513
8509
8505
8501
8497
8493
8488
8484
8480
8476
8472
8468
8464
8459
8455
8451
8447
8443
8439
8435
8431
8426
8422
8418
8414
8410
8406
8402
8398
8393
8389
8385
8381
8377
8373
8369
8365
8361
8356
8352
8348
8344
8340
8336
8332
8328
8324
8319
8315
8311
8307
8303
8299
8295
8291
8287
8283
8279
8274
8270
8266
8262
8258
8254
8250
8246
8242
8238
8234
8230
8225
8221
8217
8213
8209
8205
8201
8197
8193
8189
8185
8181
8177
8172
8168
8164
8160
8156
8152
8148
8144
8140
8136
8132
8128
8124
8120
8115
8111
8107
8103
8099
8095
8091
8087
8083
8079
8075
8071
8067
8063
8059
8054
8050
8046
8042
8038
8034
8030
8026
8022
8018
8014
8010
8006
8002
7998
7994
7990
7986
7982
7978
7974
7970
7966
7962
7958
7954
7950
7945
7941
7937
7933
7929
7925
7921
7917
7913
7909
7905
7901
7897
7893
7889
7885
7882
7878
7874
7870
7866
7862
7858
7854
7850
7846
7842
7838
7834
7830
7826
7822
7818
7814
7811
7807
7803
7799
7795
7791
7787
7783
7779
7775
7772
7768
7764
7760
7756
7752
7748
7744
7741
7737
7733
7729
7725
7721
7717
7713
7710
7706
7702
7698
7694
7690
7686
7683
7679
7675
7671
7667
7663
7659
7656
7652
7648
7644
7640
7636
7632
7629
7625
7621
7617
7613
7609
7605
7602
7598
7594
7590
7586
7582
7578
7575
7571
7567
7563
7559
7555
7551
7547
7544
7540
7536
7532
7528
7524
7520
7517
7513
7509
7505
7501
7497
7493
7489
7486
7482
7478
7474
7470
7466
7462
7458
7455
7451
7447
7443
7439
7435
7431
7427
7424
7420
7416
7412
7408
7404
7400
7396
7393
7389
7385
7381
7377
7373
7369
7366
7362
7358
7354
7350
7346
7343
7339
7335
7331
7327
7323
7319
7316
7312
7308
7304
7300
7296
7293
7289
7285
7281
7277
7273
7270
7266
7262
7258
7254
7251
7247
7243
7239
7235
7232
7228
7224
7220
7216
7213
7209
7205
7201
7197
7194
7190
7186
7182
7179
7175
7171
7167
7163
7160
7156
7152
7148
7145
7141
7137
7133
7130
7126
7122
7118
7115
7111
7107
7103
7100
7096
7092
7089
7085
7081
7078
7074
7070
7066
7063
7059
7055
7052
7048
7044
7041
7037
7033
7030
7026
7022
7019
7015
7011
7008
7004
7000
6997
6993
6989
6986
6982
6978
6975
6971
6967
6964
6960
6956
6953
6949
6945
6942
6938
6935
6931
6927
6924
6920
6916
6913
6909
6905
6902
6898
6895
6891
6887
6884
6880
6876
6873
6869
6866
6862
6858
6855
6851
6847
6844
6840
6836
6833
6829
6826
6822
6818
6815
6811
6807
6804
6800
6797
6793
6789
6786
6782
6778
6775
6771
6767
6764
6760
6757
6753
6749
6746
6742
6738
6735
6731
6728
6724
6720
6717
6713
6710
6706
6702
6699
6695
6691
6688
6684
6681
6677
6673
6670
6666
6663
6659
6656
6652
6648
6645
6641
6638
6634
6630
6627
6623
6620
6616
6613
6609
6605
6602
6598
6595
6591
6588
6584
6581
6577
6574
6570
6566
6563
6559
6556
6552
6549
6545
6542
6538
6535
6531
6528
6524
6521
6517
6514
6510
6507
6503
6500
6496
6493
6489
6486
6482
6479
6475
6472
6468
6465
6461
6458
6454
6451
6447
6444
6440
6437
6433
6430
6426
6423
6420
6416
6413
6409
6406
6402
6399
6395
6392
6388
6385
6382
6378
6375
6371
6368
6364
6361
6358
6354
6351
6347
6344
6340
6337
6334
6330
6327
6323
6320
6316
6313
6310
6306
6303
6299
6296
6293
6289
6286
6282
6279
6276
6272
6269
6265
6262
6259
6255
6252
6248
6245
6242
6238
6235
6232
6228
6225
6221
6218
6215
6211
6208
6205
6201
6198
6195
6191
6188
6184
6181
6178
6174
6171
6168
6164
6161
6158
6154
6151
6148
6144
6141
6138
6134
6131
6128
6124
6121
6118
6114
6111
6108
6104
6101
6098
6094
6091
6088
6084
6081
6078
6075
6071
6068
6065
6061
6058
6055
6051
6048
6045
6042
6038
6035
6032
6028
6025
6022
6019
6015
6012
6009
6005
6002
5999
5996
5992
5989
5986
5982
5979
5976
5973
5969
5966
5963
5960
5956
5953
5950
5946
5943
5940
5937
5933
5930
5927
5924
5920
5917
5914
5911
5907
5904
5901
5897
5894
5891
5888
5884
5881
5878
5875
5871
5868
5865
5862
5858
5855
5852
5849
5845
5842
5839
5836
5832
5829
5826
5823
5819
5816
5813
5810
5806
5803
5800
5797
5794
5790
5787
5784
5781
5778
5774
5771
5768
5765
5761
5758
5755
5752
5749
5746
5742
5739
5736
5733
5730
5726
5723
5720
5717
5714
5710
5707
5704
5701
5698
5695
5691
5688
5685
5682
5679
5676
5672
5669
5666
5663
5660
5657
5654
5650
5647
5644
5641
5638
5635
5632
5628
5625
5622
5619
5616
5613
5610
5607
5603
5600
5597
5594
5591
5588
5585
5582
5579
5575
5572
5569
5566
5563
5560
5557
5554
5551
5548
5544
5541
5538
5535
5532
5529
5526
5523
5520
5517
5514
5511
5508
5504
5501
5498
5495
5492
5489
5486
5483
5480
5477
5474
5471
5468
5465
5462
5459
5456
5453
5450
5447
5444
5441
5438
5435
5432
5429
5426
5423
5420
5417
5414
5411
5408
5405
5402
5399
5396
5393
5390
5387
5384
5381
5378
5375
5372
5369
5366
5363
5360
5357
5354
5351
5348
5345
5342
5339
5336
5334
5331
5328
5325
5322
5319
5316
5313
5310
5307
5304
5301
5298
5295
5292
5289
5286
5283
5281
5278
5275
5272
5269
5266
5263
5260
5257
5254
5251
5248
5245
5242
5239
5237
5234
5231
5228
5225
5222
5219
5216
5213
5210
5207
5204
5202
5199
5196
5193
5190
5187
5184
5181
5178
5175
5172
5170
5167
5164
5161
5158
5155
5152
5149
5146
5144
5141
5138
5135
5132
5129
5126
5123
5121
5118
5115
5112
5109
5106
5103
5101
5098
5095
5092
5089
5086
5083
5081
5078
5075
5072
5069
5066
5064
5061
5058
5055
5052
5049
5047
5044
5041
5038
5035
5033
5030
5027
5024
5021
5019
5016
5013
5010
5007
5005
5002
4999
4996
4994
4991
4988
4985
4982
4980
4977
4974
4971
4969
4966
4963
4960
4957
4955
4952
4949
4946
4944
4941
4938
4935
4933
4930
4927
4924
4922
4919
4916
4913
4911
4908
4905
4902
4900
4897
4894
4891
4889
4886
4883
4881
4878
4875
4872
4870
4867
4864
4861
4859
4856
4853
4850
4848
4845
4842
4840
4837
4834
4831
4829
4826
4823
4821
4818
4815
4812
4810
4807
4804
4802
4799
4796
4793
4791
4788
4785
4783
4780
4777
4775
4772
4769
4766
4764
4761
4758
4756
4753
4750
4748
4745
4742
4740
4737
4734
4732
4729
4726
4723
4721
4718
4715
4713
4710
4707
4705
4702
4699
4697
4694
4691
4689
4686
4683
4681
4678
4676
4673
4670
4668
4665
4662
4660
4657
4654
4652
4649
4646
4644
4641
4639
4636
4633
4631
4628
4625
4623
4620
4618
4615
4612
4610
4607
4605
4602
4599
4597
4594
4592
4589
4586
4584
4581
4579
4576
4573
4571
4568
4566
4563
4561
4558
4555
4553
4550
4548
4545
4543
4540
4537
4535
4532
4530
4527
4525
4522
4520
4517
4515
4512
4509
4507
4504
4502
4499
4497
4494
4492
4489
4487
4484
4482
4479
4477
4474
4472
4469
4467
4464
4462
4459
4457
4454
4451
4449
4446
4444
4442
4439
4437
4434
4432
4429
4427
4424
4422
4419
4417
4414
4412
4409
4407
4404
4402
4399
4397
4394
4392
4390
4387
4385
4382
4380
4377
4375
4372
4370
4367
4365
4363
4360
4358
4355
4353
4350
4348
4346
4343
4341
4338
4336
4333
4331
4329
4326
4324
4321
4319
4317
4314
4312
4309
4307
4305
4302
4300
4297
4295
4293
4290
4288
4285
4283
4281
4278
4276
4273
4271
4269
4266
4264
4262
4259
4257
4254
4252
4250
4247
4245
4243
4240
4238
4235
4233
4231
4228
4226
4224
4221
4219
4217
4214
4212
4210
4207
4205
4203
4200
4198
4195
4193
4191
4188
4186
4184
4181
4179
4177
4174
4172
4170
4167
4165
4163
4161
4158
4156
4154
4151
4149
4147
4144
4142
4140
4137
4135
4133
4131
4128
4126
4124
4121
4119
4117
4114
4112
4110
4108
4105
4103
4101
4099
4096
4094
4092
4089
4087
4085
4083
4080
4078
4076
4074
4071
4069
4067
4064
4062
4060
4058
4055
4053
4051
4049
4046
4044
4042
4040
4037
4035
4033
4031
4028
4026
4024
4022
4019
4017
4015
4013
4010
4008
4006
4004
4001
3999
3997
3995
3993
3990
3988
3986
3984
3981
3979
3977
3975
3972
3970
3968
3966
3964
3961
3959
3957
3955
3952
3950
3948
3946
3944
3941
3939
3937
3935
3932
3930
3928
3926
3924
3921
3919
3917
3915
3913
3910
3908
3906
3904
3902
3899
3897
3895
3893
3891
3888
3886
3884
3882
3880
3877
3875
3873
3871
3869
3866
3864
3862
3860
3858
3856
3853
3851
3849
3847
3845
3843
3840
3838
3836
3834
3832
3829
3827
3825
3823
3821
3819
3816
3814
3812
3810
3808
3806
3803
3801
3799
3797
3795
3793
3791
3788
3786
3784
3782
3780
3778
3775
3773
3771
3769
3767
3765
3763
3760
3758
3756
3754
3752
3750
3748
3745
3743
3741
3739
3737
3735
3733
3730
3728
3726
3724
3722
3720
3718
3715
3713
3711
3709
3707
3705
3703
3701
3699
3696
3694
3692
3690
3688
3686
3684
3682
3680
3677
3675
3673
3671
3669
3667
3665
3663
3661
3659
3656
3654
3652
3650
3648
3646
3644
3642
3640
3638
3636
3634
3632
3629
3627
3625
3623
3621
3619
3617
3615
3613
3611
3609
3607
3605
3603
3601
3599
3596
3594
3592
3590
3588
3586
3584
3582
3580
3578
3576
3574
3572
3570
3568
3566
3564
3562
3560
3558
3556
3554
3552
3550
3548
3546
3544
3542
3540
3538
3536
3534
3532
3530
3528
3526
3524
3522
3520
3518
3516
3514
3512
3510
3508
3506
3504
3502
3500
3498
3496
3494
3492
3490
3488
3486
3484
3482
3480
3478
3476
3474
3472
3470
3468
3466
3464
3462
3461
3459
3457
3455
3453
3451
3449
3447
3445
3443
3441
3439
3437
3435
3433
3431
3429
3428
3426
3424
3422
3420
3418
3416
3414
3412
3410
3408
3406
3404
3402
3401
3399
3397
3395
3393
3391
3389
3387
3385
3383
3381
3379
3378
3376
3374
3372
3370
3368
3366
3364
3362
3360
3358
3356
3355
3353
3351
3349
3347
3345
3343
3341
3339
3337
3335
3334
3332
3330
3328
3326
3324
3322
3320
3318
3316
3314
3313
3311
3309
3307
3305
3303
3301
3299
3297
3295
3293
3292
3290
3288
3286
3284
3282
3280
3278
3276
3274
3272
3271
3269
3267
3265
3263
3261
3259
3257
3255
3253
3252
3250
3248
3246
3244
3242
3240
3238
3236
3235
3233
3231
3229
3227
3225
3223
3221
3220
3218
3216
3214
3212
3210
3208
3206
3205
3203
3201
3199
3197
3195
3193
3191
3190
3188
3186
3184
3182
3180
3178
3177
3175
3173
3171
3169
3167
3166
3164
3162
3160
3158
3156
3155
3153
3151
3149
3147
3145
3144
3142
3140
3138
3136
3134
3133
3131
3129
3127
3125
3123
3122
3120
3118
3116
3114
3112
3111
3109
3107
3105
3103
3102
3100
3098
3096
3094
3092
3091
3089
3087
3085
3083
3082
3080
3078
3076
3074
3072
3071
3069
3067
3065
3063
3062
3060
3058
3056
3054
3053
3051
3049
3047
3045
3043
3042
3040
3038
3036
3034
3033
3031
3029
3027
3025
3024
3022
3020
3018
3016
3014
3013
3011
3009
3007
3005
3004
3002
3000
2998
2996
2995
2993
2991
2989
2987
2986
2984
2982
2980
2978
2977
2975
2973
2971
2969
2968
2966
2964
2962
2960
2959
2957
2955
2953
2951
2950
2948
2946
2944
2942
2941
2939
2937
2935
2934
2932
2930
2928
2926
2925
2923
2921
2919
2918
2916
2914
2912
2911
2909
2907
2905
2904
2902
2900
2898
2896
2895
2893
2891
2889
2888
2886
2884
2882
2881
2879
2877
2875
2874
2872
2870
2868
2867
2865
2863
2861
2860
2858
2856
2854
2853
2851
2849
2847
2846
2844
2842
2840
2839
2837
2835
2834
2832
2830
2828
2827
2825
2823
2821
2820
2818
2816
2814
2813
2811
2809
2808
2806
2804
2802
2801
2799
2797
2796
2794
2792
2790
2789
2787
2785
2784
2782
2780
2778
2777
2775
2773
2772
2770
2768
2767
2765
2763
2761
2760
2758
2756
2755
2753
2751
2750
2748
2746
2744
2743
2741
2739
2738
2736
2734
2733
2731
2729
2728
2726
2724
2723
2721
2719
2718
2716
2714
2712
2711
2709
2707
2706
2704
2702
2701
2699
2697
2696
2694
2692
2691
2689
2687
2686
2684
2682
2681
2679
2677
2676
2674
2672
2671
2669
2667
2666
2664
2662
2661
2659
2657
2656
2654
2652
2651
2649
2647
2646
2644
2642
2641
2639
2637
2636
2634
2632
2631
2629
2627
2626
2624
2622
2621
2619
2617
2616
2614
2612
2611
2609
2607
2606
2604
2602
2601
2599
2597
2596
2594
2592
2591
2589
2587
2586
2584
2582
2581
2579
2578
2576
2574
2573
2571
2569
2568
2566
2564
2563
2561
2559
2558
2556
2554
2553
2551
2549
2548
2546
2544
2543
2541
2540
2538
2536
2535
2533
2531
2530
2528
2526
2525
2523
2521
2520
2518
2516
2515
2513
2511
2510
2508
2507
2505
2503
2502
2500
2498
2497
2495
2493
2492
2490
2488
2487
2485
2483
2482
2480
2478
2477
2475
2474
2472
2470
2469
2467
2465
2464
2462
2460
2459
2457
2455
2454
2452
2451
2449
2447
2446
2444
2442
2441
2439
2437
2436
2434
2433
2431
2429
2428
2426
2424
2423
2421
2420
2418
2416
2415
2413
2411
2410
2408
2407
2405
2403
2402
2400
2399
2397
2395
2394
2392
2390
2389
2387
2386
2384
2382
2381
2379
2378
2376
2374
2373
2371
2370
2368
2366
2365
2363
2362
2360
2358
2357
2355
2354
2352
2350
2349
2347
2346
2344
2342
2341
2339
2338
2336
2335
2333
2331
2330
2328
2327
2325
2323
2322
2320
2319
2317
2316
2314
2312
2311
2309
2308
2306
2305
2303
2302
2300
2298
2297
2295
2294
2292
2291
2289
2287
2286
2284
2283
2281
2280
2278
2277
2275
2274
2272
2270
2269
2267
2266
2264
2263
2261
2260
2258
2257
2255
2253
2252
2250
2249
2247
2246
2244
2243
2241
2240
2238
2237
2235
2233
2232
2230
2229
2227
2226
2224
2223
2221
2220
2218
2217
2215
2214
2212
2211
2209
2208
2206
2205
2203
2201
2200
2198
2197
2195
2194
2192
2191
2189
2188
2186
2185
2183
2182
2180
2179
2177
2176
2174
2173
2171
2170
2168
2167
2165
2164
2162
2161
2159
2158
2156
2155
2153
2152
2150
2149
2147
2146
2144
2143
2141
2140
2138
2137
2135
2134
2133
2131
2130
2128
2127
2125
2124
2122
2121
2119
2118
2116
2115
2113
2112
2110
2109
2107
2106
2104
2103
2101
2100
2098
2097
2096
2094
2093
2091
2090
2088
2087
2085
2084
2082
2081
2079
2078
2076
2075
2074
2072
2071
2069
2068
2066
2065
2063
2062
2060
2059
2057
2056
2055
2053
2052
2050
2049
2047
2046
2044
2043
2041
2040
2039
2037
2036
2034
2033
2031
2030
2028
2027
2025
2024
2023
2021
2020
2018
2017
2015
2014
2012
2011
2010
2008
2007
2005
2004
2002
2001
1999
1998
1997
1995
1994
1992
1991
1989
1988
1986
1985
1984
1982
1981
1979
1978
1976
1975
1973
1972
1971
1969
1968
1966
1965
1963
1962
1961
1959
1958
1956
1955
1953
1952
1950
1949
1948
1946
1945
1943
1942
1940
1939
1938
1936
1935
1933
1932
1930
1929
1928
1926
1925
1923
1922
1920
1919
1918
1916
1915
1913
1912
1910
1909
1908
1906
1905
1903
1902
1901
1899
1898
1896
1895
1893
1892
1891
1889
1888
1886
1885
1884
1882
1881
1879
1878
1877
1875
1874
1872
1871
1870
1868
1867
1865
1864
1863
1861
1860
1858
1857
1856
1854
1853
1851
1850
1849
1847
1846
1845
1843
1842
1840
1839
1838
1836
1835
1834
1832
1831
1829
1828
1827
1825
1824
1823
1821
1820
1818
1817
1816
1814
1813
1812
1810
1809
1808
1806
1805
1803
1802
1801
1799
1798
1797
1795
1794
1793
1791
1790
1789
1787
1786
1784
1783
1782
1780
1779
1778
1776
1775
1774
1772
1771
1770
1768
1767
1766
1764
1763
1762
1760
1759
1758
1756
1755
1753
1752
1751
1749
1748
1747
1745
1744
1743
1741
1740
1739
1737
1736
1735
1734
1732
1731
1730
1728
1727
1726
1724
1723
1722
1720
1719
1718
1716
1715
1714
1712
1711
1710
1708
1707
1706
1705
1703
1702
1701
1699
1698
1697
1695
1694
1693
1691
1690
1689
1688
1686
1685
1684
1682
1681
1680
1679
1677
1676
1675
1673
1672
1671
1670
1668
1667
1666
1664
1663
1662
1661
1659
1658
1657
1656
1654
1653
1652
1650
1649
1648
1647
1645
1644
1643
1642
1640
1639
1638
1636
1635
1634
1633
1631
1630
1629
1628
1626
1625
1624
1623
1621
1620
1619
1618
1616
1615
1614
1613
1611
1610
1609
1608
1606
1605
1604
1603
1601
1600
1599
1598
1596
1595
1594
1593
1591
1590
1589
1588
1586
1585
1584
1583
1581
1580
1579
1578
1576
1575
1574
1573
1571
1570
1569
1568
1566
1565
1564
1563
1561
1560
1559
1558
1556
1555
1554
1553
1552
1550
1549
1548
1547
1545
1544
1543
1542
1540
1539
1538
1537
1535
1534
1533
1532
1530
1529
1528
1527
1526
1524
1523
1522
1521
1519
1518
1517
1516
1514
1513
1512
1511
1509
1508
1507
1506
1505
1503
1502
1501
1500
1498
1497
1496
1495
1493
1492
1491
1490
1488
1487
1486
1485
1484
1482
1481
1480
1479
1477
1476
1475
1474
1472
1471
1470
1469
1467
1466
1465
1464
1463
1461
1460
1459
1458
1456
1455
1454
1453
1451
1450
1449
1448
1447
1445
1444
1443
1442
1440
1439
1438
1437
1435
1434
1433
1432
1431
1429
1428
1427
1426
1424
1423
1422
1421
1420
1418
1417
1416
1415
1413
1412
1411
1410
1409
1407
1406
1405
1404
1402
1401
1400
1399
1398
1396
1395
1394
1393
1391
1390
1389
1388
1387
1385
1384
1383
1382
1380
1379
1378
1377
1376
1374
1373
1372
1371
1370
1368
1367
1366
1365
1364
1362
1361
1360
1359
1358
1356
1355
1354
1353
1352
1350
1349
1348
1347
1346
1344
1343
1342
1341
1339
1338
1337
1336
1335
1333
1332
1331
1330
1329
1328
1326
1325
1324
1323
1322
1320
1319
1318
1317
1316
1314
1313
1312
1311
1310
1308
1307
1306
1305
1304
1303
1301
1300
1299
1298
1297
1295
1294
1293
1292
1291
1290
1288
1287
1286
1285
1284
1283
1281
1280
1279
1278
1277
1275
1274
1273
1272
1271
1270
1268
1267
1266
1265
1264
1263
1262
1260
1259
1258
1257
1256
1255
1253
1252
1251
1250
1249
1248
1246
1245
1244
1243
1242
1241
1240
1238
1237
1236
1235
1234
1233
1232
1230
1229
1228
1227
1226
1225
1224
1222
1221
1220
1219
1218
1217
1216
1214
1213
1212
1211
1210
1209
1208
1206
1205
1204
1203
1202
1201
1200
1199
1197
1196
1195
1194
1193
1192
1191
1189
1188
1187
1186
1185
1184
1183
1182
1180
1179
1178
1177
1176
1175
1174
1172
1171
1170
1169
1168
1167
1166
1165
1163
1162
1161
1160
1159
1158
1157
1156
1154
1153
1152
1151
1150
1149
1148
1146
1145
1144
1143
1142
1141
1140
1139
1137
1136
1135
1134
1133
1132
1131
1130
1128
1127
1126
1125
1124
1123
1122
1121
1119
1118
1117
1116
1115
1114
1113
1112
1111
1109
1108
1107
1106
1105
1104
1103
1102
1100
1099
1098
1097
1096
1095
1094
1093
1091
1090
1089
1088
1087
1086
1085
1084
1082
1081
1080
1079
1078
1077
1076
1075
1074
1072
1071
1070
1069
1068
1067
1066
1065
1063
1062
1061
1060
1059
1058
1057
1056
1054
1053
1052
1051
1050
1049
1048
1047
1045
1044
1043
1042
1041
1040
1039
1038
1037
1035
1034
1033
1032
1031
1030
1029
1028
1026
1025
1024
1023
1022
1021
1020
1019
1018
1016
1015
1014
1013
1012
1011
1010
1009
1007
1006
1005
1004
1003
1002
1001
1000
998
997
996
995
994
993
992
991
990
988
987
986
985
984
983
982
981
979
978
977
976
975
974
973
972
970
969
968
967
966
965
964
963
962
960
959
958
957
956
955
954
953
952
950
949
948
947
946
945
944
943
942
940
939
938
937
936
935
934
933
932
930
929
928
927
926
925
924
923
922
920
919
918
917
916
915
914
913
912
911
909
908
907
906
905
904
903
902
901
900
898
897
896
895
894
893
892
891
890
889
888
886
885
884
883
882
881
880
879
878
877
876
875
873
872
871
870
869
868
867
866
865
864
863
862
861
859
858
857
856
855
854
853
852
851
850
849
848
847
846
844
843
842
841
840
839
838
837
836
835
834
833
832
831
830
829
827
826
825
824
823
822
821
820
819
818
817
816
815
814
813
812
811
810
808
807
806
805
804
803
802
801
800
799
798
797
796
795
794
793
792
791
790
789
787
786
785
784
783
782
781
780
779
778
777
776
775
774
773
772
771
770
769
768
767
766
765
764
763
762
760
759
758
757
756
755
754
753
752
751
750
749
748
747
746
745
744
743
742
741
740
739
738
737
736
735
734
733
732
731
730
729
728
727
726
725
724
723
722
721
720
719
718
716
715
714
713
712
711
710
709
708
707
706
705
704
703
702
701
700
699
698
697
696
695
694
693
692
691
690
689
688
687
686
685
684
683
682
681
680
679
678
677
676
675
674
673
672
671
670
669
668
667
666
665
664
663
662
661
660
659
658
657
656
655
654
653
652
651
650
649
648
647
646
645
644
643
642
641
640
639
638
637
636
635
634
633
632
631
630
629
628
627
626
625
624
623
622
621
620
619
618
617
616
615
614
613
612
611
610
609
608
607
606
605
604
603
602
601
600
599
598
597
596
595
594
593
592
591
590
589
588
587
586
585
584
583
582
581
580
579
578
577
576
575
574
573
572
571
570
569
568
567
566
565
564
563
562
561
560
559
558
557
556
555
554
553
553
552
551
550
549
548
547
546
545
544
543
542
541
540
539
538
537
536
535
534
533
532
531
530
529
528
527
526
525
524
524
523
522
521
520
519
518
517
516
515
514
513
512
511
510
509
508
507
506
505
504
504
503
502
501
500
499
498
497
496
495
494
493
492
491
490
489
488
488
487
486
485
484
483
482
481
480
479
478
477
476
475
474
474
473
472
471
470
469
468
467
466
465
464
463
462
461
461
460
459
458
457
456
455
454
453
452
451
450
450
449
448
447
446
445
444
443
442
441
440
439
439
438
437
436
435
434
433
432
431
430
429
429
428
427
426
425
424
423
422
421
420
419
419
418
417
416
415
414
413
412
411
410
410
409
408
407
406
405
404
403
402
402
401
400
399
398
397
396
395
394
394
393
392
391
390
389
388
387
386
386
385
384
383
382
381
380
379
379
378
377
376
375
374
373
372
372
371
370
369
368
367
366
365
364
364
363
362
361
360
359
358
357
357
356
355
354
353
352
351
351
350
349
348
347
346
345
344
344
343
342
341
340
339
338
337
337
336
335
334
333
332
331
331
330
329
328
327
326
325
325
324
323
322
321
320
319
318
318
317
316
315
314
313
312
312
311
310
309
308
307
306
306
305
304
303
302
301
300
300
299
298
297
296
295
294
294
293
292
291
290
289
288
288
287
286
285
284
283
282
282
281
280
279
278
277
277
276
275
274
273
272
271
271
270
269
268
267
266
265
265
264
263
262
261
260
260
259
258
257
256
255
254
254
253
252
251
250
249
249
248
247
246
245
244
244
243
242
241
240
239
238
238
237
236
235
234
233
233
232
231
230
229
228
228
227
226
225
224
223
223
222
221
220
219
218
218
217
216
215
214
213
213
212
211
210
209
208
208
207
206
205
204
203
203
202
201
200
199
199
198
197
196
195
194
194
193
192
191
190
189
189
188
187
186
185
185
184
183
182
181
180
180
179
178
177
176
176
175
174
173
172
172
171
170
169
168
167
167
166
165
164
163
163
162
161
160
159
159
158
157
156
155
155
154
153
152
151
151
150
149
148
147
147
146
145
144
144
143
142
141
140
140
139
138
137
136
136
135
134
133
132
132
131
130
129
129
128
127
126
125
125
124
123
122
122
121
120
119
118
118
117
116
115
115
114
113
112
111
111
110
109
108
108
107
106
105
105
104
103
102
101
101
100
99
98
98
97
96
95
95
94
93
92
91
91
90
89
88
88
87
86
85
85
84
83
82
82
81
80
79
78
78
77
76
75
75
74
73
72
72
71
70
69
69
68
67
66
66
65
64
63
63
62
61
60
59
59
58
57
56
56
55
54
53
53
52
51
50
50
49
48
47
47
46
45
44
44
43
42
41
41
40
39
38
38
37
36
35
35
34
33
32
32
31
30
29
29
28
27
26
26
25
24
23
23
22
21
20
20
19
18
17
17
16
15
14
14
13
12
11
11
10
9
8
8
7
6
5
5
4
3
2
2
1
0
0
0
-1
-2
-2
-3
-4
-5
-5
-6
-7
-8
-8
-9
-10
-11
-11
-12
-13
-14
-14
-15
-16
-16
-17
-18
-19
-19
-20
-21
-22
-22
-23
-24
-25
-25
-26
-27
-28
-28
-29
-30
-30
-31
-32
-33
-33
-34
-35
-36
-36
-37
-38
-38
-39
-40
-41
-41
-42
-43
-44
-44
-45
-46
-47
-47
-48
-49
-49
-50
-51
-52
-52
-53
-54
-55
-55
-56
-57
-57
-58
-59
-60
-60
-61
-62
-62
-63
-64
-65
-65
-66
-67
-68
-68
-69
-70
-70
-71
-72
-73
-73
-74
-75
-75
-76
-77
-78
-78
-79
-80
-80
-81
-82
-83
-83
-84
-85
-85
-86
-87
-88
-88
-89
-90
-90
-91
-92
-93
-93
-94
-95
-95
-96
-97
-98
-98
-99
-100
-100
-101
-102
-103
-103
-104
-105
-105
-106
-107
-107
-108
-109
-110
-110
-111
-112
-112
-113
-114
-114
-115
-116
-117
-117
-118
-119
-119
-120
-121
-121
-122
-123
-124
-124
-125
-126
-126
-127
-128
-128
-129
-130
-130
-131
-132
-132
-133
-134
-135
-135
-136
-137
-137
-138
-139
-139
-140
-141
-141
-142
-143
-143
-144
-145
-146
-146
-147
-148
-148
-149
-150
-150
-151
-152
-152
-153
-154
-154
-155
-156
-156
-157
-158
-158
-159
-160
-160
-161
-162
-162
-163
-164
-164
-165
-166
-167
-167
-168
-169
-169
-170
-171
-171
-172
-173
-173
-174
-175
-175
-176
-177
-177
-178
-179
-179
-180
-181
-181
-182
-183
-183
-184
-185
-185
-186
-187
-187
-188
-189
-189
-190
-191
-191
-192
-193
-193
-194
-195
-195
-196
-197
-197
-198
-199
-199
-200
-201
-201
-202
-203
-203
-204
-204
-205
-206
-206
-207
-208
-208
-209
-210
-210
-211
-212
-212
-213
-214
-214
-215
-216
-216
-217
-218
-218
-219
-220
-220
-221
-222
-222
-223
-224
-224
-225
-226
-226
-227
-227
-228
-229
-229
-230
-231
-231
-232
-233
-233
-234
-235
-235
-236
-237
-237
-238
-239
-239
-240
-241
-241
-242
-243
-243
-244
-244
-245
-246
-246
-247
-248
-248
-249
-250
-250
-251
-252
-252
-253
-254
-254
-255
-256
-256
-257
-257
-258
-259
-259
-260
-261
-261
-262
-263
-263
-264
-265
-265
-266
-267
-267
-268
-268
-269
-270
-270
-271
-272
-272
-273
-274
-274
-275
-276
-276
-277
-278
-278
-279
-279
-280
-281
-281
-282
-283
-283
-284
-285
-285
-286
-287
-287
-288
-288
-289
-290
-290
-291
-292
-292
-293
-294
-294
-295
-296
-296
-297
-297
-298
-299
-299
-300
-301
-301
-302
-303
-303
-304
-304
-305
-306
-306
-307
-308
-308
-309
-310
-310
-311
-311
-312
-313
-313
-314
-315
-315
-316
-317
-317
-318
-318
-319
-320
-320
-321
-322
-322
-323
-323
-324
-325
-325
-326
-327
-327
-328
-328
-329
-330
-330
-331
-332
-332
-333
-333
-334
-335
-335
-336
-337
-337
-338
-338
-339
-340
-340
-341
-342
-342
-343
-343
-344
-345
-345
-346
-347
-347
-348
-348
-349
-350
-350
-351
-351
-352
-353
-353
-354
-355
-355
-356
-356
-357
-358
-358
-359
-360
-360
-361
-361
-362
-363
-363
-364
-364
-365
-366
-366
-367
-367
-368
-369
-369
-370
-371
-371
-372
-372
-373
-374
-374
-375
-375
-376
-377
-377
-378
-378
-379
-380
-380
-381
-381
-382
-383
-383
-384
-384
-385
-386
-386
-387
-387
-388
-389
-389
-390
-390
-391
-392
-392
-393
-393
-394
-395
-395
-396
-396
-397
-398
-398
-399
-399
-400
-401
-401
-402
-402
-403
-404
-404
-405
-405
-406
-407
-407
-408
-408
-409
-410
-410
-411
-411
-412
-413
-413
-414
-414
-415
-415
-416
-417
-417
-418
-418
-419
-420
-420
-421
-421
-422
-423
-423
-424
-424
-425
-425
-426
-427
-427
-428
-428
-429
-430
-430
-431
-431
-432
-432
-433
-434
-434
-435
-435
-436
-437
-437
-438
-438
-439
-439
-440
-441
-441
-442
-442
-443
-444
-444
-445
-445
-446
-446
-447
-448
-448
-449
-449
-450
-450
-451
-452
-452
-453
-453
-454
-455
-455
-456
-456
-457
-457
-458
-459
-459
-460
-460
-461
-461
-462
-463
-463
-464
-464
-465
-466
-466
-467
-467
-468
-468
-469
-470
-470
-471
-471
-472
-472
-473
-474
-474
-475
-475
-476
-477
-477
-478
-478
-479
-479
-480
-481
-481
-482
-482
-483
-483
-484
-485
-485
-486
-486
-487
-487
-488
-489
-489
-490
-490
-491
-491
-492
-493
-493
-494
-494
-495
-495
-496
-497
-497
-498
-498
-499
-499
-500
-501
-501
-502
-502
-503
-503
-504
-505
-505
-506
-506
-507
-507
-508
-509
-509
-510
-510
-511
-511
-512
-513
-513
-514
-514
-515
-515
-516
-516
-517
-518
-518
-519
-519
-520
-520
-521
-522
-522
-523
-523
-524
-524
-525
-525
-526
-527
-527
-528
-528
-529
-529
-530
-531
-531
-532
-532
-533
-533
-534
-534
-535
-536
-536
-537
-537
-538
-538
-539
-539
-540
-540
-541
-542
-542
-543
-543
-544
-544
-545
-545
-546
-547
-547
-548
-548
-549
-549
-550
-550
-551
-551
-552
-553
-553
-554
-554
-555
-555
-556
-556
-557
-557
-558
-559
-559
-560
-560
-561
-561
-562
-562
-563
-563
-564
-564
-565
-566
-566
-567
-567
-568
-568
-569
-569
-570
-570
-571
-571
-572
-573
-573
-574
-574
-575
-575
-576
-576
-577
-577
-578
-578
-579
-579
-580
-581
-581
-582
-582
-583
-583
-584
-584
-585
-585
-586
-586
-587
-587
-588
-588
-589
-590
-590
-591
-591
-592
-592
-593
-593
-594
-594
-595
-595
-596
-596
-597
-597
-598
-598
-599
-599
-600
-600
-601
-601
-602
-603
-603
-604
-604
-605
-605
-606
-606
-607
-607
-608
-608
-609
-609
-610
-610
-611
-611
-612
-612
-613
-613
-614
-614
-615
-615
-616
-616
-617
-617
-618
-618
-619
-619
-620
-620
-621
-621
-622
-622
-623
-623
-624
-624
-625
-625
-626
-626
-627
-627
-628
-628
-629
-629
-630
-630
-631
-632
-632
-633
-633
-634
-634
-635
-635
-636
-636
-636
-637
-637
-638
-638
-639
-639
-640
-640
-641
-641
-642
-642
-643
-643
-644
-644
-645
-645
-646
-646
-647
-647
-648
-648
-649
-649
-650
-650
-651
-651
-652
-652
-653
-653
-654
-654
-655
-655
-656
-656
-657
-657
-658
-658
-659
-659
-660
-660
-661
-661
-662
-662
-663
-663
-664
-664
-665
-665
-666
-666
-667
-667
-668
-668
-669
-669
-670
-670
-670
-671
-671
-672
-672
-673
-673
-674
-674
-675
-675
-676
-676
-677
-677
-678
-678
-679
-679
-680
-680
-681
-681
-682
-682
-683
-683
-684
-684
-685
-685
-685
-686
-686
-687
-687
-688
-688
-689
-689
-690
-690
-691
-691
-692
-692
-693
-693
-694
-694
-695
-695
-696
-696
-697
-697
-697
-698
-698
-699
-699
-700
-700
-701
-701
-702
-702
-703
-703
-704
-704
-705
-705
-706
-706
-707
-707
-707
-708
-708
-709
-709
-710
-710
-711
-711
-712
-712
-713
-713
-714
-714
-715
-715
-716
-716
-716
-717
-717
-718
-718
-719
-719
-720
-720
-721
-721
-722
-722
-723
-723
-723
-724
-724
-725
-725
-726
-726
-727
-727
-728
-728
-729
-729
-730
-730
-730
-731
-731
-732
-732
-733
-733
-734
-734
-735
-735
-736
-736
-736
-737
-737
-738
-738
-739
-739
-740
-740
-741
-741
-741
-742
-742
-743
-743
-744
-744
-745
-745
-746
-746
-746
-747
-747
-748
-748
-749
-749
-750
-750
-751
-751
-751
-752
-752
-753
-753
-754
-754
-755
-755
-755
-756
-756
-757
-757
-758
-758
-759
-759
-759
-760
-760
-761
-761
-762
-762
-763
-763
-763
-764
-764
-765
-765
-766
-766
-767
-767
-767
-768
-768
-769
-769
-770
-770
-770
-771
-771
-772
-772
-773
-773
-773
-774
-774
-775
-775
-776
-776
-777
-777
-777
-778
-778
-779
-779
-780
-780
-780
-781
-781
-782
-782
-783
-783
-783
-784
-784
-785
-785
-786
-786
-786
-787
-787
-788
-788
-789
-789
-789
-790
-790
-791
-791
-792
-792
-792
-793
-793
-794
-794
-795
-795
-795
-796
-796
-797
-797
-798
-798
-798
-799
-799
-800
-800
-801
-801
-801
-802
-802
-803
-803
-804
-804
-804
-805
-805
-806
-806
-807
-807
-807
-808
-808
-809
-809
-809
-810
-810
-811
-811
-812
-812
-812
-813
-813
-814
-814
-815
-815
-815
-816
-816
-817
-817
-817
-818
-818
-819
-819
-820
-820
-820
-821
-821
-822
-822
-822
-823
-823
-824
-824
-825
-825
-825
-826
-826
-827
-827
-828
-828
-828
-829
-829
-830
-830
-830
-831
-831
-832
-832
-832
-833
-833
-834
-834
-835
-835
-835
-836
-836
-837
-837
-837
-838
-838
-839
-839
-840
-840
-840
-841
-841
-842
-842
-842
-843
-843
-844
-844
-844
-845
-845
-846
-846
-847
-847
-847
-848
-848
-849
-849
-849
-850
-850
-851
-851
-852
-852
-852
-853
-853
-854
-854
-854
-855
-855
-856
-856
-856
-857
-857
-858
-858
-859
-859
-859
-860
-860
-861
-861
-861
-862
-862
-863
-863
-863
-864
-864
-865
-865
-866
-866
-866
-867
-867
-868
-868
-868
-869
-869
-870
-870
-870
-871
-871
-872
-872
-872
-873
-873
-874
-874
-875
-875
-875
-876
-876
-877
-877
-877
-878
-878
-879
-879
-879
-880
-880
-881
-881
-881
-882
-882
-883
-883
-883
-884
-884
-885
-885
-885
-886
-886
-887
-887
-888
-888
-888
-889
-889
-890
-890
-890
-891
-891
-892
-892
-892
-893
-893
-894
-894
-894
-895
-895
-896
-896
-896
-897
-897
-898
-898
-898
-899
-899
-900
-900
-900
-901
-901
-902
-902
-902
-903
-903
-904
-904
-904
-905
-905
-906
-906
-906
-907
-907
-908
-908
-908
-909
-909
-910
-910
-910
-911
-911
-912
-912
-912
-913
-913
-914
-914
-914
-915
-915
-915
-916
-916
-917
-917
-917
-918
-918
-919
-919
-919
-920
-920
-921
-921
-921
-922
-922
-923
-923
-923
-924
-924
-925
-925
-925
-926
-926
-926
-927
-927
-928
-928
-928
-929
-929
-930
-930
-930
-931
-931
-932
-932
-932
-933
-933
-933
-934
-934
-935
-935
-935
-936
-936
-937
-937
-937
-938
-938
-938
-939
-939
-940
-940
-940
-941
-941
-942
-942
-942
-943
-943
-944
-944
-944
-945
-945
-945
-946
-946
-947
-947
-947
-948
-948
-949
-949
-949
-950
-950
-950
-951
-951
-952
-952
-952
-953
-953
-953
-954
-954
-955
-955
-955
-956
-956
-957
-957
-957
-958
-958
-958
-959
-959
-960
-960
-960
-961
-961
-961
-962
-962
-963
-963
-963
-964
-964
-965
-965
-965
-966
-966
-966
-967
-967
-968
-968
-968
-969
-969
-969
-970
-970
-971
-971
-971
-972
-972
-972
-973
-973
-974
-974
-974
-975
-975
-975
-976
-976
-977
-977
-977
-978
-978
-978
-979
-979
-980
-980
-980
-981
-981
-981
-982
-982
-983
-983
-983
-984
-984
-984
-985
-985
-986
-986
-986
-987
-987
-987
-988
-988
-989
-989
-989
-990
-990
-990
-991
-991
-992
-992
-992
-993
-993
-993
-994
-994
-994
-995
-995
-996
-996
-996
-997
-997
-997
-998
-998
-999
-999
-999
-1000
-1000
-1000
-1001
-1001
-1001
-1002
-1002
-1003
-1003
-1003
-1004
-1004
-1004
-1005
-1005
-1005
-1006
-1006
-1007
-1007
-1007
-1008
-1008
-1008
-1009
-1009
-1009
-1010
-1010
-1011
-1011
-1011
-1012
-1012
-1012
-1013
-1013
-1013
-1014
-1014
-1015
-1015
-1015
-1016
-1016
-1016
-1017
-1017
-1017
-1018
-1018
-1018
-1019
-1019
-1020
-1020
-1020
-1021
-1021
-1021
-1022
-1022
-1022
-1023
-1023
-1023
-1024
-1024
-1024
-1025
-1025
-1026
-1026
-1026
-1027
-1027
-1027
-1028
-1028
-1028
-1029
-1029
-1029
-1030
-1030
-1030
-1031
-1031
-1032
-1032
-1032
-1033
-1033
-1033
-1034
-1034
-1034
-1035
-1035
-1035
-1036
-1036
-1036
-1037
-1037
-1037
-1038
-1038
-1038
-1039
-1039
-1040
-1040
-1040
-1041
-1041
-1041
-1042
-1042
-1042
-1043
-1043
-1043
-1044
-1044
-1044
-1045
-1045
-1045
-1046
-1046
-1046
-1047
-1047
-1047
-1048
-1048
-1048
-1049
-1049
-1049
-1050
-1050
-1050
-1051
-1051
-1051
-1052
-1052
-1053
-1053
-1053
-1054
-1054
-1054
-1055
-1055
-1055
-1056
-1056
-1056
-1057
-1057
-1057
-1058
-1058
-1058
-1059
-1059
-1059
-1060
-1060
-1060
-1061
-1061
-1061
-1062
-1062
-1062
-1063
-1063
-1063
-1064
-1064
-1064
-1065
-1065
-1065
-1066
-1066
-1066
-1067
-1067
-1067
-1068
-1068
-1068
-1069
-1069
-1069
-1069
-1070
-1070
-1070
-1071
-1071
-1071
-1072
-1072
-1072
-1073
-1073
-1073
-1074
-1074
-1074
-1075
-1075
-1075
-1076
-1076
-1076
-1077
-1077
-1077
-1078
-1078
-1078
-1079
-1079
-1079
-1080
-1080
-1080
-1081
-1081
-1081
-1082
-1082
-1082
-1082
-1083
-1083
-1083
-1084
-1084
-1084
-1085
-1085
-1085
-1086
-1086
-1086
-1087
-1087
-1087
-1088
-1088
-1088
-1089
-1089
-1089
-1090
-1090
-1090
-1090
-1091
-1091
-1091
-1092
-1092
-1092
-1093
-1093
-1093
-1094
-1094
-1094
-1095
-1095
-1095
-1096
-1096
-1096
-1096
-1097
-1097
-1097
-1098
-1098
-1098
-1099
-1099
-1099
-1100
-1100
-1100
-1101
-1101
-1101
-1102
-1102
-1102
-1102
-1103
-1103
-1103
-1104
-1104
-1104
-1105
-1105
-1105
-1106
-1106
-1106
-1107
-1107
-1107
-1107
-1108
-1108
-1108
-1109
-1109
-1109
-1110
-1110
-1110
-1111
-1111
-1111
-1112
-1112
-1112
-1112
-1113
-1113
-1113
-1114
-1114
-1114
-1115
-1115
-1115
-1116
-1116
-1116
-1116
-1117
-1117
-1117
-1118
-1118
-1118
-1119
-1119
-1119
-1119
-1120
-1120
-1120
-1121
-1121
-1121
-1122
-1122
-1122
-1123
-1123
-1123
-1123
-1124
-1124
-1124
-1125
-1125
-1125
-1126
-1126
-1126
-1126
-1127
-1127
-1127
-1128
-1128
-1128
-1129
-1129
-1129
-1129
-1130
-1130
-1130
-1131
-1131
-1131
-1132
-1132
-1132
-1132
-1133
-1133
-1133
-1134
-1134
-1134
-1135
-1135
-1135
-1135
-1136
-1136
-1136
-1137
-1137
-1137
-1137
-1138
-1138
-1138
-1139
-1139
-1139
-1140
-1140
-1140
-1140
-1141
-1141
-1141
-1142
-1142
-1142
-1142
-1143
-1143
-1143
-1144
-1144
-1144
-1144
-1145
-1145
-1145
-1146
-1146
-1146
-1146
-1147
-1147
-1147
-1148
-1148
-1148
-1148
-1149
-1149
-1149
-1150
-1150
-1150
-1150
-1151
-1151
-1151
-1152
-1152
-1152
-1152
-1153
-1153
-1153
-1154
-1154
-1154
-1154
-1155
-1155
-1155
-1156
-1156
-1156
-1156
-1157
-1157
-1157
-1158
-1158
-1158
-1158
-1159
-1159
-1159
-1159
-1160
-1160
-1160
-1161
-1161
-1161
-1161
-1162
-1162
-1162
-1163
-1163
-1163
-1163
-1164
-1164
-1164
-1164
-1165
-1165
-1165
-1166
-1166
-1166
-1166
-1167
-1167
-1167
-1167
-1168
-1168
-1168
-1169
-1169
-1169
-1169
-1170
-1170
-1170
-1170
-1171
-1171
-1171
-1172
-1172
-1172
-1172
-1173
-1173
-1173
-1173
-1174
-1174
-1174
-1175
-1175
-1175
-1175
-1176
-1176
-1176
-1176
-1177
-1177
-1177
-1177
-1178
-1178
-1178
-1179
-1179
-1179
-1179
-1180
-1180
-1180
-1180
-1181
-1181
-1181
-1181
-1182
-1182
-1182
-1183
-1183
-1183
-1183
-1184
-1184
-1184
-1184
-1185
-1185
-1185
-1185
-1186
-1186
-1186
-1187
-1187
-1187
-1187
-1188
-1188
-1188
-1188
-1189
-1189
-1189
-1189
-1190
-1190
-1190
-1190
-1191
-1191
-1191
-1192
-1192
-1192
-1192
-1193
-1193
-1193
-1193
-1194
-1194
-1194
-1194
-1195
-1195
-1195
-1195
-1196
-1196
-1196
-1197
-1197
-1197
-1197
-1198
-1198
-1198
-1198
-1199
-1199
-1199
-1199
-1200
-1200
-1200
-1200
-1201
-1201
-1201
-1202
-1202
-1202
-1202
-1203
-1203
-1203
-1203
-1204
-1204
-1204
-1204
-1205
-1205
-1205
-1205
-1206
-1206
-1206
-1207
-1207
-1207
-1207
-1208
-1208
-1208
-1208
-1209
-1209
-1209
-1209
-1210
-1210
-1210
-1210
-1211
-1211
-1211
-1212
-1212
-1212
-1212
-1213
-1213
-1213
-1213
-1214
-1214
-1214
-1214
-1215
-1215
-1215
-1215
-1216
-1216
-1216
-1216
-1217
-1217
-1217
-1218
-1218
-1218
-1218
-1219
-1219
-1219
-1219
-1220
-1220
-1220
-1220
-1221
-1221
-1221
-1221
-1222
-1222
-1222
-1222
-1223
-1223
-1223
-1224
-1224
-1224
-1224
-1225
-1225
-1225
-1225
-1226
-1226
-1226
-1226
-1227
-1227
-1227
-1227
-1228
-1228
-1228
-1228
-1229
-1229
-1229
-1229
-1230
-1230
-1230
-1230
-1231
-1231
-1231
-1232
-1232
-1232
-1232
-1233
-1233
-1233
-1233
-1234
-1234
-1234
-1234
-1235
-1235
-1235
-1235
-1236
-1236
-1236
-1236
-1237
-1237
-1237
-1237
-1238
-1238
-1238
-1238
-1239
-1239
-1239
-1239
-1240
-1240
-1240
-1240
-1241
-1241
-1241
-1241
-1242
-1242
-1242
-1242
-1243
-1243
-1243
-1243
-1244
-1244
-1244
-1244
-1245
-1245
-1245
-1245
-1246
-1246
-1246
-1246
-1247
-1247
-1247
-1247
-1248
-1248
-1248
-1248
-1249
-1249
-1249
-1249
-1250
-1250
-1250
-1250
-1251
-1251
-1251
-1251
-1252
-1252
-1252
-1252
-1253
-1253
-1253
-1253
-1254
-1254
-1254
-1254
-1254
-1255
-1255
-1255
-1255
-1256
-1256
-1256
-1256
-1257
-1257
-1257
-1257
-1258
-1258
-1258
-1258
-1259
-1259
-1259
-1259
-1260
-1260
-1260
-1260
-1261
-1261
-1261
-1261
-1261
-1262
-1262
-1262
-1262
-1263
-1263
-1263
-1263
-1264
-1264
-1264
-1264
-1265
-1265
-1265
-1265
-1265
-1266
-1266
-1266
-1266
-1267
-1267
-1267
-1267
-1268
-1268
-1268
-1268
-1269
-1269
-1269
-1269
-1269
-1270
-1270
-1270
-1270
-1271
-1271
-1271
-1271
-1272
-1272
-1272
-1272
-1273
-1273
-1273
-1273
-1273
-1274
-1274
-1274
-1274
-1275
-1275
-1275
-1275
-1276
-1276
-1276
-1276
-1276
-1277
-1277
-1277
-1277
-1278
-1278
-1278
-1278
-1279
-1279
-1279
-1279
-1279
-1280
-1280
-1280
-1280
-1281
-1281
-1281
-1281
-1282
-1282
-1282
-1282
-1282
-1283
-1283
-1283
-1283
-1284
-1284
-1284
-1284
-1284
-1285
-1285
-1285
-1285
-1286
-1286
-1286
-1286
-1287
-1287
-1287
-1287
-1287
-1288
-1288
-1288
-1288
-1289
-1289
-1289
-1289
-1289
-1290
-1290
-1290
-1290
-1291
-1291
-1291
-1291
-1291
-1292
-1292
-1292
-1292
-1293
-1293
-1293
-1293
-1293
-1294
-1294
-1294
-1294
-1295
-1295
-1295
-1295
-1296
-1296
-1296
-1296
-1296
-1297
-1297
-1297
-1297
-1298
-1298
-1298
-1298
-1298
-1299
-1299
-1299
-1299
-1300
-1300
-1300
-1300
-1300
-1301
-1301
-1301
-1301
-1302
-1302
-1302
-1302
-1302
-1303
-1303
-1303
-1303
-1304
-1304
-1304
-1304
-1304
-1305
-1305
-1305
-1305
-1306
-1306
-1306
-1306
-1306
-1307
-1307
-1307
-1307
-1308
-1308
-1308
-1308
-1308
-1309
-1309
-1309
-1309
-1309
-1310
-1310
-1310
-1310
-1311
-1311
-1311
-1311
-1311
-1312
-1312
-1312
-1312
-1313
-1313
-1313
-1313
-1313
-1314
-1314
-1314
-1314
-1314
-1315
-1315
-1315
-1315
-1316
-1316
-1316
-1316
-1316
-1317
-1317
-1317
-1317
-1318
-1318
-1318
-1318
-1318
-1319
-1319
-1319
-1319
-1319
-1320
-1320
-1320
-1320
-1321
-1321
-1321
-1321
-1321
-1322
-1322
-1322
-1322
-1322
-1323
-1323
-1323
-1323
-1324
-1324
-1324
-1324
-1324
-1325
-1325
-1325
-1325
-1325
-1326
-1326
-1326
-1326
-1326
-1327
-1327
-1327
-1327
-1328
-1328
-1328
-1328
-1328
-1329
-1329
-1329
-1329
-1329
-1330
-1330
-1330
-1330
-1330
-1331
-1331
-1331
-1331
-1331
-1332
-1332
-1332
-1332
-1332
-1333
-1333
-1333
-1333
-1333
-1334
-1334
-1334
-1334
-1334
-1335
-1335
-1335
-1335
-1335
-1336
-1336
-1336
-1336
-1337
-1337
-1337
-1337
-1337
-1338
-1338
-1338
-1338
-1338
-1339
-1339
-1339
-1339
-1339
-1339
-1340
-1340
-1340
-1340
-1340
-1341
-1341
-1341
-1341
-1341
-1342
-1342
-1342
-1342
-1342
-1343
-1343
-1343
-1343
-1343
-1344
-1344
-1344
-1344
-1344
-1345
-1345
-1345
-1345
-1345
-1346
-1346
-1346
-1346
-1346
-1347
-1347
-1347
-1347
-1347
-1347
-1348
-1348
-1348
-1348
-1348
-1349
-1349
-1349
-1349
-1349
-1350
-1350
-1350
-1350
-1350
-1351
-1351
-1351
-1351
-1351
-1351
-1352
-1352
-1352
-1352
-1352
-1353
-1353
-1353
-1353
-1353
-1354
-1354
-1354
-1354
-1354
-1354
-1355
-1355
-1355
-1355
-1355
-1356
-1356
-1356
-1356
-1356
-1357
-1357
-1357
-1357
-1357
-1357
-1358
-1358
-1358
-1358
-1358
-1359
-1359
-1359
-1359
-1359
-1359
-1360
-1360
-1360
-1360
-1360
-1361
-1361
-1361
-1361
-1361
-1362
-1362
-1362
-1362
-1362
-1362
-1363
-1363
-1363
-1363
-1363
-1364
-1364
-1364
-1364
-1364
-1364
-1365
-1365
-1365
-1365
-1365
-1366
-1366
-1366
-1366
-1366
-1366
-1367
-1367
-1367
-1367
-1367
-1368
-1368
-1368
-1368
-1368
-1368
-1369
-1369
-1369
-1369
-1369
-1370
-1370
-1370
-1370
-1370
-1370
-1371
-1371
-1371
-1371
-1371
-1372
-1372
-1372
-1372
-1372
-1372
-1373
-1373
-1373
-1373
-1373
-1374
-1374
-1374
-1374
-1374
-1374
-1375
-1375
-1375
-1375
-1375
-1376
-1376
-1376
-1376
-1376
-1376
-1377
-1377
-1377
-1377
-1377
-1378
-1378
-1378
-1378
-1378
-1378
-1379
-1379
-1379
-1379
-1379
-1380
-1380
-1380
-1380
-1380
-1380
-1381
-1381
-1381
-1381
-1381
-1382
-1382
-1382
-1382
-1382
-1382
-1383
-1383
-1383
-1383
-1383
-1384
-1384
-1384
-1384
-1384
-1384
-1385
-1385
-1385
-1385
-1385
-1385
-1386
-1386
-1386
-1386
-1386
-1387
-1387
-1387
-1387
-1387
-1387
-1388
-1388
-1388
-1388
-1388
-1389
-1389
-1389
-1389
-1389
-1389
-1390
-1390
-1390
-1390
-1390
-1391
-1391
-1391
-1391
-1391
-1391
-1392
-1392
-1392
-1392
-1392
-1392
-1393
-1393
-1393
-1393
-1393
-1394
-1394
-1394
-1394
-1394
-1394
-1395
-1395
-1395
-1395
-1395
-1395
-1396
-1396
-1396
-1396
-1396
-1396
-1397
-1397
-1397
-1397
-1397
-1398
-1398
-1398
-1398
-1398
-1398
-1399
-1399
-1399
-1399
-1399
-1399
-1400
-1400
-1400
-1400
-1400
-1400
-1401
-1401
-1401
-1401
-1401
-1401
-1402
-1402
-1402
-1402
-1402
-1402
-1403
-1403
-1403
-1403
-1403
-1404
-1404
-1404
-1404
-1404
-1404
-1405
-1405
-1405
-1405
-1405
-1405
-1406
-1406
-1406
-1406
-1406
-1406
-1407
-1407
-1407
-1407
-1407
-1407
-1408
-1408
-1408
-1408
-1408
-1408
-1409
-1409
-1409
-1409
-1409
-1409
-1410
-1410
-1410
-1410
-1410
-1410
-1411
-1411
-1411
-1411
-1411
-1411
-1412
-1412
-1412
-1412
-1412
-1412
-1413
-1413
-1413
-1413
-1413
-1413
-1414
-1414
-1414
-1414
-1414
-1414
-1415
-1415
-1415
-1415
-1415
-1415
-1415
-1416
-1416
-1416
-1416
-1416
-1416
-1417
-1417
-1417
-1417
-1417
-1417
-1418
-1418
-1418
-1418
-1418
-1418
-1419
-1419
-1419
-1419
-1419
-1419
-1420
-1420
-1420
-1420
-1420
-1420
-1421
-1421
-1421
-1421
-1421
-1421
-1421
-1422
-1422
-1422
-1422
-1422
-1422
-1423
-1423
-1423
-1423
-1423
-1423
-1424
-1424
-1424
-1424
-1424
-1424
-1425
-1425
-1425
-1425
-1425
-1425
-1425
-1426
-1426
-1426
-1426
-1426
-1426
-1427
-1427
-1427
-1427
-1427
-1427
-1428
-1428
-1428
-1428
-1428
-1428
-1429
-1429
-1429
-1429
-1429
-1429
-1430
-1430
-1430
-1430
-1430
-1430
-1430
-1431
-1431
-1431
-1431
-1431
-1431
-1432
-1432
-1432
-1432
-1432
-1432
-1433
-1433
-1433
-1433
-1433
-1433
-1434
-1434
-1434
-1434
-1434
-1434
-1434
-1435
-1435
-1435
-1435
-1435
-1435
-1436
-1436
-1436
-1436
-1436
-1436
-1437
-1437
-1437
-1437
-1437
-1437
-1437
-1438
-1438
-1438
-1438
-1438
-1438
-1439
-1439
-1439
-1439
-1439
-1439
-1440
-1440
-1440
-1440
-1440
-1440
-1440
-1441
-1441
-1441
-1441
-1441
-1441
-1442
-1442
-1442
-1442
-1442
-1442
-1442
-1443
-1443
-1443
-1443
-1443
-1443
-1444
-1444
-1444
-1444
-1444
-1444
-1444
-1445
-1445
-1445
-1445
-1445
-1445
-1446
-1446
-1446
-1446
-1446
-1446
-1447
-1447
-1447
-1447
-1447
-1447
-1447
-1448
-1448
-1448
-1448
-1448
-1448
-1448
-1449
-1449
-1449
-1449
-1449
-1449
-1450
-1450
-1450
-1450
-1450
-1450
-1450
-1451
-1451
-1451
-1451
-1451
-1451
-1452
-1452
-1452
-1452
-1452
-1452
-1452
-1453
-1453
-1453
-1453
-1453
-1453
-1453
-1454
-1454
-1454
-1454
-1454
-1454
-1455
-1455
-1455
-1455
-1455
-1455
-1455
-1456
-1456
-1456
-1456
-1456
-1456
-1456
-1457
-1457
-1457
-1457
-1457
-1457
-1457
-1458
-1458
-1458
-1458
-1458
-1458
-1458
-1459
-1459
-1459
-1459
-1459
-1459
-1459
-1460
-1460
-1460
-1460
-1460
-1460
-1460
-1461
-1461
-1461
-1461
-1461
-1461
-1461
-1462
-1462
-1462
-1462
-1462
-1462
-1462
-1463
-1463
-1463
-1463
-1463
-1463
-1463
-1464
-1464
-1464
-1464
-1464
-1464
-1464
-1465
-1465
-1465
-1465
-1465
-1465
-1465
-1465
-1466
-1466
-1466
-1466
-1466
-1466
-1466
-1467
-1467
-1467
-1467
-1467
-1467
-1467
-1467
-1468
-1468
-1468
-1468
-1468
-1468
-1468
-1469
-1469
-1469
-1469
-1469
-1469
-1469
-1469
-1470
-1470
-1470
-1470
-1470
-1470
-1470
-1471
-1471
-1471
-1471
-1471
-1471
-1471
-1471
-1472
-1472
-1472
-1472
-1472
-1472
-1472
-1473
-1473
-1473
-1473
-1473
-1473
-1473
-1473
-1474
-1474
-1474
-1474
-1474
-1474
-1474
-1474
-1475
-1475
-1475
-1475
-1475
-1475
-1475
-1475
-1476
-1476
-1476
-1476
-1476
-1476
-1476
-1476
-1477
-1477
-1477
-1477
-1477
-1477
-1477
-1478
-1478
-1478
-1478
-1478
-1478
-1478
-1478
-1479
-1479
-1479
-1479
-1479
-1479
-1479
-1479
-1480
-1480
-1480
-1480
-1480
-1480
-1480
-1480
-1481
-1481
-1481
-1481
-1481
-1481
-1481
-1481
-1481
-1482
-1482
-1482
-1482
-1482
-1482
-1482
-1482
-1483
-1483
-1483
-1483
-1483
-1483
-1483
-1483
-1484
-1484
-1484
-1484
-1484
-1484
-1484
-1484
-1485
-1485
-1485
-1485
-1485
-1485
-1485
-1485
-1486
-1486
-1486
-1486
-1486
-1486
-1486
-1486
-1487
-1487
-1487
-1487
-1487
-1487
-1487
-1487
-1487
-1488
-1488
-1488
-1488
-1488
-1488
-1488
-1488
-1489
-1489
-1489
-1489
-1489
-1489
-1489
-1489
-1489
-1490
-1490
-1490
-1490
-1490
-1490
-1490
-1490
-1491
-1491
-1491
-1491
-1491
-1491
-1491
-1491
-1492
-1492
-1492
-1492
-1492
-1492
-1492
-1492
-1492
-1493
-1493
-1493
-1493
-1493
-1493
-1493
-1493
-1493
-1494
-1494
-1494
-1494
-1494
-1494
-1494
-1494
-1495
-1495
-1495
-1495
-1495
-1495
-1495
-1495
-1495
-1496
-1496
-1496
-1496
-1496
-1496
-1496
-1496
-1496
-1497
-1497
-1497
-1497
-1497
-1497
-1497
-1497
-1497
-1498
-1498
-1498
-1498
-1498
-1498
-1498
-1498
-1498
-1499
-1499
-1499
-1499
-1499
-1499
-1499
-1499
-1499
-1500
-1500
-1500
-1500
-1500
-1500
-1500
-1500
-1500
-1501
-1501
-1501
-1501
-1501
-1501
-1501
-1501
-1501
-1502
-1502
-1502
-1502
-1502
-1502
-1502
-1502
-1502
-1503
-1503
-1503
-1503
-1503
-1503
-1503
-1503
-1503
-1503
-1504
-1504
-1504
-1504
-1504
-1504
-1504
-1504
-1504
-1505
-1505
-1505
-1505
-1505
-1505
-1505
-1505
-1505
-1505
-1506
-1506
-1506
-1506
-1506
-1506
-1506
-1506
-1506
-1507
-1507
-1507
-1507
-1507
-1507
-1507
-1507
-1507
-1507
-1508
-1508
-1508
-1508
-1508
-1508
-1508
-1508
-1508
-1508
-1509
-1509
-1509
-1509
-1509
-1509
-1509
-1509
-1509
-1509
-1510
-1510
-1510
-1510
-1510
-1510
-1510
-1510
-1510
-1510
-1511
-1511
-1511
-1511
-1511
-1511
-1511
-1511
-1511
-1511
-1512
-1512
-1512
-1512
-1512
-1512
-1512
-1512
-1512
-1512
-1512
-1513
-1513
-1513
-1513
-1513
-1513
-1513
-1513
-1513
-1513
-1514
-1514
-1514
-1514
-1514
-1514
-1514
-1514
-1514
-1514
-1515
-1515
-1515
-1515
-1515
-1515
-1515
-1515
-1515
-1515
-1516
-1516
-1516
-1516
-1516
-1516
-1516
-1516
-1516
-1516
-1516
-1517
-1517
-1517
-1517
-1517
-1517
-1517
-1517
-1517
-1517
-1518
-1518
-1518
-1518
-1518
-1518
-1518
-1518
-1518
-1518
-1518
-1519
-1519
-1519
-1519
-1519
-1519
-1519
-1519
-1519
-1519
-1520
-1520
-1520
-1520
-1520
-1520
-1520
-1520
-1520
-1520
-1521
-1521
-1521
-1521
-1521
-1521
-1521
-1521
-1521
-1521
-1521
-1522
-1522
-1522
-1522
-1522
-1522
-1522
-1522
-1522
-1522
-1523
-1523
-1523
-1523
-1523
-1523
-1523
-1523
-1523
-1523
-1523
-1524
-1524
-1524
-1524
-1524
-1524
-1524
-1524
-1524
-1524
-1525
-1525
-1525
-1525
-1525
-1525
-1525
-1525
-1525
-1525
-1526
-1526
-1526
-1526
-1526
-1526
-1526
-1526
-1526
-1526
-1526
-1527
-1527
-1527
-1527
-1527
-1527
-1527
-1527
-1527
-1527
-1528
-1528
-1528
-1528
-1528
-1528
-1528
-1528
-1528
-1528
-1528
-1529
-1529
-1529
-1529
-1529
-1529
-1529
-1529
-1529
-1529
-1530
-1530
-1530
-1530
-1530
-1530
-1530
-1530
-1530
-1530
-1530
-1531
-1531
-1531
-1531
-1531
-1531
-1531
-1531
-1531
-1531
-1532
-1532
-1532
-1532
-1532
-1532
-1532
-1532
-1532
-1532
-1532
-1533
-1533
-1533
-1533
-1533
-1533
-1533
-1533
-1533
-1533
-1534
-1534
-1534
-1534
-1534
-1534
-1534
