P_X:
0
0
0
0
0
0
0
0
0
0
0
0
0
0
0
470
470
784
784
784
784
784
784
784
784
784
784
784
784
784
784
784
784
784
784
784
0
0
0
0
0
0
0
0
0
0
0
0
0
0
0
0
0
0
0
0
0
0
0
0
0
0
0
0
0
0
0
866
866
866
866
866
866
866
866
866
866
866
866
866
866
866
866
866
866
866
0
0
0
0
0
0
0
0
0
0
0
0
0
0
0
0
0
0
0
0
0
0
0
0
0
0
0
0
0
0
0
0
0
0
0
0
0
0
0
0
0
0
0
0
0
0
0
0
0
0
0
0
0
0
0
0
0
0
0
0
0
0
0
0
0
0
0
0
0
0
0
0
0
0
0
0
0
0
0
0
0
0
0
0
0
0
0
0
0
0
0
0
0
0
0
0
0
0
0
0
0
0
0
0
0
0
0
0
0
0
0
0
0
0
0
0
0
0
0
0
0
0
0
0
0
0
0
0
0
0
0
0
0
0
0
0
0
0
0
0
0
0
0
0
0
0
0
0
0
0
0
0
0
0
0
0
0
0
0
0
0
0
0
0
0
0
0
0
0
0
0
0
0
0
0
0
0
0
0
0
0
0
0
515
515
634
634
634
634
634
634
634
634
634
634
634
634
634
634
634
634
634
634
634
0
0
0
0
0
0
0
0
0
0
0
0
0
0
0
0
0
0
0
0
0
0
0
0
0
0
0
0
0
0
0
0
0
0
0
0
0
0
0
470
470
470
470
470
470
470
470
470
470
470
470
470
470
470
470
470
470
470
0
0
0
0
0
0
0
0
0
0
0
0
0
0
0
0
0
0
0
0
0
0
0
0
0
0
0
0
0
0
0
0
0
0
0
0
0
0
0
0
0
440
440
440
440
440
440
440
440
440
440
440
440
440
440
440
440
440
440
440
0
0
0
0
0
0
0
0
0
0
0
14
14
545
545
545
545
545
545
545
545
545
545
545
545
545
545
545
545
545
545
545
0
0
0
0
0
0
0
0
0
0
0
0
0
866
866
866
866
866
866
866
866
866
866
866
866
866
866
866
866
866
866
866
0
0
0
0
0
0
0
0
0
0
0
0
0
0
0
0
0
0
0
0
0
0
0
0
0
0
0
0
0
0
0
0
0
0
0
76
76
76
76
381
381
590
590
590
590
590
590
590
590
590
590
590
590
590
590
590
590
590
590
590
0
0
0
0
0
0
0
0
0
0
0
0
0
0
0
0
0
0
0
0
0
0
0
0
0
0
0
0
0
0
0
0
0
254
254
254
254
254
254
254
254
254
254
254
254
254
254
254
254
254
254
254
0
0
0
0
0
0
0
0
0
0
0
0
0
0
0
0
0
0
0
0
0
0
0
0
0
0
0
0
0
0
0
0
0
2
2
39
39
39
39
39
39
619
619
619
619
619
619
619
619
619
619
619
619
619
619
619
619
619
619
619
0
0
0
0
0
0
0
0
0
0
0
0
0
0
0
0
0
0
0
0
0
0
0
0
0
0
0
0
0
0
0
0
0
0
0
0
0
575
575
575
575
575
575
575
575
575
575
575
575
575
575
575
575
575
575
575
0
0
0
0
0
0
0
0
0
0
0
0
0
0
0
0
0
0
0
0
0
0
0
0
0
0
0
0
0
0
0
691
691
691
691
691
691
691
691
691
691
691
691
691
691
691
691
691
691
691
0
0
0
0
0
0
0
0
0
0
0
0
0
0
0
0
0
0
0
0
0
0
0
0
0
0
0
0
0
0
0
0
0
0
0
485
485
485
485
485
485
485
485
485
485
485
485
485
485
485
485
485
485
485
0
0
0
0
0
0
0
0
0
0
0
0
0
0
0
0
0
0
0
0
0
0
0
0
0
0
0
0
0
0
0
0
0
0
0
216
216
216
216
216
216
395
395
395
395
395
395
395
395
395
395
395
395
395
395
395
395
395
395
395
0
0
0
0
0
0
0
0
0
0
0
PROXIMITY:
0
32
32
0
0
0
0
0
0
0
0
0
0
0
0
148
148
170
170
114
114
23
23
0
0
0
0
1
1
94
94
81
81
0
0
0
0
0
0
0
0
0
0
0
0
0
0
0
0
0
0
0
0
0
0
0
0
0
0
41
41
76
76
100
100
0
0
177
177
0
0
0
0
0
0
0
0
0
0
0
0
0
0
0
0
0
0
0
0
0
0
0
0
0
0
0
0
12
12
90
90
62
62
16
16
0
0
0
0
0
0
0
0
0
0
83
83
0
0
3
3
36
36
0
0
0
0
0
0
0
0
0
0
0
0
0
0
0
0
0
0
0
0
0
0
0
0
0
0
0
0
0
0
0
0
0
0
0
0
0
0
57
57
0
0
62
62
0
0
0
0
0
0
0
0
0
0
0
0
0
0
0
0
0
0
0
0
0
0
0
0
0
0
0
0
0
0
0
0
0
0
0
0
0
0
0
0
0
0
0
0
0
0
0
0
0
0
0
0
39
39
20
20
95
95
0
0
0
0
0
0
0
0
0
0
0
0
0
0
0
0
0
0
0
0
0
0
0
0
0
0
0
0
0
0
0
0
0
0
0
0
23
23
89
89
0
0
15
15
151
151
159
159
1
1
0
0
0
0
0
0
0
0
0
0
0
0
0
0
0
0
0
0
0
0
0
0
62
62
62
62
0
0
0
0
0
0
0
0
0
0
0
0
71
71
63
63
0
0
0
0
0
0
0
0
0
0
0
0
148
148
20
20
0
0
53
53
94
94
0
0
0
0
0
0
0
0
0
0
0
0
0
0
0
0
0
0
0
0
0
0
9
9
17
17
21
21
25
25
25
25
1
1
0
0
0
0
0
0
0
0
0
0
86
86
68
68
0
0
146
146
133
133
0
0
0
0
0
0
0
0
0
0
0
0
0
0
0
0
0
0
44
44
85
85
90
90
93
93
107
107
153
153
136
136
110
110
67
67
63
63
108
108
149
149
53
53
0
0
0
0
0
0
0
0
0
0
0
0
0
0
12
12
177
177
35
35
0
0
0
0
90
90
109
109
97
97
0
0
0
0
0
0
0
0
0
0
0
0
0
0
0
0
0
0
0
0
30
30
19
19
13
13
12
12
33
33
7
7
0
0
0
0
0
0
0
0
117
117
0
0
142
142
156
156
0
0
0
0
0
0
0
0
0
0
0
0
0
0
0
0
0
0
62
62
89
89
0
0
0
0
0
0
0
0
0
0
0
0
54
54
30
30
33
33
0
0
0
0
0
0
0
0
59
59
133
133
0
0
23
23
82
82
92
92
0
0
0
0
0
0
0
0
0
0
0
0
0
0
0
0
0
0
0
0
0
0
0
0
0
0
0
0
0
0
0
0
0
0
0
0
0
0
0
0
0
0
103
103
112
112
0
0
79
79
158
158
0
0
0
0
0
0
0
0
0
0
0
0
0
0
0
0
0
0
33
33
42
42
0
0
0
0
0
0
0
0
0
0
0
0
0
0
41
41
44
44
53
53
0
0
0
0
0
0
0
0
0
0
0
0
155
155
0
0
73
73
0
0
0
0
0
0
0
0
0
0
0
0
0
0
0
0
0
0
0
0
0
0
0
0
0
0
0
0
0
0
0
0
0
0
0
0
0
0
48
48
0
0
27
27
163
163
12
12
0
0
0
0
0
0
0
0
0
0
0
0
0
0
0
0
0
0
39
39
8
8
0
0
0
0
0
0
0
0
0
0
0
0
0
0
81
81
31
31
24
24
0
0
0
0
0
0
0
0
149
149
0
0
0
0
0
0
27
27
88
88
0
0
0
0
0
0
0
0
0
0
0
0
0
0
0
0
0
0
0
0
0
0
0
0
0
0
0
0
0
0
0
0
0
0
0
0
0
0
0
0
89
89
130
130
0
0
0
0
143
143
100
100
0
0
0
0
0
0
0
0
0
0
0
0
0
0
0
0
0
0
0
0
0
0
52
52
0
0
