P_X:
0
0
0
0
0
0
0
0
0
0
0
0
0
0
0
0
0
0
0
0
0
0
0
0
0
0
0
0
0
0
0
0
0
0
0
0
0
0
0
0
0
0
0
0
0
0
0
0
0
0
0
0
0
0
0
0
0
0
0
0
0
4000
4000
4000
4000
7000
7000
7000
7000
7000
7000
7000
7000
7000
7000
7000
7000
4000
4000
4000
4000
7000
7000
7000
7000
7000
7000
7000
7000
7000
7000
7000
7000
7000
5131
6853
6853
7000
7000
7000
7000
7000
7000
7000
7000
7000
7000
7000
7000
7000
7000
7000
7000
7000
7000
7000
7000
7000
7000
7000
7000
7000
7000
7000
7000
7000
7000
7000
7000
7000
7000
7000
7000
7000
7000
7000
7000
7000
7000
7000
7000
7000
7000
7000
7000
7000
7000
7000
7000
7000
7000
7000
7000
7000
7000
7000
7000
7000
7000
0
0
0
0
1292
1292
3188
3188
3188
3188
6236
6236
6236
6236
6236
6236
6284
6284
6284
6284
6284
6284
6464
3464
3584
3584
3696
3696
3696
5358
5358
5358
5358
5358
5358
5358
5358
5358
5358
5358
5358
3696
3696
3696
3696
3696
3696
3696
3696
3696
3696
3696
3332
3332
3332
3332
3332
3332
3332
3332
3332
3332
3332
3332
2476
2476
2476
2476
2476
2476
2476
2476
2476
2476
2476
2476
2060
2060
2060
2060
2180
2180
2300
2300
2360
2360
2360
2360
2360
2360
2360
2360
2420
2420
2420
2420
2420
2420
2708
2708
2708
2708
2708
2708
2708
2708
2708
2708
2708
2708
2476
2476
2476
2476
2476
2476
2476
2476
2476
2476
2476
2476
2592
2592
2592
2592
2592
2592
2592
2592
2592
2592
2592
2592
2592
2592
2592
2592
2592
2592
2592
2592
2592
2592
2592
2592
2180
2180
2476
2476
2476
2476
2476
2476
2476
2476
2536
2536
2592
2592
2592
2592
2592
2592
2592
2592
2592
2592
2592
2592
2300
2300
2420
2420
2420
2420
2420
2420
2420
2420
2476
2476
2476
2476
2476
2476
2476
2476
2476
2476
2476
ACC_X:
-0.01
-0.05
-0.05
0.01
0.02
0.02
-0.03
-0.03
-0.07
-0.07
-0.07
-0.07
-0.03
-0.00
-0.00
0.01
-0.01
-0.01
-0.04
-0.04
-0.05
-0.05
-0.03
0.01
0.01
0.03
0.03
0.02
0.02
-0.03
-0.03
-0.05
-0.03
-0.03
-0.03
-0.03
-0.01
-0.01
0.01
-0.01
-0.01
-0.08
-0.08
-0.10
-0.10
-0.04
-0.04
0.02
0.01
0.01
-0.05
-0.05
-0.08
-0.08
-0.10
-0.10
-0.10
-0.05
-0.05
-0.01
-0.01
-0.02
0.18
0.18
0.22
0.22
0.03
0.03
0.18
0.50
0.50
0.66
0.66
0.50
0.50
0.29
0.29
0.45
0.87
0.87
0.77
0.77
0.26
0.26
-0.02
0.02
0.02
0.30
0.30
0.52
0.52
0.59
0.57
0.57
0.53
0.53
0.44
0.44
0.24
0.04
0.04
-0.04
-0.04
-0.01
-0.01
0.04
0.04
0.07
0.07
0.07
0.04
0.04
0.05
0.06
0.06
0.05
0.05
0.03
0.03
0.00
0.00
-0.00
0.02
0.02
0.07
0.07
0.11
0.11
0.12
0.13
0.13
0.13
0.13
0.13
0.13
0.12
0.11
0.11
0.10
0.10
0.07
0.07
0.03
-0.01
-0.01
-0.04
-0.04
-0.01
-0.01
0.06
0.61
0.61
1.36
1.36
0.33
0.33
-0.93
-0.66
-0.66
-0.78
-0.78
-0.96
-0.96
-0.73
-0.73
-1.35
-1.35
-1.35
-0.39
-0.39
-0.02
-0.10
-0.10
-0.47
-0.47
-0.68
-0.68
-0.49
-0.49
-0.23
-0.22
-0.22
-0.36
-0.36
-0.62
-0.62
-0.75
-0.59
-0.59
-0.44
-0.44
-0.52
-0.52
-0.53
-0.28
-0.28
-0.14
-0.14
-0.18
-0.18
-0.21
-0.16
-0.16
-0.07
-0.07
0.06
0.06
0.15
0.15
0.13
0.11
0.11
0.17
0.17
0.26
0.28
0.28
0.25
0.25
0.17
0.17
0.13
0.13
0.26
0.51
0.51
0.59
0.59
0.48
0.39
0.39
0.34
0.34
0.24
0.24
0.12
0.12
0.07
0.13
0.13
0.23
0.23
0.30
0.30
0.29
0.22
0.22
0.14
0.14
0.10
0.10
0.12
0.19
0.19
0.24
0.24
0.24
0.24
0.22
0.20
0.20
0.19
0.19
0.18
0.18
0.18
0.20
0.20
0.22
0.22
0.24
0.24
0.25
0.23
0.23
0.21
0.21
0.19
0.19
0.19
0.19
0.21
0.22
0.22
0.22
0.22
0.21
0.21
0.21
0.21
0.21
0.20
0.20
0.21
0.21
0.21
0.21
0.21
0.21
0.21
0.21
0.20
0.20
0.20
0.20
0.21
0.21
0.21
0.21
0.20
0.20
0.20
0.21
0.21
0.21
0.21
0.21
0.21
0.21
0.21
0.21
0.20
0.20
0.20
0.20
0.21
0.21
0.21
0.21
0.21
0.21
0.21
0.21
0.21
0.21
0.21
0.21
0.21
0.21
0.21
0.21
0.21
0.21
0.21
0.21
0.21
0.21
0.21
0.21
0.21
0.21
ACC_Y:
0.01
-0.01
-0.01
-0.00
0.01
0.01
-0.01
-0.01
-0.07
-0.07
-0.07
-0.07
-0.02
0.00
0.00
-0.02
-0.03
-0.03
-0.05
-0.05
-0.06
-0.06
-0.02
0.02
0.02
0.00
0.00
0.00
0.00
-0.01
-0.01
-0.06
-0.05
-0.05
-0.00
-0.00
-0.02
-0.02
-0.03
-0.02
-0.02
-0.06
-0.06
-0.06
-0.06
-0.01
-0.01
0.02
-0.01
-0.01
-0.03
-0.03
-0.01
-0.01
-0.03
-0.08
-0.08
-0.06
-0.06
-0.01
-0.01
-0.03
-0.57
-0.57
-0.93
-0.93
-0.24
-0.24
0.32
-0.09
-0.09
-0.40
-0.40
-0.02
-0.02
0.32
0.32
0.68
0.58
0.58
0.19
0.19
0.15
0.15
0.31
0.51
0.51
0.45
0.45
0.35
0.35
0.22
0.08
0.08
0.09
0.09
0.06
0.06
-0.06
-0.12
-0.12
-0.10
-0.10
-0.06
-0.06
-0.05
-0.05
-0.07
-0.11
-0.11
-0.12
-0.12
-0.11
-0.09
-0.09
-0.08
-0.08
-0.07
-0.07
-0.07
-0.07
-0.08
-0.09
-0.09
-0.10
-0.10
-0.11
-0.11
-0.12
-0.13
-0.13
-0.13
-0.13
-0.13
-0.13
-0.13
-0.13
-0.13
-0.12
-0.12
-0.10
-0.10
-0.08
-0.04
-0.04
0.01
0.01
0.03
0.03
0.15
0.17
0.17
-0.18
-0.18
-0.10
-0.10
0.26
0.21
0.21
0.16
0.16
0.05
0.05
-0.31
-0.31
-0.56
-0.73
-0.73
-0.63
-0.63
-0.33
-0.27
-0.27
-0.48
-0.48
-0.65
-0.65
-0.55
-0.55
-0.39
-0.40
-0.40
-0.56
-0.56
-0.76
-0.76
-0.78
-0.50
-0.50
-0.33
-0.33
-0.74
-0.74
-1.24
-1.10
-1.10
-0.72
-0.72
-0.65
-0.65
-0.73
-0.69
-0.69
-0.58
-0.58
-0.54
-0.54
-0.54
-0.54
-0.47
-0.42
-0.42
-0.43
-0.43
-0.43
-0.39
-0.39
-0.33
-0.33
-0.27
-0.27
-0.24
-0.24
-0.23
-0.19
-0.19
-0.15
-0.15
-0.17
-0.21
-0.21
-0.21
-0.21
-0.16
-0.16
-0.10
-0.10
-0.09
-0.13
-0.13
-0.17
-0.17
-0.17
-0.17
-0.16
-0.16
-0.16
-0.16
-0.16
-0.16
-0.16
-0.15
-0.15
-0.15
-0.17
-0.17
-0.20
-0.20
-0.21
-0.22
-0.22
-0.23
-0.23
-0.25
-0.25
-0.26
-0.29
-0.29
-0.31
-0.31
-0.32
-0.32
-0.33
-0.33
-0.33
-0.33
-0.33
-0.32
-0.32
-0.31
-0.31
-0.31
-0.30
-0.30
-0.30
-0.30
-0.30
-0.30
-0.30
-0.30
-0.28
-0.28
-0.28
-0.27
-0.26
-0.26
-0.26
-0.26
-0.26
-0.26
-0.26
-0.26
-0.26
-0.26
-0.26
-0.27
-0.27
-0.27
-0.27
-0.28
-0.28
-0.28
-0.28
-0.28
-0.28
-0.28
-0.29
-0.30
-0.30
-0.30
-0.30
-0.29
-0.29
-0.28
-0.28
-0.28
-0.27
-0.27
-0.27
-0.27
-0.27
-0.27
-0.27
-0.28
-0.28
-0.28
-0.28
-0.28
-0.28
-0.29
-0.29
-0.29
-0.28
-0.28
-0.28
-0.28
-0.28
-0.28
-0.28
-0.28
-0.28
ACC_Z:
0.98
1.02
1.02
0.99
1.01
1.01
0.99
0.99
1.00
1.00
1.00
1.00
1.02
1.04
1.04
1.04
1.01
1.01
0.96
0.96
0.98
0.98
0.99
0.94
0.94
0.94
0.94
1.00
1.00
1.01
1.01
1.03
1.02
1.02
0.99
0.99
1.00
1.00
1.01
1.00
1.00
1.00
1.00
0.99
0.99
1.00
1.00
1.01
1.01
1.01
0.97
0.97
0.95
0.95
0.99
1.04
1.04
1.04
1.04
1.05
1.05
1.07
1.13
1.13
0.89
0.89
-0.02
-0.02
-0.53
-0.61
-0.61
-1.00
-1.00
-1.20
-1.20
-1.04
-1.04
-0.66
-0.36
-0.36
-0.41
-0.41
-0.26
-0.26
-0.18
-0.24
-0.24
-0.01
-0.01
0.25
0.25
0.43
0.45
0.45
0.29
0.29
0.20
0.20
0.19
0.08
0.08
0.00
0.00
0.02
0.02
0.07
0.07
0.09
0.11
0.11
0.12
0.12
0.12
0.10
0.10
0.06
0.06
0.01
0.01
-0.03
-0.03
-0.04
-0.03
-0.03
-0.01
-0.01
-0.00
-0.00
0.00
-0.01
-0.01
-0.01
-0.01
-0.01
-0.01
-0.02
-0.02
-0.02
-0.03
-0.03
-0.04
-0.04
-0.06
-0.06
-0.06
-0.03
-0.03
-0.07
-0.07
-0.37
-0.73
-0.73
-0.73
-0.73
-0.83
-0.83
-0.33
0.79
0.79
0.53
0.53
-0.04
-0.04
0.81
0.81
1.71
1.60
1.60
0.61
0.61
-0.20
0.24
0.24
1.12
1.12
1.53
1.53
1.18
1.18
0.62
0.51
0.51
0.66
0.66
0.85
0.85
0.78
0.39
0.39
0.20
0.20
0.56
0.56
0.90
0.71
0.71
0.62
0.62
0.87
0.87
1.04
0.99
0.99
0.86
0.86
0.86
0.86
0.92
0.92
0.86
0.87
0.87
0.95
0.95
0.98
0.96
0.96
0.92
0.92
0.89
0.89
0.90
0.90
1.06
1.17
1.17
1.03
1.03
0.84
0.83
0.83
0.93
0.93
0.97
0.97
0.97
0.97
0.97
0.96
0.96
0.96
0.96
0.96
0.96
0.96
0.96
0.96
0.97
0.97
0.96
0.96
0.96
0.96
0.96
0.96
0.96
0.96
0.96
0.96
0.95
0.95
0.95
0.95
0.95
0.95
0.95
0.95
0.95
0.95
0.95
0.95
0.95
0.94
0.94
0.94
0.94
0.94
0.94
0.94
0.94
0.94
0.94
0.94
0.94
0.94
0.94
0.94
0.94
0.94
0.94
0.94
0.94
0.94
0.94
0.94
0.94
0.94
0.94
0.94
0.94
0.94
0.94
0.94
0.95
0.95
0.94
0.94
0.94
0.94
0.94
0.94
0.94
0.94
0.94
0.94
0.94
0.94
0.94
0.94
0.94
0.94
0.94
0.94
0.94
0.94
0.94
0.94
0.94
0.94
0.94
0.94
0.94
0.94
0.94
0.94
0.94
0.94
0.94
0.94
0.94
0.94
0.94
0.94
0.94
0.94
0.94
0.94
0.94
0.94
0.94
0.94
PIEZO:
0.00
0.00
0.00
0.00
0.00
0.00
0.00
0.00
0.00
0.00
0.00
0.00
0.00
0.00
0.00
0.00
0.00
0.00
0.00
0.00
0.00
0.00
0.00
0.00
0.00
0.00
0.00
0.00
0.00
0.00
0.00
0.00
0.00
0.00
0.00
0.00
0.00
0.00
0.00
0.00
0.00
0.00
0.00
0.00
0.00
0.00
0.00
0.00
0.00
0.00
0.00
0.00
0.00
0.00
0.00
0.00
0.00
0.00
0.00
13.00
0.00
12.00
0.00
0.00
5.00
0.00
1.00
3.00
0.00
3.00
0.00
1.00
0.00
0.00
0.00
0.00
0.00
0.00
0.00
0.00
0.00
0.00
0.00
0.00
0.00
0.00
0.00
0.00
0.00
0.00
0.00
0.00
0.00
0.00
0.00
0.00
0.00
0.00
0.00
0.00
0.00
0.00
0.00
0.00
0.00
0.00
0.00
0.00
0.00
0.00
0.00
0.00
0.00
0.00
0.00
0.00
0.00
0.00
0.00
0.00
0.00
0.00
0.00
0.00
0.00
0.00
0.00
0.00
0.00
0.00
0.00
0.00
0.00
0.00
0.00
0.00
0.00
0.00
0.00
0.00
0.00
0.00
0.00
0.00
0.00
0.00
0.00
0.00
0.00
0.00
2.00
3.00
0.00
0.00
0.00
0.00
0.00
0.00
0.00
0.00
0.00
0.00
0.00
0.00
0.00
0.00
0.00
0.00
0.00
0.00
0.00
0.00
0.00
0.00
0.00
0.00
0.00
0.00
0.00
0.00
0.00
0.00
0.00
0.00
0.00
0.00
0.00
0.00
0.00
0.00
0.00
0.00
0.00
0.00
0.00
0.00
0.00
0.00
0.00
0.00
0.00
0.00
0.00
0.00
0.00
0.00
0.00
0.00
0.00
0.00
0.00
0.00
0.00
0.00
0.00
0.00
0.00
0.00
0.00
0.00
0.00
0.00
0.00
0.00
0.00
0.00
0.00
0.00
0.00
0.00
0.00
0.00
0.00
0.00
0.00
0.00
0.00
0.00
0.00
0.00
0.00
0.00
0.00
0.00
0.00
0.00
0.00
0.00
0.00
0.00
0.00
0.00
0.00
0.00
0.00
0.00
0.00
0.00
0.00
0.00
0.00
0.00
0.00
0.00
0.00
0.00
0.00
0.00
0.00
0.00
0.00
0.00
0.00
0.00
0.00
0.00
0.00
0.00
0.00
0.00
0.00
0.00
0.00
0.00
0.00
0.00
0.00
0.00
0.00
0.00
0.00
0.00
0.00
0.00
0.00
0.00
0.00
0.00
0.00
0.00
0.00
0.00
0.00
0.00
0.00
0.00
0.00
0.00
0.00
0.00
0.00
0.00
0.00
0.00
0.00
0.00
0.00
0.00
0.00
0.00
0.00
0.00
0.00
0.00
0.00
0.00
0.00
0.00
0.00
0.00
0.00
0.00
0.00
0.00
0.00
0.00
0.00
0.00
0.00
0.00
0.00
0.00
0.00
0.00
0.00
0.00
0.00
0.00
0.00
0.00
PROXIMITY:
0
0
0
0
0
0
0
0
0
0
0
0
0
0
0
0
0
0
0
0
0
0
0
0
0
0
0
0
0
0
0
0
0
0
0
0
0
0
0
0
0
0
0
0
0
0
0
0
0
0
0
0
0
0
0
0
0
0
0
0
0
248
248
199
199
204
204
191
191
212
212
189
189
202
202
211
211
196
196
204
204
211
211
208
208
209
209
209
209
210
210
212
212
214
214
218
218
218
218
217
217
220
220
220
220
221
221
220
220
220
220
220
220
218
218
217
217
217
217
217
217
215
215
215
215
216
216
215
215
213
213
211
211
212
212
209
209
208
208
209
209
210
210
210
210
210
210
208
208
63
63
43
43
37
37
64
64
57
57
73
73
69
69
138
138
171
171
167
167
172
172
171
171
171
171
173
173
173
173
172
172
177
177
180
180
183
183
182
182
182
182
182
182
183
183
183
183
183
183
183
183
181
181
178
178
178
178
179
179
174
174
174
174
171
171
167
167
168
168
167
167
166
166
158
158
154
154
148
148
149
149
145
145
150
150
151
151
149
149
153
153
155
155
156
156
156
156
156
156
155
155
157
157
156
156
157
157
162
162
159
159
159
159
155
155
155
155
160
160
158
158
157
157
157
157
156
156
158
158
158
158
160
160
158
158
159
159
156
156
157
157
158
158
160
160
158
158
157
157
158
158
156
156
158
158
153
153
158
158
157
157
158
158
157
157
159
159
160
160
155
155
157
157
157
157
155
155
158
158
155
155
157
157
155
155
157
157
156
156
158
158
157
157
158
158
154
154
155
155
158
