PIEZO:
1.00
0.00
0.00
0.00
2.00
0.00
1.00
0.00
0.00
0.00
22.00
7.00
0.00
3.00
16.00
9.00
0.00
9.00
28.00
2.00
3.00
0.00
0.00
6.00
2.00
1.00
30.00
0.00
0.00
0.00
30.00
0.00
0.00
0.00
0.00
0.00
0.00
0.00
0.00
1.00
0.00
1.00
12.00
23.00
2.00
0.00
0.00
6.00
4.00
0.00
0.00
0.00
0.00
0.00
13.00
0.00
0.00
0.00
0.00
27.00
2.00
30.00
0.00
0.00
0.00
3.00
2.00
2.00
0.00
1.00
8.00
44.00
0.00
0.00
18.00
9.00
3.00
0.00
0.00
0.00
3.00
0.00
0.00
0.00
3.00
0.00
1.00
1.00
6.00
0.00
25.00
6.00
0.00
0.00
0.00
0.00
1023.00
51.00
639.00
227.00
0.00
0.00
506.00
185.00
0.00
0.00
68.00
137.00
0.00
4.00
0.00
0.00
0.00
54.00
41.00
102.00
172.00
194.00
139.00
72.00
0.00
0.00
0.00
0.00
0.00
0.00
0.00
0.00
0.00
42.00
53.00
35.00
26.00
29.00
27.00
35.00
33.00
35.00
45.00
49.00
38.00
32.00
1.00
0.00
0.00
0.00
0.00
1.00
0.00
0.00
0.00
0.00
2.00
1.00
0.00
2.00
0.00
0.00
2.00
4.00
6.00
5.00
5.00
0.00
0.00
3.00
0.00
0.00
0.00
0.00
0.00
0.00
24.00
0.00
0.00
4.00
9.00
7.00
22.00
8.00
8.00
7.00
0.00
0.00
0.00
10.00
34.00
28.00
23.00
24.00
24.00
4.00
0.00
0.00
0.00
0.00
0.00
2.00
54.00
142.00
69.00
0.00
0.00
0.00
0.00
0.00
0.00
0.00
0.00
16.00
37.00
35.00
23.00
20.00
7.00
0.00
0.00
0.00
0.00
4.00
15.00
16.00
10.00
13.00
6.00
6.00
0.00
32.00
0.00
0.00
0.00
0.00
0.00
9.00
6.00
7.00
0.00
0.00
0.00
6.00
0.00
0.00
11.00
0.00
0.00
1.00
1.00
0.00
5.00
7.00
4.00
0.00
0.00
0.00
0.00
0.00
0.00
0.00
0.00
0.00
2.00
2.00
11.00
11.00
9.00
11.00
13.00
7.00
8.00
3.00
5.00
0.00
0.00
0.00
0.00
0.00
0.00
0.00
0.00
0.00
5.00
1.00
1.00
2.00
9.00
2.00
0.00
0.00
0.00
2.00
6.00
0.00
0.00
18.00
5.00
4.00
0.00
5.00
2.00
0.00
0.00
0.00
0.00
0.00
10.00
3.00
2.00
0.00
4.00
2.00
2.00
0.00
0.00
8.00
1.00
0.00
0.00
0.00
15.00
6.00
16.00
0.00
1.00
4.00
0.00
0.00
0.00
1.00
4.00
20.00
7.00
0.00
0.00
4.00
2.00
3.00
0.00
0.00
0.00
0.00
1.00
0.00
0.00
0.00
4.00
2.00
2.00
0.00
9.00
0.00
3.00
0.00
0.00
0.00
2.00
5.00
0.00
2.00
0.00
0.00
1.00
2.00
3.00
7.00
3.00
7.00
0.00
0.00
0.00
13.00
0.00
0.00
0.00
0.00
2.00
2.00
2.00
0.00
1.00
0.00
3.00
12.00
0.00
3.00
0.00
0.00
0.00
8.00
2.00
8.00
6.00
0.00
0.00
1.00
0.00
1.00
3.00
0.00
0.00
1.00
0.00
0.00
0.00
3.00
1.00
0.00
0.00
1.00
0.00
29.00
9.00
0.00
0.00
0.00
6.00
0.00
0.00
1.00
0.00
7.00
2.00
0.00
0.00
0.00
0.00
1.00
11.00
2.00
1.00
1.00
7.00
0.00
0.00
0.00
0.00
3.00
0.00
1.00
2.00
1.00
0.00
0.00
0.00
7.00
1.00
1.00
16.00
0.00
0.00
0.00
0.00
1.00
5.00
4.00
5.00
2.00
0.00
0.00
14.00
6.00
3.00
0.00
6.00
6.00
6.00
3.00
2.00
7.00
0.00
2.00
2.00
0.00
0.00
0.00
0.00
9.00
0.00
2.00
0.00
5.00
2.00
0.00
5.00
0.00
1.00
4.00
0.00
0.00
1.00
5.00
2.00
0.00
14.00
0.00
0.00
1.00
0.00
15.00
0.00
0.00
