P_X:
0
0
0
0
0
0
0
0
0
0
0
0
0
0
0
0
0
0
0
0
0
0
0
0
0
0
0
0
0
0
0
0
0
0
0
0
0
0
0
0
0
0
0
0
0
0
0
0
0
0
0
0
0
0
0
0
0
0
0
0
0
0
0
0
0
0
0
0
0
0
0
0
0
0
0
0
0
0
0
0
0
0
0
0
0
0
0
0
0
0
0
0
0
0
0
0
0
0
0
0
0
0
0
0
0
0
0
0
0
0
0
0
0
0
0
0
0
0
0
0
0
0
0
0
0
0
0
0
0
0
0
0
0
0
0
0
0
0
0
0
0
0
0
0
0
0
0
0
0
0
0
0
0
0
0
0
0
0
0
0
0
0
0
0
0
0
0
0
0
0
0
0
0
0
0
0
0
0
0
0
0
0
0
0
0
0
0
0
0
0
0
0
0
0
0
0
0
0
0
0
0
0
0
0
0
0
0
0
0
0
0
0
0
0
0
0
0
0
0
0
0
0
0
0
0
0
0
0
0
0
0
0
0
0
0
0
0
0
0
0
0
0
0
0
0
0
0
0
0
0
0
0
0
0
0
0
0
0
0
0
0
0
0
0
0
0
0
0
0
0
0
0
0
0
0
0
0
0
0
0
0
0
0
0
0
0
0
0
0
0
0
0
0
0
0
0
0
0
0
0
0
0
0
0
0
0
0
0
0
0
0
0
0
0
0
0
0
0
0
0
0
0
0
0
0
0
0
0
0
0
0
0
0
0
0
0
0
0
0
0
0
0
0
0
0
0
0
0
0
0
0
0
0
0
0
0
0
0
0
0
0
0
0
0
0
0
0
0
0
0
0
0
0
0
0
0
0
0
0
0
0
0
0
0
0
0
0
0
0
0
0
0
0
0
0
0
0
0
0
0
0
0
0
0
0
0
0
0
0
0
0
0
0
0
0
0
0
0
0
0
0
0
0
0
0
0
0
0
0
0
0
0
0
0
0
0
0
0
0
0
0
0
0
0
0
0
0
0
0
0
0
0
0
0
0
0
0
0
0
0
0
0
0
0
0
0
0
0
0
0
0
0
0
0
0
0
0
0
0
0
0
0
0
0
0
0
0
0
0
0
0
0
0
0
0
0
0
0
0
0
0
0
0
0
0
0
0
0
0
0
0
0
0
0
0
0
0
0
0
0
0
0
0
0
0
0
0
0
0
0
0
0
0
0
0
0
0
0
0
0
0
0
0
0
0
0
0
0
0
0
0
0
0
0
0
0
0
0
0
0
0
0
0
0
0
0
0
0
0
0
0
0
0
0
0
0
0
0
0
0
0
0
0
0
0
0
0
0
0
0
0
0
0
0
0
0
0
0
0
0
0
0
0
0
0
0
0
0
0
0
0
0
0
0
0
0
0
0
0
0
0
0
0
0
0
0
0
0
0
0
0
0
0
0
0
0
0
0
0
0
0
0
0
0
0
0
0
0
0
0
0
0
0
0
0
0
0
0
0
0
0
0
0
0
0
0
0
0
0
0
0
0
0
0
0
0
0
0
0
0
0
0
0
0
0
0
0
0
0
0
0
0
0
0
0
0
0
0
0
0
ACC_X:
0.08
0.08
0.08
0.03
-0.01
-0.01
0.04
0.04
0.08
0.08
0.10
0.13
0.13
0.16
0.16
0.18
0.18
0.19
0.22
0.22
0.29
0.29
0.36
0.36
0.35
0.34
0.34
0.41
0.41
0.43
0.43
0.37
0.37
0.37
0.28
0.28
0.26
0.26
0.26
0.26
0.26
0.25
0.25
0.21
0.21
0.17
0.17
0.15
0.09
0.09
0.01
0.01
0.02
0.02
0.06
0.11
0.11
0.15
0.15
0.18
0.18
0.20
0.21
0.21
0.22
0.22
0.20
0.20
0.19
0.20
0.20
0.22
0.22
0.26
0.26
0.30
0.32
0.32
0.34
0.34
0.34
0.34
0.34
0.33
0.33
0.32
0.32
0.32
0.32
0.32
0.32
0.32
0.33
0.33
0.33
0.33
0.32
0.32
0.31
0.28
0.28
0.25
0.25
0.22
0.22
0.20
0.18
0.18
0.19
0.19
0.20
0.20
0.19
0.19
0.19
0.18
0.18
0.17
0.17
0.15
0.15
0.15
0.14
0.14
0.14
0.14
0.16
0.17
0.17
0.18
0.18
0.19
0.19
0.21
0.21
0.21
0.22
0.22
0.22
0.22
0.22
0.22
0.22
0.25
0.25
0.28
0.28
0.29
0.29
0.29
0.31
0.31
0.31
0.31
0.30
0.30
0.29
0.27
0.27
0.26
0.26
0.25
0.25
0.24
0.24
0.24
0.24
0.24
0.24
0.24
0.23
0.23
0.23
0.22
0.22
0.21
0.21
0.21
0.21
0.21
0.21
0.21
0.22
0.22
0.22
0.22
0.22
0.23
0.23
0.24
0.24
0.24
0.25
0.25
0.26
0.26
0.27
0.27
0.28
0.28
0.28
0.29
0.29
0.30
0.30
0.31
0.31
0.31
0.31
0.31
0.31
0.31
0.31
0.31
0.31
0.31
0.31
0.30
0.30
0.30
0.30
0.29
0.29
0.29
0.28
0.28
0.28
0.28
0.27
0.27
0.27
0.27
0.27
0.26
0.26
0.26
0.26
0.26
0.26
0.26
0.25
0.25
0.25
0.25
0.25
0.24
0.24
0.23
0.23
0.23
0.23
0.23
0.23
0.23
0.22
0.22
0.22
0.22
0.22
0.23
0.23
0.23
0.23
0.24
0.24
0.24
0.24
0.24
0.25
0.25
0.26
0.26
0.27
0.27
0.27
0.28
0.28
0.28
0.28
0.29
0.29
0.29
0.30
0.30
0.30
0.30
0.30
0.30
0.30
0.30
0.30
0.30
0.30
0.30
0.30
0.30
0.29
0.29
0.29
0.29
0.29
0.28
0.28
0.28
0.28
0.28
0.28
0.27
0.26
0.26
0.26
0.26
0.25
0.25
0.25
0.25
0.25
0.24
0.24
0.24
0.24
0.24
0.24
0.23
0.23
0.23
0.23
0.23
0.23
0.23
0.24
0.24
0.24
0.21
0.21
0.20
0.20
0.23
0.23
0.23
0.22
0.22
0.23
0.23
0.24
0.24
0.24
0.25
0.25
0.25
0.25
0.25
0.26
0.26
0.27
0.27
0.26
0.26
0.27
0.27
0.27
0.27
0.27
0.27
0.27
0.27
0.27
0.27
0.26
0.26
0.25
0.25
0.25
0.25
0.24
0.24
0.24
0.24
0.24
0.24
0.24
0.23
0.23
0.23
0.23
0.23
0.23
0.23
0.23
0.23
0.23
0.23
0.23
0.24
0.24
0.25
0.25
0.25
0.26
0.26
0.26
0.26
0.26
0.26
0.26
0.26
0.26
0.26
0.26
0.26
0.26
0.26
0.26
0.26
0.26
0.26
0.25
0.25
0.25
0.25
0.25
0.25
0.25
0.24
0.23
0.23
0.23
0.23
0.22
0.22
0.22
0.22
0.22
0.22
0.22
0.21
0.21
0.20
0.20
0.20
0.19
0.19
0.17
0.17
0.17
0.17
0.17
0.15
0.15
0.14
0.14
0.13
0.13
0.13
0.13
0.13
0.12
0.12
0.12
0.12
0.13
0.14
0.14
0.15
0.15
0.15
0.15
0.15
0.16
0.16
0.16
0.16
0.17
0.17
0.17
0.18
0.18
0.19
0.19
0.20
0.20
0.21
0.21
0.21
0.21
0.21
0.21
0.21
0.21
0.21
0.21
0.20
0.20
0.20
0.20
0.20
0.20
0.19
0.19
0.19
0.18
0.18
0.17
0.17
0.16
0.15
0.15
0.15
0.15
0.14
0.14
0.13
0.12
0.12
0.11
0.11
0.11
0.11
0.11
0.10
0.10
0.10
0.10
0.09
0.09
0.10
0.10
0.10
0.11
0.11
0.11
0.11
0.11
0.11
0.11
0.12
0.12
0.12
0.12
0.13
0.14
0.14
0.14
0.14
0.15
0.15
0.16
0.17
0.17
0.18
0.18
0.19
0.19
0.20
0.20
0.20
0.20
0.20
0.20
0.20
0.19
0.19
0.19
0.20
0.20
0.20
0.20
0.20
0.20
0.20
0.20
0.20
0.20
0.20
0.19
0.19
0.19
0.18
0.18
0.17
0.17
0.16
0.16
0.16
0.15
0.15
0.15
0.15
0.14
0.14
0.13
0.13
0.13
0.12
0.12
0.12
0.12
0.12
0.11
0.11
0.11
0.11
0.11
0.11
0.11
0.12
0.12
0.12
0.12
0.12
0.12
0.13
0.13
0.13
0.14
0.14
0.14
0.14
0.15
0.15
0.16
0.17
0.17
0.17
0.17
0.18
0.18
0.18
0.19
0.19
0.19
0.19
0.19
0.19
0.19
0.19
0.19
0.18
0.18
0.18
0.18
0.18
0.17
0.17
0.17
0.17
0.16
0.16
0.15
0.14
0.14
0.13
0.13
0.12
0.12
0.11
0.11
0.11
0.11
0.11
0.11
0.11
0.10
0.10
0.10
0.10
0.10
0.10
0.10
0.10
0.10
0.10
0.09
0.09
0.10
0.10
0.10
0.10
0.10
0.10
0.10
0.11
0.11
0.11
0.11
0.12
0.12
0.12
0.12
0.12
0.13
0.13
0.14
0.14
0.14
0.15
0.15
0.16
0.16
0.17
0.18
ACC_Y:
0.07
0.09
0.09
0.04
0.05
0.05
0.13
0.13
0.17
0.17
0.19
0.22
0.22
0.22
0.22
0.21
0.21
0.21
0.19
0.19
0.17
0.17
0.15
0.15
0.12
0.11
0.11
0.11
0.11
0.05
0.05
0.01
0.01
0.01
0.08
0.08
0.09
0.09
0.09
0.09
0.08
0.06
0.06
0.06
0.06
0.11
0.11
0.17
0.18
0.18
0.16
0.16
0.13
0.13
0.11
0.07
0.07
0.04
0.04
0.04
0.04
0.06
0.06
0.06
0.04
0.04
0.02
0.02
0.01
0.03
0.03
0.06
0.06
0.08
0.08
0.08
0.07
0.07
0.06
0.06
0.06
0.06
0.08
0.11
0.11
0.12
0.12
0.12
0.12
0.10
0.10
0.10
0.08
0.08
0.08
0.08
0.09
0.09
0.09
0.08
0.08
0.07
0.07
0.07
0.07
0.08
0.08
0.08
0.08
0.08
0.08
0.08
0.10
0.10
0.10
0.10
0.10
0.10
0.10
0.11
0.11
0.11
0.12
0.12
0.12
0.12
0.12
0.12
0.12
0.12
0.12
0.13
0.13
0.13
0.14
0.14
0.14
0.14
0.15
0.15
0.14
0.14
0.14
0.14
0.14
0.15
0.15
0.15
0.15
0.15
0.15
0.15
0.14
0.14
0.14
0.14
0.13
0.12
0.12
0.11
0.11
0.11
0.11
0.11
0.11
0.11
0.11
0.11
0.11
0.11
0.11
0.11
0.11
0.11
0.11
0.12
0.12
0.12
0.13
0.13
0.13
0.13
0.14
0.14
0.14
0.14
0.14
0.15
0.15
0.15
0.15
0.15
0.15
0.15
0.15
0.15
0.14
0.14
0.14
0.14
0.14
0.14
0.14
0.14
0.14
0.13
0.13
0.12
0.12
0.12
0.11
0.11
0.11
0.11
0.10
0.10
0.10
0.10
0.10
0.09
0.09
0.09
0.08
0.08
0.08
0.08
0.08
0.08
0.08
0.08
0.08
0.08
0.08
0.08
0.08
0.08
0.09
0.09
0.09
0.09
0.09
0.09
0.09
0.10
0.10
0.10
0.10
0.11
0.11
0.12
0.12
0.12
0.13
0.13
0.13
0.13
0.14
0.14
0.14
0.15
0.15
0.15
0.15
0.15
0.15
0.16
0.16
0.16
0.15
0.15
0.14
0.14
0.14
0.15
0.15
0.15
0.15
0.14
0.14
0.14
0.13
0.13
0.12
0.12
0.12
0.12
0.11
0.11
0.11
0.11
0.11
0.10
0.10
0.10
0.09
0.09
0.09
0.09
0.09
0.09
0.09
0.09
0.09
0.09
0.09
0.09
0.09
0.09
0.09
0.09
0.10
0.10
0.10
0.10
0.10
0.10
0.10
0.11
0.11
0.12
0.12
0.12
0.12
0.13
0.13
0.13
0.14
0.14
0.14
0.14
0.14
0.15
0.15
0.15
0.15
0.14
0.14
0.14
0.14
0.14
0.15
0.15
0.15
0.15
0.14
0.14
0.14
0.13
0.13
0.13
0.13
0.12
0.12
0.12
0.12
0.12
0.11
0.11
0.10
0.09
0.09
0.08
0.08
0.08
0.08
0.08
0.08
0.08
0.07
0.07
0.07
0.07
0.06
0.06
0.05
0.05
0.05
0.05
0.05
0.05
0.05
0.04
0.04
0.04
0.04
0.04
0.04
0.04
0.05
0.05
0.05
0.07
0.07
0.07
0.07
0.08
0.08
0.08
0.08
0.08
0.08
0.08
0.09
0.10
0.10
0.10
0.10
0.10
0.10
0.10
0.10
0.10
0.10
0.10
0.10
0.10
0.10
0.09
0.09
0.09
0.09
0.08
0.08
0.08
0.07
0.07
0.07
0.07
0.06
0.06
0.05
0.05
0.05
0.04
0.04
0.04
0.04
0.03
0.03
0.02
0.02
0.02
0.02
0.02
0.02
0.02
0.03
0.05
0.05
0.05
0.05
0.05
0.05
0.05
0.05
0.05
0.06
0.06
0.07
0.07
0.09
0.09
0.09
0.09
0.09
0.09
0.09
0.09
0.09
0.09
0.09
0.09
0.10
0.10
0.10
0.10
0.10
0.10
0.10
0.10
0.10
0.11
0.12
0.12
0.12
0.12
0.12
0.12
0.12
0.12
0.12
0.12
0.12
0.12
0.12
0.12
0.12
0.12
0.13
0.13
0.12
0.12
0.13
0.13
0.13
0.13
0.13
0.13
0.13
0.13
0.13
0.13
0.13
0.13
0.13
0.13
0.12
0.12
0.13
0.14
0.14
0.16
0.16
0.15
0.15
0.14
0.13
0.13
0.13
0.13
0.13
0.13
0.13
0.13
0.13
0.13
0.13
0.13
0.13
0.12
0.12
0.12
0.12
0.12
0.12
0.12
0.13
0.13
0.13
0.13
0.13
0.13
0.13
0.13
0.13
0.13
0.12
0.12
0.12
0.12
0.12
0.12
0.12
0.12
0.12
0.13
0.13
0.13
0.13
0.13
0.13
0.13
0.14
0.14
0.14
0.14
0.14
0.14
0.14
0.15
0.15
0.15
0.15
0.15
0.15
0.15
0.15
0.15
0.15
0.15
0.14
0.14
0.14
0.14
0.14
0.13
0.13
0.13
0.12
0.12
0.12
0.12
0.11
0.11
0.11
0.10
0.10
0.10
0.10
0.10
0.10
0.10
0.10
0.10
0.10
0.10
0.10
0.10
0.11
0.11
0.11
0.11
0.11
0.12
0.12
0.12
0.12
0.12
0.11
0.11
0.11
0.11
0.11
0.11
0.11
0.11
0.11
0.11
0.11
0.10
0.10
0.10
0.10
0.10
0.10
0.10
0.09
0.09
0.09
0.08
0.08
0.08
0.08
0.08
0.08
0.08
0.08
0.08
0.08
0.08
0.08
0.08
0.09
0.09
0.09
0.09
0.09
0.09
0.09
0.09
0.09
0.09
0.09
0.09
0.10
0.10
0.10
0.10
0.10
0.10
0.10
0.10
0.10
0.10
0.10
0.10
0.11
0.11
0.11
0.11
0.10
0.10
0.10
0.10
0.10
0.10
0.10
0.10
0.10
0.09
0.09
ACC_Z:
0.97
0.99
0.99
0.96
0.96
0.96
0.98
0.98
0.97
0.97
0.99
1.03
1.03
0.98
0.98
0.92
0.92
0.93
0.92
0.92
0.91
0.91
0.88
0.88
0.76
0.80
0.80
0.99
0.99
1.06
1.06
1.09
1.09
1.09
1.15
1.15
1.15
1.15
1.12
1.12
1.02
0.97
0.97
0.99
0.99
1.06
1.06
1.09
1.14
1.14
1.16
1.16
1.14
1.14
1.10
1.04
1.04
0.97
0.97
0.92
0.92
0.90
0.89
0.89
0.92
0.92
0.96
0.96
1.01
1.02
1.02
1.04
1.04
1.06
1.06
1.05
1.03
1.03
1.03
1.03
1.04
1.04
1.04
1.05
1.05
1.07
1.07
1.08
1.08
1.08
1.08
1.08
1.07
1.07
1.08
1.08
1.08
1.08
1.08
1.10
1.10
1.12
1.12
1.14
1.14
1.17
1.19
1.19
1.19
1.19
1.16
1.16
1.12
1.07
1.07
1.05
1.05
1.01
1.01
0.98
0.95
0.95
0.93
0.93
0.91
0.91
0.89
0.87
0.87
0.87
0.87
0.86
0.86
0.85
0.86
0.86
0.87
0.87
0.87
0.87
0.87
0.88
0.88
0.89
0.89
0.90
0.90
0.91
0.91
0.91
0.92
0.92
0.92
0.92
0.91
0.91
0.90
0.88
0.88
0.86
0.86
0.86
0.86
0.86
0.87
0.87
0.88
0.88
0.89
0.89
0.91
0.92
0.92
0.93
0.93
0.95
0.95
0.97
0.99
0.99
1.01
1.01
1.03
1.03
1.04
1.05
1.05
1.05
1.05
1.05
1.05
1.04
1.04
1.04
1.03
1.03
1.02
1.02
1.01
1.00
1.00
1.00
1.00
0.99
0.99
0.98
0.98
0.97
0.96
0.96
0.96
0.96
0.95
0.95
0.95
0.94
0.94
0.92
0.92
0.91
0.91
0.90
0.89
0.89
0.89
0.89
0.89
0.89
0.89
0.89
0.89
0.90
0.90
0.92
0.92
0.94
0.95
0.95
0.95
0.95
0.96
0.96
0.96
0.96
0.96
0.95
0.95
0.95
0.95
0.95
0.94
0.94
0.94
0.94
0.95
0.95
0.96
0.96
0.96
0.96
0.96
0.97
0.97
0.97
0.97
0.98
0.98
0.98
0.99
0.99
0.99
0.99
0.99
0.99
0.99
1.00
1.00
1.00
1.00
0.99
0.99
0.99
0.99
0.99
0.99
0.99
0.98
0.97
0.97
0.97
0.97
0.98
0.98
0.97
0.98
0.98
0.98
0.98
0.98
0.98
0.98
0.98
0.98
0.99
0.99
1.00
1.00
1.02
1.03
1.03
1.03
1.03
1.04
1.04
1.05
1.05
1.05
1.04
1.04
1.02
1.02
1.02
1.02
1.01
1.01
1.01
1.02
1.02
1.01
1.01
0.98
1.00
1.00
1.01
1.01
0.96
0.96
0.94
0.94
0.94
0.92
0.92
0.90
0.90
0.91
0.92
0.92
0.92
0.92
0.92
0.92
0.94
0.96
0.96
0.95
0.95
0.94
0.94
0.96
0.95
0.95
0.93
0.93
0.93
0.93
0.94
0.93
0.93
0.93
0.93
0.93
0.93
0.94
0.94
0.94
0.94
0.94
0.95
0.95
0.97
0.97
0.98
0.98
0.98
1.00
1.00
1.01
1.01
1.03
1.05
1.05
1.05
1.05
1.04
1.04
1.02
1.02
1.02
1.01
1.01
0.99
0.99
0.97
0.96
0.96
0.95
0.95
0.93
0.93
0.92
0.91
0.91
0.90
0.90
0.89
0.89
0.90
0.90
0.90
0.89
0.89
0.89
0.89
0.89
0.89
0.89
0.89
0.89
0.90
0.90
0.92
0.92
0.94
0.97
0.97
1.00
1.00
1.03
1.03
1.05
1.07
1.07
1.09
1.09
1.10
1.10
1.11
1.12
1.12
1.12
1.12
1.10
1.10
1.10
1.10
1.10
1.09
1.09
1.08
1.08
1.08
1.07
1.07
1.04
1.04
1.01
1.01
0.99
0.98
0.98
0.97
0.97
0.97
0.97
0.97
0.98
0.98
0.98
0.98
0.99
0.99
0.99
0.99
0.99
1.00
1.00
1.00
1.00
1.01
1.01
1.01
1.01
1.01
1.01
1.01
1.02
1.02
1.02
1.03
1.03
1.03
1.03
1.04
1.04
1.04
1.03
1.03
1.03
1.03
1.02
1.02
1.01
1.00
1.00
1.01
1.01
1.01
1.01
1.02
1.03
1.03
1.04
1.04
1.04
1.04
1.03
1.02
1.02
1.00
1.00
0.98
0.98
0.96
0.94
0.94
0.93
0.93
0.92
0.92
0.92
0.92
0.92
0.93
0.93
0.94
0.94
0.95
0.97
0.97
0.99
0.99
0.99
0.99
0.99
0.99
0.97
0.95
0.95
0.93
0.93
0.92
0.92
0.93
0.95
0.95
0.97
0.97
1.00
1.00
1.03
1.06
1.06
1.08
1.08
1.10
1.10
1.11
1.12
1.12
1.12
1.12
1.12
1.12
1.12
1.11
1.11
1.11
1.11
1.09
1.09
1.06
1.04
1.04
1.01
1.01
0.99
0.99
0.96
0.94
0.94
0.92
0.92
0.91
0.91
0.89
0.87
0.87
0.87
0.87
0.86
0.86
0.85
0.85
0.85
0.85
0.85
0.86
0.86
0.89
0.89
0.92
0.95
0.95
0.98
0.98
1.00
1.00
1.03
1.05
1.05
1.06
1.06
1.07
1.07
1.09
1.11
1.11
1.13
1.13
1.14
1.14
1.15
1.15
1.15
1.12
1.12
1.09
1.09
1.06
1.02
1.02
0.99
0.99
0.97
0.97
0.95
0.94
0.94
0.93
0.93
0.93
0.93
0.92
0.92
0.91
0.91
0.91
0.90
0.90
0.90
0.90
0.90
0.90
0.90
0.91
0.91
0.92
0.92
0.93
0.94
0.94
0.95
0.95
0.97
0.97
0.98
0.99
0.99
1.01
1.01
1.02
1.02
1.04
1.06
1.06
1.08
1.08
1.09
1.09
1.10
1.11
