PIEZO:
0.00
0.00
0.00
31.00
14.00
0.00
0.00
0.00
20.00
14.00
0.00
0.00
0.00
18.00
14.00
0.00
0.00
2.00
6.00
32.00
4.00
5.00
1.00
29.00
11.00
0.00
0.00
12.00
17.00
12.00
3.00
0.00
0.00
8.00
12.00
8.00
0.00
0.00
10.00
21.00
8.00
4.00
15.00
15.00
1.00
0.00
0.00
1.00
6.00
13.00
0.00
0.00
0.00
5.00
16.00
0.00
0.00
0.00
14.00
12.00
0.00
0.00
0.00
8.00
13.00
2.00
0.00
0.00
6.00
26.00
0.00
0.00
0.00
9.00
10.00
0.00
0.00
0.00
9.00
13.00
0.00
0.00
0.00
6.00
39.00
2.00
0.00
0.00
15.00
20.00
0.00
4.00
0.00
13.00
15.00
0.00
23.00
0.00
20.00
0.00
45.00
0.00
0.00
1023.00
1023.00
969.00
42.00
1023.00
1023.00
646.00
0.00
406.00
1023.00
1023.00
0.00
0.00
0.00
0.00
839.00
1023.00
674.00
0.00
0.00
0.00
0.00
232.00
589.00
181.00
239.00
501.00
355.00
276.00
311.00
166.00
0.00
0.00
174.00
198.00
90.00
0.00
0.00
0.00
0.00
0.00
0.00
0.00
0.00
0.00
5.00
30.00
5.00
0.00
0.00
31.00
76.00
107.00
105.00
81.00
75.00
64.00
44.00
19.00
18.00
32.00
29.00
0.00
0.00
0.00
0.00
0.00
0.00
0.00
0.00
0.00
0.00
0.00
0.00
41.00
55.00
70.00
66.00
4.00
277.00
0.00
81.00
158.00
0.00
0.00
146.00
23.00
0.00
1.00
0.00
64.00
39.00
9.00
87.00
42.00
0.00
0.00
0.00
0.00
0.00
47.00
70.00
75.00
95.00
89.00
83.00
82.00
91.00
82.00
74.00
80.00
77.00
48.00
12.00
0.00
1.00
0.00
7.00
0.00
0.00
0.00
0.00
0.00
0.00
0.00
0.00
6.00
16.00
5.00
3.00
11.00
1.00
0.00
0.00
0.00
15.00
37.00
60.00
74.00
58.00
58.00
58.00
3.00
0.00
0.00
14.00
47.00
10.00
1.00
1.00
5.00
0.00
0.00
17.00
0.00
3.00
13.00
0.00
0.00
1.00
5.00
7.00
0.00
0.00
0.00
44.00
14.00
0.00
0.00
0.00
3.00
0.00
0.00
0.00
0.00
6.00
6.00
0.00
0.00
0.00
0.00
8.00
7.00
0.00
4.00
43.00
28.00
8.00
0.00
2.00
11.00
21.00
6.00
0.00
2.00
32.00
18.00
0.00
30.00
50.00
7.00
0.00
0.00
1.00
9.00
28.00
21.00
15.00
0.00
0.00
11.00
12.00
0.00
0.00
0.00
3.00
18.00
5.00
0.00
0.00
23.00
41.00
9.00
0.00
0.00
19.00
30.00
4.00
2.00
11.00
4.00
23.00
11.00
0.00
13.00
62.00
26.00
8.00
0.00
5.00
22.00
22.00
13.00
0.00
7.00
19.00
20.00
19.00
0.00
0.00
15.00
18.00
6.00
0.00
13.00
4.00
22.00
0.00
0.00
0.00
7.00
8.00
0.00
0.00
0.00
0.00
17.00
0.00
0.00
0.00
3.00
24.00
0.00
0.00
12.00
8.00
17.00
0.00
0.00
0.00
8.00
18.00
5.00
6.00
0.00
39.00
19.00
2.00
1.00
0.00
9.00
10.00
6.00
0.00
42.00
9.00
15.00
0.00
9.00
47.00
0.00
0.00
16.00
0.00
0.00
14.00
30.00
0.00
0.00
0.00
8.00
12.00
9.00
0.00
0.00
9.00
29.00
0.00
0.00
2.00
11.00
12.00
0.00
0.00
0.00
8.00
16.00
0.00
0.00
2.00
8.00
14.00
0.00
0.00
0.00
8.00
13.00
2.00
0.00
0.00
12.00
22.00
5.00
0.00
0.00
18.00
16.00
6.00
0.00
2.00
10.00
29.00
0.00
0.00
0.00
16.00
27.00
4.00
0.00
0.00
5.00
15.00
0.00
0.00
0.00
8.00
15.00
10.00
0.00
7.00
8.00
48.00
25.00
0.00
0.00
66.00
34.00
0.00
0.00
20.00
0.00
4.00
12.00
7.00
0.00
15.00
23.00
0.00
26.00
41.00
5.00
5.00
7.00
0.00
0.00
0.00
26.00
