PIEZO:
0.00
0.00
4.00
3.00
1.00
1.00
2.00
2.00
0.00
7.00
0.00
0.00
0.00
4.00
0.00
1.00
4.00
2.00
0.00
0.00
7.00
9.00
0.00
0.00
0.00
1.00
1.00
0.00
0.00
15.00
20.00
1.00
3.00
0.00
0.00
4.00
0.00
0.00
16.00
0.00
5.00
0.00
0.00
0.00
0.00
3.00
0.00
0.00
0.00
1.00
5.00
1.00
6.00
30.00
2.00
0.00
0.00
10.00
6.00
6.00
0.00
7.00
0.00
3.00
4.00
1.00
10.00
0.00
0.00
3.00
6.00
0.00
0.00
0.00
9.00
0.00
7.00
0.00
0.00
0.00
0.00
0.00
0.00
0.00
23.00
0.00
10.00
0.00
6.00
0.00
0.00
0.00
0.00
0.00
0.00
3.00
1.00
5.00
2.00
0.00
0.00
0.00
0.00
6.00
4.00
0.00
0.00
3.00
0.00
5.00
1.00
1.00
7.00
0.00
0.00
2.00
9.00
8.00
0.00
0.00
1.00
3.00
7.00
0.00
3.00
7.00
1.00
0.00
0.00
0.00
2.00
1.00
7.00
0.00
0.00
2.00
0.00
6.00
2.00
3.00
0.00
1.00
1.00
0.00
8.00
0.00
2.00
13.00
0.00
0.00
0.00
2.00
0.00
0.00
0.00
0.00
8.00
0.00
0.00
0.00
0.00
0.00
0.00
4.00
3.00
1.00
6.00
0.00
3.00
0.00
2.00
2.00
0.00
0.00
4.00
0.00
3.00
0.00
0.00
0.00
0.00
3.00
0.00
0.00
1.00
3.00
0.00
0.00
0.00
0.00
35.00
1.00
13.00
0.00
0.00
11.00
1.00
0.00
1.00
0.00
0.00
6.00
0.00
0.00
15.00
6.00
0.00
2.00
0.00
0.00
1.00
0.00
2.00
0.00
1.00
0.00
0.00
10.00
0.00
4.00
3.00
0.00
10.00
0.00
1.00
1.00
2.00
0.00
0.00
0.00
33.00
0.00
12.00
0.00
0.00
1.00
2.00
0.00
0.00
0.00
5.00
19.00
0.00
2.00
0.00
0.00
1.00
0.00
0.00
0.00
0.00
1.00
0.00
3.00
8.00
1.00
9.00
108.00
3.00
1.00
30.00
8.00
2.00
1.00
0.00
0.00
1.00
0.00
9.00
0.00
215.00
13.00
0.00
39.00
7.00
0.00
0.00
0.00
78.00
2.00
0.00
0.00
17.00
244.00
2.00
0.00
59.00
6.00
4.00
0.00
0.00
0.00
0.00
0.00
0.00
0.00
11.00
3.00
0.00
3.00
0.00
8.00
0.00
0.00
0.00
0.00
6.00
0.00
0.00
0.00
14.00
1.00
0.00
0.00
0.00
0.00
0.00
0.00
37.00
1.00
0.00
0.00
0.00
10.00
1.00
7.00
3.00
0.00
0.00
0.00
6.00
7.00
0.00
0.00
0.00
227.00
10.00
11.00
34.00
7.00
10.00
0.00
0.00
256.00
0.00
0.00
0.00
23.00
273.00
34.00
5.00
57.00
6.00
0.00
0.00
0.00
0.00
0.00
0.00
0.00
22.00
4.00
1.00
14.00
52.00
6.00
0.00
0.00
16.00
80.00
26.00
50.00
22.00
11.00
0.00
0.00
4.00
81.00
4.00
24.00
0.00
0.00
0.00
0.00
11.00
42.00
0.00
0.00
1.00
0.00
20.00
22.00
0.00
0.00
2.00
0.00
0.00
17.00
55.00
9.00
5.00
0.00
6.00
29.00
20.00
6.00
0.00
0.00
0.00
0.00
18.00
39.00
0.00
0.00
0.00
15.00
0.00
16.00
0.00
0.00
5.00
182.00
0.00
9.00
0.00
8.00
1.00
4.00
17.00
68.00
15.00
15.00
0.00
13.00
339.00
0.00
0.00
19.00
11.00
0.00
0.00
10.00
150.00
0.00
0.00
0.00
6.00
263.00
0.00
0.00
45.00
6.00
0.00
0.00
0.00
116.00
8.00
0.00
0.00
8.00
297.00
5.00
0.00
54.00
6.00
1.00
7.00
0.00
109.00
7.00
0.00
0.00
2.00
358.00
4.00
0.00
18.00
14.00
1.00
0.00
0.00
89.00
8.00
0.00
0.00
12.00
361.00
7.00
0.00
36.00
10.00
0.00
0.00
0.00
111.00
5.00
0.00
0.00
4.00
310.00
